Date,Time,Open,High,Low,Close,Volume,OpenInt
2017-09-05,16:00:00,999.17,999.58,998.57,998.81,399521135,0
2017-09-05,17:00:00,998.81,998.99,996.7,996.85,491935223,0
2017-09-05,18:00:00,996.86,997.18,996.04,996.17,341024242,0
2017-09-05,19:00:00,996.16,996.16,991.94,992.39,353809306,0
2017-09-05,20:00:00,992.36,992.36,990.89,992.31,305126695,0
2017-09-05,21:00:00,992.32,993.44,992.29,992.57,325182359,0
2017-09-05,22:00:00,992.58,993.55,992.24,993.09,929754753,0
2017-09-06,16:00:00,993.1,996,993.1,996,320237913,0
2017-09-06,17:00:00,996.02,997.05,996.02,996.32,476097287,0
2017-09-06,18:00:00,996.34,996.44,995.18,995.41,342826171,0
2017-09-06,19:00:00,995.43,995.45,995.03,995.41,285769696,0
2017-09-06,20:00:00,995.41,996.41,995.41,995.88,292805332,0
2017-09-06,21:00:00,995.88,996.27,995.85,996,316783757,0
2017-09-06,22:00:00,996,996.64,995.79,995.89,961629211,0
2017-09-07,16:00:00,995.87,997.1,995.28,995.29,326329543,0
2017-09-07,17:00:00,995.32,996.07,994.36,995.96,487770255,0
2017-09-07,18:00:00,995.96,996.2,994.51,995.07,406212543,0
2017-09-07,19:00:00,995.06,995.87,994.85,995.84,319204289,0
2017-09-07,20:00:00,995.83,995.87,994.78,994.93,293521008,0
2017-09-07,21:00:00,994.94,995.35,994.91,995.21,314444280,0
2017-09-07,22:00:00,995.23,995.62,995.1,995.61,853860128,0
2017-09-08,16:00:00,995.5,995.5,993.1,993.36,320299172,0
2017-09-08,17:00:00,993.41,994.26,993.23,993.88,493296849,0
2017-09-08,18:00:00,993.94,994.73,993.8,994.03,382750442,0
2017-09-08,19:00:00,994.02,994.03,993.03,993.86,306133359,0
2017-09-08,20:00:00,993.85,993.85,992.5,993.03,288712648,0
2017-09-08,21:00:00,993.04,993.83,993.03,993.68,309981066,0
2017-09-08,22:00:00,993.68,994.03,992.86,993.27,893080989,0
2017-09-11,16:00:00,993.28,998.85,993.28,998.51,358761457,0
2017-09-11,17:00:00,998.53,999.32,998.53,999.17,445803011,0
2017-09-11,18:00:00,999.19,1000.21,998.89,1000.16,361871944,0
2017-09-11,19:00:00,1000.18,1000.92,1000.08,1000.68,278053180,0
2017-09-11,20:00:00,1000.67,1000.78,1000.22,1000.23,270249861,0
2017-09-11,21:00:00,1000.24,1000.47,1000.1,1000.13,298734567,0
2017-09-11,22:00:00,1000.13,1000.53,1000.05,1000.23,909334440,0
2017-09-12,16:00:00,1000.29,1002.57,1000.29,1002.57,343370789,0
2017-09-12,17:00:00,1002.57,1003.26,1002.57,1002.74,480120997,0
2017-09-12,18:00:00,1002.73,1004.1,1002.47,1004.08,383190015,0
2017-09-12,19:00:00,1004.09,1004.58,1003.94,1004.58,310275435,0
2017-09-12,20:00:00,1004.58,1005.08,1004.5,1004.5,278142763,0
2017-09-12,21:00:00,1004.5,1004.65,1004.4,1004.53,314078952,0
2017-09-12,22:00:00,1004.53,1004.57,1003.97,1004.23,835100453,0
2017-09-13,16:00:00,1004.18,1005.22,1003.93,1005.2,338884732,0
2017-09-13,17:00:00,1005.22,1005.69,1004.95,1005.48,505688182,0
2017-09-13,18:00:00,1005.48,1005.84,1005.31,1005.72,390123556,0
2017-09-13,19:00:00,1005.72,1006.2,1005.42,1005.97,270478945,0
2017-09-13,20:00:00,1005.98,1006.01,1005.71,1005.86,287174942,0
2017-09-13,21:00:00,1005.85,1006.01,1005.42,1005.95,319443402,0
2017-09-13,22:00:00,1005.95,1006.02,1005.52,1005.98,946977616,0
2017-09-14,16:00:00,1005.93,1005.93,1003.94,1005.14,377826019,0
2017-09-14,17:00:00,1005.18,1006.05,1005.18,1005.96,482354325,0
2017-09-14,18:00:00,1005.97,1006.2,1005.38,1005.54,403526545,0
2017-09-14,19:00:00,1005.55,1005.93,1005.37,1005.37,277370621,0
2017-09-14,20:00:00,1005.36,1005.57,1004.83,1005.46,286359784,0
2017-09-14,21:00:00,1005.44,1005.65,1005.36,1005.55,301235730,0
2017-09-14,22:00:00,1005.56,1005.88,1005.23,1005.78,958398051,0
2017-09-15,16:00:00,1005.82,1006.39,1005.13,1006.02,596365659,0
2017-09-15,17:00:00,1005.99,1005.99,1005.24,1005.54,414397069,0
2017-09-15,18:00:00,1005.55,1006.34,1005.44,1006.34,315259987,0
2017-09-15,19:00:00,1006.34,1006.6,1006.22,1006.52,260519431,0
2017-09-15,20:00:00,1006.52,1006.73,1006.52,1006.69,237389117,0
2017-09-15,21:00:00,1006.66,1007.19,1006.62,1007,295595749,0
2017-09-15,22:00:00,1007,1007.84,1006.99,1007.84,2019783820,0
2017-09-18,16:00:00,1007.91,1011.06,1007.91,1010.81,320758824,0
2017-09-18,17:00:00,1010.8,1011.36,1010.14,1010.14,431045783,0
2017-09-18,18:00:00,1010.16,1010.2,1009.53,1009.65,353138472,0
2017-09-18,19:00:00,1009.67,1010.05,1009.55,1010.03,273531964,0
2017-09-18,20:00:00,1010.03,1010.73,1009.96,1010.67,269010324,0
2017-09-18,21:00:00,1010.67,1010.68,1009.38,1009.7,327959899,0
2017-09-18,22:00:00,1009.69,1010.07,1009.64,1009.85,871408548,0
2017-09-19,16:00:00,1009.96,1010.71,1009.82,1009.94,316929889,0
2017-09-19,17:00:00,1009.91,1010.06,1009.59,1009.77,479355963,0
2017-09-19,18:00:00,1009.76,1009.76,1009.19,1009.38,343878572,0
2017-09-19,19:00:00,1009.38,1009.79,1009.37,1009.75,285265014,0
2017-09-19,20:00:00,1009.74,1010.05,1009.68,1009.84,259608283,0
2017-09-19,21:00:00,1009.84,1010.22,1009.82,1009.92,304049766,0
2017-09-19,22:00:00,1009.92,1010.54,1009.91,1010.5,949070383,0
2017-09-20,16:00:00,1010.62,1012.36,1010.62,1012.36,316788870,0
2017-09-20,17:00:00,1012.37,1012.4,1011.74,1012.35,454971571,0
2017-09-20,18:00:00,1012.35,1013.45,1012.35,1013.37,365570993,0
2017-09-20,19:00:00,1013.38,1014.02,1013.36,1013.98,267177190,0
2017-09-20,20:00:00,1013.98,1014.04,1013.54,1013.78,299614016,0
2017-09-20,21:00:00,1013.76,1013.76,1011.29,1012.59,551081185,0
2017-09-20,22:00:00,1012.58,1012.78,1012.1,1012.69,926400567,0
2017-09-21,16:00:00,1012.71,1012.78,1011.27,1011.69,315454559,0
2017-09-21,17:00:00,1011.69,1012.45,1011.69,1012.14,430238491,0
2017-09-21,18:00:00,1012.13,1012.47,1011.99,1012.15,327663101,0
2017-09-21,19:00:00,1012.14,1012.76,1012.05,1012.56,252615932,0
2017-09-21,20:00:00,1012.57,1012.64,1012.15,1012.35,238590528,0
2017-09-21,21:00:00,1012.36,1012.42,1011.49,1011.86,291291636,0
2017-09-21,22:00:00,1011.88,1012.12,1011.34,1011.38,780133232,0
2017-09-22,16:00:00,1011.29,1012.69,1011.22,1012.58,295165293,0
2017-09-22,17:00:00,1012.59,1013.85,1012.59,1013.5,395148934,0
2017-09-22,18:00:00,1013.5,1013.8,1012.99,1013.14,272576350,0
2017-09-22,19:00:00,1013.12,1013.34,1012.79,1012.9,287900873,0
2017-09-22,20:00:00,1012.9,1013.68,1012.87,1013.67,240105130,0
2017-09-22,21:00:00,1013.67,1013.73,1013.36,1013.36,267799927,0
2017-09-22,22:00:00,1013.37,1014.07,1013.35,1014.05,799836208,0
2017-09-25,16:00:00,1014.02,1015.5,1013.78,1015.34,341497461,0
2017-09-25,17:00:00,1015.35,1016.11,1014.31,1014.31,469697426,0
2017-09-25,18:00:00,1014.3,1014.3,1013.17,1013.4,395769161,0
2017-09-25,19:00:00,1013.4,1014.03,1012.46,1013.99,293410342,0
2017-09-25,20:00:00,1013.97,1014.37,1013.78,1014.37,252743713,0
2017-09-25,21:00:00,1014.36,1014.84,1014.25,1014.59,307970299,0
2017-09-25,22:00:00,1014.59,1014.95,1014.46,1014.78,897280310,0
2017-09-26,16:00:00,1014.85,1016.24,1014.85,1015.9,317308863,0
2017-09-26,17:00:00,1015.93,1016.53,1015.82,1016.11,421610271,0
2017-09-26,18:00:00,1016.12,1016.45,1016.07,1016.41,356071005,0
2017-09-26,19:00:00,1016.41,1016.75,1016.19,1016.4,282277482,0
2017-09-26,20:00:00,1016.4,1017.66,1016.26,1017.62,261889855,0
2017-09-26,21:00:00,1017.63,1017.67,1016.92,1017.11,275362269,0
2017-09-26,22:00:00,1017.11,1017.49,1016.4,1016.41,820539681,0
2017-09-27,16:00:00,1016.55,1018.98,1016.55,1017.08,341397867,0
2017-09-27,17:00:00,1017.08,1017.27,1015.03,1015.46,480940024,0
2017-09-27,18:00:00,1015.46,1015.68,1015.22,1015.37,352725518,0
2017-09-27,19:00:00,1015.38,1017.32,1015.17,1017.3,298784842,0
2017-09-27,20:00:00,1017.32,1019.74,1017.32,1019.73,324428339,0
2017-09-27,21:00:00,1019.73,1020.31,1019.51,1020.31,378773903,0
2017-09-27,22:00:00,1020.31,1020.9,1020.08,1020.19,947616235,0
2017-09-28,16:00:00,1020.1,1020.13,1018.49,1018.51,343787897,0
2017-09-28,17:00:00,1018.52,1018.7,1017.53,1018.14,449051039,0
2017-09-28,18:00:00,1018.14,1018.53,1017.65,1018.09,363944765,0
2017-09-28,19:00:00,1018.11,1019.54,1018.09,1019.47,271596124,0
2017-09-28,20:00:00,1019.47,1019.91,1019.15,1019.88,255171226,0
2017-09-28,21:00:00,1019.89,1020.23,1019.71,1019.99,307258500,0
2017-09-28,22:00:00,1019.98,1021,1019.9,1020.97,848917971,0
2017-09-29,16:00:00,1021.06,1022.01,1021.05,1021.58,306990517,0
2017-09-29,17:00:00,1021.73,1022.5,1021.51,1022.45,410927293,0
2017-09-29,18:00:00,1022.46,1022.54,1022.14,1022.43,329907365,0
2017-09-29,19:00:00,1022.43,1022.85,1022.42,1022.55,247209572,0
2017-09-29,20:00:00,1022.54,1022.58,1022.28,1022.46,244340975,0
2017-09-29,21:00:00,1022.46,1022.74,1022.33,1022.58,278707737,0
2017-09-29,22:00:00,1022.59,1022.77,1022.27,1022.69,1060203267,0
2017-10-02,16:00:00,1022.69,1022.69,1021.14,1022.47,326728956,0
2017-10-02,17:00:00,1022.49,1024.06,1022.45,1023.18,467489701,0
2017-10-02,18:00:00,1023.18,1023.58,1022.25,1023.32,365618704,0
2017-10-02,19:00:00,1023.31,1024.83,1023.11,1024.82,276033183,0
2017-10-02,20:00:00,1024.82,1025.86,1024.5,1025.83,257499639,0
2017-10-02,21:00:00,1025.84,1025.85,1025.38,1025.69,300837639,0
2017-10-02,22:00:00,1025.69,1026.72,1025.62,1026.71,827010116,0
2017-10-03,16:00:00,1026.82,1027.64,1026.33,1027.26,307780323,0
2017-10-03,17:00:00,1027.27,1027.37,1026.55,1026.9,427404913,0
2017-10-03,18:00:00,1026.89,1027.11,1026.33,1027,320808074,0
2017-10-03,19:00:00,1027,1027.51,1026.95,1027.51,265081255,0
2017-10-03,20:00:00,1027.51,1027.78,1027.47,1027.77,261337086,0
2017-10-03,21:00:00,1027.78,1028.27,1027.77,1028.06,310836631,0
2017-10-03,22:00:00,1028.06,1028.75,1028.02,1028.7,848399370,0
2017-10-04,16:00:00,1028.7,1029.01,1027.76,1028.09,304048339,0
2017-10-04,17:00:00,1028.11,1029.2,1027.98,1029.12,434880720,0
2017-10-04,18:00:00,1029.13,1029.91,1028.99,1029.7,320763606,0
2017-10-04,19:00:00,1029.71,1029.75,1028.32,1028.53,266074492,0
2017-10-04,20:00:00,1028.53,1028.69,1027.6,1027.7,253457905,0
2017-10-04,21:00:00,1027.69,1028.3,1027.64,1028.26,273764992,0
2017-10-04,22:00:00,1028.27,1028.49,1028.05,1028.25,834554970,0
2017-10-05,16:00:00,1028.39,1029.58,1028.39,1029.3,295628968,0
2017-10-05,17:00:00,1029.3,1030.49,1029.18,1030.26,418122745,0
2017-10-05,18:00:00,1030.25,1031.05,1030.06,1031.03,338675863,0
2017-10-05,19:00:00,1031.03,1031.39,1030.69,1030.76,270535059,0
2017-10-05,20:00:00,1030.76,1030.98,1030.39,1030.63,242529078,0
2017-10-05,21:00:00,1030.64,1030.66,1030.17,1030.39,284345495,0
2017-10-05,22:00:00,1030.39,1030.6,1029.87,1030.28,839536924,0
2017-10-06,16:00:00,1030.23,1030.23,1027.3,1027.56,297358068,0
2017-10-06,17:00:00,1027.55,1028.24,1027.1,1027.1,406554849,0
2017-10-06,18:00:00,1027.08,1027.49,1026.82,1027.11,301382198,0
2017-10-06,19:00:00,1027.1,1027.4,1026.89,1027.39,229245126,0
2017-10-06,20:00:00,1027.38,1027.51,1026.98,1027.26,211182864,0
2017-10-06,21:00:00,1027.26,1027.49,1026.92,1027,271179522,0
2017-10-06,22:00:00,1026.99,1027.34,1026.74,1027.33,831779790,0
2017-10-09,16:00:00,1027.37,1028.12,1027.16,1027.17,126665670,0
2017-10-09,17:00:00,1027.17,1027.19,1025.91,1026.11,256097420,0
2017-10-09,18:00:00,1026.12,1026.58,1025.97,1026.5,248997129,0
2017-10-09,19:00:00,1026.49,1026.5,1025.99,1026.18,218827403,0
2017-10-09,20:00:00,1026.17,1026.49,1026.05,1026.45,197787265,0
2017-10-09,21:00:00,1026.45,1026.49,1025.6,1025.66,231128726,0
2017-10-09,22:00:00,1025.63,1025.64,1024.94,1025.39,712599079,0
2017-10-10,16:00:00,1025.58,1029.34,1025.58,1028.86,311331904,0
2017-10-10,17:00:00,1028.86,1028.89,1027.86,1028.41,413631659,0
2017-10-10,18:00:00,1028.41,1028.69,1027.88,1027.96,317726209,0
2017-10-10,19:00:00,1027.96,1028.04,1027.59,1027.71,253580637,0
2017-10-10,20:00:00,1027.71,1027.91,1027.46,1027.49,257032532,0
2017-10-10,21:00:00,1027.49,1027.54,1026.99,1027.2,274077368,0
2017-10-10,22:00:00,1027.19,1027.89,1027.18,1027.68,780740527,0
2017-10-11,16:00:00,1027.69,1028.26,1026.98,1027,282009804,0
2017-10-11,17:00:00,1027,1027.78,1026.88,1027.33,397891685,0
2017-10-11,18:00:00,1027.32,1027.61,1027.1,1027.33,326296864,0
2017-10-11,19:00:00,1027.34,1027.62,1026.92,1026.92,238646733,0
2017-10-11,20:00:00,1026.91,1027.35,1026.79,1026.81,245694470,0
2017-10-11,21:00:00,1026.8,1027.47,1026.8,1027.19,314264845,0
2017-10-11,22:00:00,1027.2,1027.95,1027.18,1027.91,877113774,0
2017-10-12,16:00:00,1027.87,1027.87,1024.55,1024.79,335696366,0
2017-10-12,17:00:00,1024.8,1027.05,1024.76,1026.92,433501439,0
2017-10-12,18:00:00,1026.94,1027.77,1026.94,1027.62,362857264,0
2017-10-12,19:00:00,1027.62,1027.85,1027.13,1027.2,264638028,0
2017-10-12,20:00:00,1027.19,1027.54,1027.17,1027.41,254869068,0
2017-10-12,21:00:00,1027.41,1027.69,1026.91,1027.12,314727809,0
2017-10-12,22:00:00,1027.11,1027.72,1026.58,1026.66,905551641,0
2017-10-13,16:00:00,1026.69,1028.65,1026.69,1027.91,397578937,0
2017-10-13,17:00:00,1027.92,1029.49,1027.92,1029.06,475328041,0
2017-10-13,18:00:00,1029.07,1029.56,1028.68,1028.82,342564580,0
2017-10-13,19:00:00,1028.8,1028.97,1028.54,1028.83,251307459,0
2017-10-13,20:00:00,1028.82,1028.95,1028.35,1028.41,247136094,0
2017-10-13,21:00:00,1028.4,1028.61,1028.19,1028.6,282493824,0
2017-10-13,22:00:00,1028.6,1028.93,1027.74,1028.04,844251128,0
2017-10-16,16:00:00,1028.08,1030.22,1028.08,1030.11,326746353,0
2017-10-16,17:00:00,1030.12,1030.41,1028,1028.04,419186517,0
2017-10-16,18:00:00,1028.01,1028.28,1027.62,1027.62,317246217,0
2017-10-16,19:00:00,1027.62,1027.75,1027.26,1027.29,243911718,0
2017-10-16,20:00:00,1027.29,1027.93,1027.12,1027.55,241414128,0
2017-10-16,21:00:00,1027.55,1027.73,1027.19,1027.31,274932218,0
2017-10-16,22:00:00,1027.3,1027.58,1027.19,1027.53,811869424,0
2017-10-17,16:00:00,1027.51,1027.72,1026.88,1026.95,288802899,0
2017-10-17,17:00:00,1026.94,1027.5,1025.52,1025.73,412940858,0
2017-10-17,18:00:00,1025.73,1026.84,1025.73,1026.63,314325382,0
2017-10-17,19:00:00,1026.61,1026.79,1026.22,1026.22,242607668,0
2017-10-17,20:00:00,1026.22,1026.22,1024.69,1024.74,244821585,0
2017-10-17,21:00:00,1024.75,1025.26,1024.72,1025.15,299965047,0
2017-10-17,22:00:00,1025.16,1025.43,1024.72,1025.43,804772538,0
2017-10-18,16:00:00,1025.48,1027.24,1025.48,1027.02,311506664,0
2017-10-18,17:00:00,1027.02,1027.1,1025.77,1026.01,428570499,0
2017-10-18,18:00:00,1025.99,1026.03,1024.89,1025.51,338049584,0
2017-10-18,19:00:00,1025.5,1026.28,1025.49,1026.12,260891184,0
2017-10-18,20:00:00,1026.12,1026.58,1026.12,1026.42,245826581,0
2017-10-18,21:00:00,1026.43,1026.74,1026.43,1026.56,285909781,0
2017-10-18,22:00:00,1026.59,1026.65,1026.04,1026.05,810269300,0
2017-10-19,16:00:00,1026.03,1026.03,1021.99,1022.08,332676502,0
2017-10-19,17:00:00,1022.09,1023.4,1021.17,1023.33,420811185,0
2017-10-19,18:00:00,1023.34,1023.41,1022.45,1022.45,307299142,0
2017-10-19,19:00:00,1022.47,1022.81,1022.19,1022.74,247411521,0
2017-10-19,20:00:00,1022.74,1023.84,1022.74,1023.59,259704012,0
2017-10-19,21:00:00,1023.58,1024.52,1023.58,1024.4,312665919,0
2017-10-19,22:00:00,1024.42,1025.07,1024.3,1024.99,817820010,0
2017-10-20,16:00:00,1025.01,1027.26,1025.01,1026.66,409817491,0
2017-10-20,17:00:00,1026.67,1027.56,1026.63,1027.5,444728209,0
2017-10-20,18:00:00,1027.49,1027.69,1027.38,1027.66,374571695,0
2017-10-20,19:00:00,1027.65,1027.78,1027.44,1027.7,287425051,0
2017-10-20,20:00:00,1027.68,1028.17,1027.63,1027.8,268373577,0
2017-10-20,21:00:00,1027.79,1028.26,1027.72,1027.89,312302462,0
2017-10-20,22:00:00,1027.87,1028.28,1027.64,1028.28,958318888,0
2017-10-23,16:00:00,1028.28,1028.86,1027.73,1028.77,320451554,0
2017-10-23,17:00:00,1028.75,1028.75,1026.66,1026.81,429999906,0
2017-10-23,18:00:00,1026.8,1026.91,1026.02,1026.3,350942923,0
2017-10-23,19:00:00,1026.32,1026.34,1025.85,1026.21,287810908,0
2017-10-23,20:00:00,1026.21,1026.23,1025.22,1025.34,263064451,0
2017-10-23,21:00:00,1025.35,1025.47,1024.68,1024.91,326285206,0
2017-10-23,22:00:00,1024.9,1025.03,1023.68,1023.89,921157921,0
2017-10-24,16:00:00,1024.24,1026.78,1024.24,1025.92,362079352,0
2017-10-24,17:00:00,1025.91,1027.02,1025.64,1025.64,489666424,0
2017-10-24,18:00:00,1025.64,1026.03,1025.09,1025.55,394141078,0
2017-10-24,19:00:00,1025.53,1025.78,1025.16,1025.58,290149672,0
2017-10-24,20:00:00,1025.57,1026.19,1025.51,1026.19,286225196,0
2017-10-24,21:00:00,1026.18,1026.52,1026.04,1026.16,345473891,0
2017-10-24,22:00:00,1026.18,1026.36,1024.98,1024.98,906481595,0
2017-10-25,16:00:00,1024.93,1024.93,1022.51,1022.51,366357582,0
2017-10-25,17:00:00,1022.53,1022.76,1018.74,1018.74,578842663,0
2017-10-25,18:00:00,1018.75,1018.77,1016.22,1016.56,497722658,0
2017-10-25,19:00:00,1016.57,1016.94,1015.41,1016.94,371009478,0
2017-10-25,20:00:00,1016.92,1018.73,1016.59,1018.71,320808150,0
2017-10-25,21:00:00,1018.7,1018.9,1017.67,1018.02,355990855,0
2017-10-25,22:00:00,1018.04,1019.23,1018,1018.94,1010978216,0
2017-10-26,16:00:00,1019.02,1020.36,1019.02,1019.87,413860437,0
2017-10-26,17:00:00,1019.87,1020.24,1019.15,1019.73,556751598,0
2017-10-26,18:00:00,1019.75,1020.74,1019.74,1020.66,461494102,0
2017-10-26,19:00:00,1020.65,1020.88,1019.21,1019.27,340308225,0
2017-10-26,20:00:00,1019.29,1020.01,1019.18,1019.99,325015948,0
2017-10-26,21:00:00,1020,1020.2,1019.36,1019.37,386724896,0
2017-10-26,22:00:00,1019.37,1019.5,1018.92,1019.09,1016771237,0
2017-10-27,16:00:00,1019.16,1019.16,1016.64,1017.54,429645138,0
2017-10-27,17:00:00,1017.5,1019.02,1017.29,1018.88,630666918,0
2017-10-27,18:00:00,1018.87,1020.87,1018.69,1020.65,479538485,0
2017-10-27,19:00:00,1020.66,1020.96,1019.71,1020.49,339845675,0
2017-10-27,20:00:00,1020.48,1020.76,1020.33,1020.66,306484787,0
2017-10-27,21:00:00,1020.67,1021.11,1020.6,1020.87,370623379,0
2017-10-27,22:00:00,1020.85,1021.5,1020.76,1021.5,968539151,0
2017-10-30,17:00:00,1019.87,1019.87,1018.78,1019.11,1256058080,0
2017-10-30,18:00:00,1019.15,1019.17,1017.74,1017.85,337745091,0
2017-10-30,19:00:00,1017.87,1018.35,1016.84,1016.85,370398832,0
2017-10-30,20:00:00,1016.86,1018.1,1016.66,1017.67,376665001,0
2017-10-30,21:00:00,1017.66,1017.9,1016.72,1017.74,1328932803,0
2017-10-31,17:00:00,1019.77,1019.96,1019.5,1019.96,1335681322,0
2017-10-31,18:00:00,1019.98,1020.04,1019.53,1019.62,332025621,0
2017-10-31,19:00:00,1019.62,1020.48,1019.59,1020.48,308680041,0
2017-10-31,20:00:00,1020.48,1021.31,1020.37,1021.3,371690529,0
2017-10-31,21:00:00,1021.31,1021.74,1020.88,1021,1555742353,0
2017-11-01,16:00:00,1024.82,1024.82,1023.02,1023.26,1056267370,0
2017-11-01,17:00:00,1023.25,1023.36,1020.92,1021.22,441223209,0
2017-11-01,18:00:00,1021.24,1021.48,1020.85,1021,334717930,0
2017-11-01,19:00:00,1020.99,1021,1019.74,1020.5,330553527,0
2017-11-01,20:00:00,1020.51,1021.77,1020.47,1021.48,391535155,0
2017-11-01,21:00:00,1021.49,1022.03,1021.21,1021.49,937348635,0
2017-11-02,16:00:00,1019.95,1021.37,1019.95,1020.62,1041607433,0
2017-11-02,17:00:00,1020.62,1021.21,1020.16,1021,473200603,0
2017-11-02,18:00:00,1021.1,1022.11,1020.81,1021.15,382067328,0
2017-11-02,19:00:00,1021.15,1021.28,1020.05,1020.07,339719767,0
2017-11-02,20:00:00,1020.05,1020.08,1018.97,1019.01,422499040,0
2017-11-02,21:00:00,1018.98,1020.82,1018.93,1020.35,1031957435,0
2017-11-03,16:00:00,1019.05,1019.09,1017.94,1018.15,874531512,0
2017-11-03,17:00:00,1018.16,1018.88,1018.15,1018.86,423596744,0
2017-11-03,18:00:00,1018.83,1019.37,1018.75,1019.2,325902950,0
2017-11-03,19:00:00,1019.21,1019.4,1019.03,1019.36,308688508,0
2017-11-03,20:00:00,1019.39,1019.58,1019.02,1019.46,398748061,0
2017-11-03,21:00:00,1019.43,1019.94,1018.96,1019.92,918400114,0
2017-11-06,16:00:00,1019.92,1021.22,1019.92,1021.22,369734148,0
2017-11-06,17:00:00,1021.2,1022.1,1021.07,1021.22,480352608,0
2017-11-06,18:00:00,1021.24,1022.47,1021.08,1022.25,419887182,0
2017-11-06,19:00:00,1022.25,1023.04,1022.15,1023,307100921,0
2017-11-06,20:00:00,1023.03,1023.6,1022.95,1023.26,306074756,0
2017-11-06,21:00:00,1023.28,1023.45,1023.04,1023.32,344003983,0
2017-11-06,22:00:00,1023.34,1024.18,1023.3,1023.84,960842787,0
2017-11-07,16:00:00,1023.84,1024.63,1023.53,1024.33,400439760,0
2017-11-07,17:00:00,1024.34,1024.34,1020.97,1021.23,535232609,0
2017-11-07,18:00:00,1021.26,1021.59,1020.18,1020.21,446419232,0
2017-11-07,19:00:00,1020.23,1020.48,1019.14,1019.61,376400605,0
2017-11-07,20:00:00,1019.63,1020.49,1019.6,1020.32,295284111,0
2017-11-07,21:00:00,1020.33,1020.69,1019.7,1019.71,369449771,0
2017-11-07,22:00:00,1019.71,1020.17,1019.37,1020.17,992533990,0
2017-11-08,16:00:00,1020.07,1020.07,1017.89,1018.43,413483178,0
2017-11-08,17:00:00,1018.46,1018.71,1016.46,1017.37,573720742,0
2017-11-08,18:00:00,1017.38,1017.91,1017.24,1017.82,410673537,0
2017-11-08,19:00:00,1017.81,1019.58,1017.67,1019.42,372558823,0
2017-11-08,20:00:00,1019.4,1019.75,1019.05,1019.19,324353441,0
2017-11-08,21:00:00,1019.18,1020.14,1019.11,1019.94,403312407,0
2017-11-08,22:00:00,1019.96,1020.06,1019.56,1019.76,967544014,0
2017-11-09,16:00:00,1019.72,1019.72,1015.88,1016.1,390920977,0
2017-11-09,17:00:00,1016.08,1019.33,1016.08,1019.33,572047115,0
2017-11-09,18:00:00,1019.35,1019.39,1016.29,1016.59,470207712,0
2017-11-09,19:00:00,1016.59,1016.59,1013.83,1015.09,400462446,0
2017-11-09,20:00:00,1015.08,1017.2,1014.99,1016.85,351404768,0
2017-11-09,21:00:00,1016.85,1017.11,1016.23,1016.34,374257880,0
2017-11-09,22:00:00,1016.31,1017.36,1016.07,1017.34,903783933,0
2017-11-10,16:00:00,1017.28,1018.23,1016.2,1018.15,373163146,0
2017-11-10,17:00:00,1018.17,1018.24,1016.95,1017.26,475232716,0
2017-11-10,18:00:00,1017.28,1017.32,1016.66,1016.82,374333286,0
2017-11-10,19:00:00,1016.82,1016.94,1016.13,1016.13,316758445,0
2017-11-10,20:00:00,1016.12,1016.12,1015.48,1015.78,283915943,0
2017-11-10,21:00:00,1015.8,1016.47,1015.75,1016.43,321819849,0
2017-11-10,22:00:00,1016.43,1016.79,1015.82,1015.84,954967754,0
2017-11-13,16:00:00,1015.62,1015.62,1012.55,1013.93,327877691,0
2017-11-13,17:00:00,1013.95,1014.91,1013.4,1013.66,459995818,0
2017-11-13,18:00:00,1013.67,1014.01,1013.12,1013.61,366127085,0
2017-11-13,19:00:00,1013.64,1013.97,1013.11,1013.29,309928745,0
2017-11-13,20:00:00,1013.3,1014.09,1012.92,1014.06,298976078,0
2017-11-13,21:00:00,1014.07,1014.2,1013.64,1013.72,337168899,0
2017-11-13,22:00:00,1013.7,1014.34,1013.47,1013.61,923130979,0
2017-11-14,16:00:00,1013.47,1013.47,1010.95,1011.2,361035321,0
2017-11-14,17:00:00,1011.18,1011.18,1008.64,1009.83,594847359,0
2017-11-14,18:00:00,1009.84,1009.87,1008.56,1008.68,413764974,0
2017-11-14,19:00:00,1008.68,1008.77,1007.88,1008.16,331721220,0
2017-11-14,20:00:00,1008.15,1008.55,1008.04,1008.32,306815998,0
2017-11-14,21:00:00,1008.33,1008.88,1008.22,1008.77,356253349,0
2017-11-14,22:00:00,1008.78,1009.05,1008.21,1008.61,945857370,0
2017-11-15,16:00:00,1008.52,1008.52,1001.58,1002.58,417340429,0
2017-11-15,17:00:00,1002.57,1005.26,1002.41,1005.24,539874831,0
2017-11-15,18:00:00,1005.25,1006.18,1005.25,1006.11,390814800,0
2017-11-15,19:00:00,1006.11,1006.68,1005.6,1006.58,286417681,0
2017-11-15,20:00:00,1006.58,1006.64,1005.78,1005.78,275980961,0
2017-11-15,21:00:00,1005.77,1006.55,1005.69,1006.44,308012137,0
2017-11-15,22:00:00,1006.47,1006.66,1005.01,1005.09,941597442,0
2017-11-16,16:00:00,1005.3,1008.6,1005.3,1008.6,336380027,0
2017-11-16,17:00:00,1008.62,1011.76,1008.62,1011.29,454973381,0
2017-11-16,18:00:00,1011.29,1012.34,1011.29,1011.53,371804726,0
2017-11-16,19:00:00,1011.53,1012.85,1011.52,1012.8,290218186,0
2017-11-16,20:00:00,1012.8,1013.3,1012.78,1012.85,280790343,0
2017-11-16,21:00:00,1012.84,1013.13,1012.49,1012.51,327297708,0
2017-11-16,22:00:00,1012.53,1012.74,1012.16,1012.36,902271472,0
2017-11-17,16:00:00,1012.35,1013.42,1011.75,1013.34,370881233,0
2017-11-17,17:00:00,1013.37,1014.34,1013.11,1014.22,419048501,0
2017-11-17,18:00:00,1014.23,1015.82,1013.92,1015.82,354474104,0
2017-11-17,19:00:00,1015.82,1016.93,1015.72,1016.93,284089492,0
2017-11-17,20:00:00,1016.94,1017.32,1016.53,1016.6,265548597,0
2017-11-17,21:00:00,1016.6,1016.77,1016.24,1016.67,288210953,0
2017-11-17,22:00:00,1016.67,1016.96,1016.45,1016.57,958056697,0
2017-11-20,16:00:00,1016.57,1017.22,1016.08,1016.51,312545474,0
2017-11-20,17:00:00,1016.52,1017.59,1016.01,1017.21,439226128,0
2017-11-20,18:00:00,1017.21,1017.51,1017.03,1017.34,328940618,0
2017-11-20,19:00:00,1017.33,1017.4,1017.04,1017.16,248591289,0
2017-11-20,20:00:00,1017.18,1017.92,1017.08,1017.9,236357967,0
2017-11-20,21:00:00,1017.92,1018.29,1017.82,1018.12,295850962,0
2017-11-20,22:00:00,1018.13,1018.45,1017.91,1018.45,834373182,0
2017-11-21,16:00:00,1018.83,1021.6,1018.83,1021.53,352777106,0
2017-11-21,17:00:00,1021.52,1023.53,1021.48,1022.93,471481224,0
2017-11-21,18:00:00,1022.93,1022.97,1022.27,1022.52,377549530,0
2017-11-21,19:00:00,1022.52,1022.52,1021.61,1021.88,287834587,0
2017-11-21,20:00:00,1021.87,1021.92,1021.52,1021.53,271031139,0
2017-11-21,21:00:00,1021.5,1021.98,1021.35,1021.98,305902757,0
2017-11-21,22:00:00,1022.07,1023.04,1021.71,1022.99,917074036,0
2017-11-22,16:00:00,1023.19,1025.81,1023.19,1025.42,332722913,0
2017-11-22,17:00:00,1025.31,1025.6,1024.05,1024.61,429463149,0
2017-11-22,18:00:00,1024.63,1024.91,1023.88,1024.11,319250644,0
2017-11-22,19:00:00,1024.09,1024.12,1023.38,1023.81,240045350,0
2017-11-22,20:00:00,1023.81,1024.09,1023.52,1024.09,220932465,0
2017-11-22,21:00:00,1024.09,1024.77,1024.09,1024.66,254429453,0
2017-11-22,22:00:00,1024.66,1024.86,1024.1,1024.11,700998239,0
2017-11-24,16:00:00,1024.35,1025.8,1024.35,1025.09,243454930,0
2017-11-24,17:00:00,1025.09,1025.42,1024.5,1025.01,300068397,0
2017-11-24,18:00:00,1025.02,1025.42,1024.83,1025.05,233416157,0
2017-11-24,19:00:00,1025.12,1025.28,1024.83,1025.03,369237304,0
2017-11-24,20:00:00,1025.01,1025.29,1024.98,1025.29,93582682,0
2017-11-27,16:00:00,1025.33,1025.37,1023.4,1023.4,324562969,0
2017-11-27,17:00:00,1023.37,1023.43,1022.79,1023.03,396808210,0
2017-11-27,18:00:00,1023.02,1023.02,1021.39,1021.52,335970090,0
2017-11-27,19:00:00,1021.54,1021.74,1021.04,1021.62,254401944,0
2017-11-27,20:00:00,1021.62,1022.45,1021.6,1022.41,222960368,0
2017-11-27,21:00:00,1022.42,1022.43,1022.12,1022.29,273223743,0
2017-11-27,22:00:00,1022.29,1022.29,1021.2,1021.27,851549214,0
2017-11-28,16:00:00,1021.27,1022.12,1021.27,1021.83,302641580,0
2017-11-28,17:00:00,1021.83,1022.8,1021.59,1022.8,410927070,0
2017-11-28,18:00:00,1022.8,1023.34,1022.5,1023.27,356877052,0
2017-11-28,19:00:00,1023.28,1024.34,1023.27,1024.24,298137210,0
2017-11-28,20:00:00,1024.23,1024.84,1023.47,1023.51,321031744,0
2017-11-28,21:00:00,1023.51,1025.37,1023.04,1025.32,374573706,0
2017-11-28,22:00:00,1025.32,1027.28,1025.23,1026.83,1028757949,0
2017-11-29,16:00:00,1026.92,1030,1026.92,1029.74,440851216,0
2017-11-29,17:00:00,1029.72,1029.85,1028.05,1029.33,647090326,0
2017-11-29,18:00:00,1029.33,1029.67,1027.75,1027.97,518079528,0
2017-11-29,19:00:00,1027.75,1028.51,1027.38,1028.32,407697449,0
2017-11-29,20:00:00,1028.13,1028.31,1027.1,1027.55,323561876,0
2017-11-29,21:00:00,1027.54,1028.8,1027.35,1028.09,382141858,0
2017-11-29,22:00:00,1028.06,1028.82,1027.94,1028.06,956147280,0
2017-11-30,16:00:00,1028.12,1031.68,1028.12,1031.25,443921664,0
2017-11-30,17:00:00,1031.2,1031.72,1029.33,1031.02,597380263,0
2017-11-30,18:00:00,1031.02,1032.35,1030.41,1030.61,479657302,0
2017-11-30,19:00:00,1030.6,1032.35,1030.5,1031.61,415633958,0
2017-11-30,20:00:00,1031.59,1031.77,1029.85,1030.06,385805606,0
2017-11-30,21:00:00,1030.06,1031.19,1030.04,1030.36,392371320,0
2017-11-30,22:00:00,1030.35,1031.19,1029.58,1030.4,1618705517,0
2017-12-01,16:00:00,1030.47,1031.4,1029.96,1030.44,374374357,0
2017-12-01,17:00:00,1030.24,1031.93,1029.57,1031.57,547005337,0
2017-12-01,18:00:00,1031.54,1031.75,1020.35,1024.64,700326226,0
2017-12-01,19:00:00,1024.59,1027.65,1024.59,1027.65,367051395,0
2017-12-01,20:00:00,1027.64,1029.25,1026.93,1028.98,293988365,0
2017-12-01,21:00:00,1028.98,1029.21,1027.9,1028.1,313723354,0
2017-12-01,22:00:00,1028.1,1030.26,1027.91,1030.26,924848135,0
2017-12-04,16:00:00,1030.66,1037.12,1030.66,1036.15,445962825,0
2017-12-04,17:00:00,1035.96,1036.26,1033.67,1034.42,617654804,0
2017-12-04,18:00:00,1034.43,1035.74,1033.75,1035.58,451017004,0
2017-12-04,19:00:00,1035.57,1035.65,1033.6,1033.73,331790941,0
2017-12-04,20:00:00,1033.73,1034.46,1033.61,1034.27,296350493,0
2017-12-04,21:00:00,1034.07,1034.23,1031.82,1031.86,388522535,0
2017-12-04,22:00:00,1032.08,1032.2,1030.06,1030.16,1058371535,0
2017-12-05,16:00:00,1030.17,1030.17,1028.18,1028.18,407864273,0
2017-12-05,17:00:00,1028.16,1029.06,1027.54,1028.3,504326623,0
2017-12-05,18:00:00,1028.28,1029.38,1028.09,1028.09,381720503,0
2017-12-05,19:00:00,1028.09,1028.5,1027.47,1028.04,291345954,0
2017-12-05,20:00:00,1028.04,1029,1027.79,1028.18,257515371,0
2017-12-05,21:00:00,1028.2,1028.65,1026.12,1026.22,342723133,0
2017-12-05,22:00:00,1026.44,1027.05,1025.77,1025.81,976312506,0
2017-12-06,16:00:00,1025.7,1025.7,1023.42,1024.1,346536571,0
2017-12-06,17:00:00,1024.08,1024.43,1022.5,1023.94,443024985,0
2017-12-06,18:00:00,1023.98,1024.14,1022.01,1022.29,362617759,0
2017-12-06,19:00:00,1022.1,1022.26,1021.14,1021.91,273929491,0
2017-12-06,20:00:00,1021.92,1022.85,1021.37,1022.47,263985653,0
2017-12-06,21:00:00,1022.45,1022.75,1021.99,1022.07,303907061,0
2017-12-06,22:00:00,1022.06,1022.33,1021.18,1021.23,875384458,0
2017-12-07,16:00:00,1021.11,1023.45,1020.03,1023.43,319429136,0
2017-12-07,17:00:00,1023.46,1024.68,1022.73,1024.63,436805945,0
2017-12-07,18:00:00,1024.45,1025.18,1023.77,1024.73,353938605,0
2017-12-07,19:00:00,1024.73,1024.73,1023.81,1024.11,281061619,0
2017-12-07,20:00:00,1024.11,1024.11,1022.98,1023.3,251051712,0
2017-12-07,21:00:00,1023.34,1023.67,1023.1,1023.51,318503018,0
2017-12-07,22:00:00,1023.53,1024.05,1023.34,1023.78,934416543,0
2017-12-08,16:00:00,1023.79,1026.55,1023.79,1026.31,313847864,0
2017-12-08,17:00:00,1026.33,1026.81,1025.48,1026.81,436100903,0
2017-12-08,18:00:00,1026.82,1027.88,1026.73,1027.57,344010910,0
2017-12-08,19:00:00,1027.57,1028.69,1027.55,1028.29,266856401,0
2017-12-08,20:00:00,1028.29,1028.52,1027.65,1027.76,245672042,0
2017-12-08,21:00:00,1027.77,1027.97,1026.94,1027.15,295024058,0
2017-12-08,22:00:00,1027.16,1027.58,1026.78,1027.03,860896416,0
2017-12-11,16:00:00,1027.03,1029.27,1027.03,1029.09,303719199,0
2017-12-11,17:00:00,1029.16,1029.65,1028.35,1029.14,405742977,0
2017-12-11,18:00:00,1029.13,1029.4,1028.61,1029.12,318015785,0
2017-12-11,19:00:00,1029.11,1029.64,1029.02,1029.34,259749832,0
2017-12-11,20:00:00,1029.35,1029.37,1028.44,1028.77,241238532,0
2017-12-11,21:00:00,1028.75,1028.99,1028.41,1028.44,280972210,0
2017-12-11,22:00:00,1028.44,1028.74,1027.97,1028.58,910593447,0
2017-12-12,16:00:00,1028.58,1029.87,1028.51,1028.81,345692494,0
2017-12-12,17:00:00,1028.85,1030.36,1028.84,1030.06,466168288,0
2017-12-12,18:00:00,1030.06,1030.52,1029.42,1029.42,390727101,0
2017-12-12,19:00:00,1029.39,1029.56,1028.7,1029.28,336212182,0
2017-12-12,20:00:00,1029.29,1029.45,1028.5,1028.5,284226172,0
2017-12-12,21:00:00,1028.48,1029.23,1028.32,1028.8,336911926,0
2017-12-12,22:00:00,1028.79,1028.94,1027.63,1027.63,1008220386,0
2017-12-13,16:00:00,1027.71,1030.24,1027.71,1030.03,336397181,0
2017-12-13,17:00:00,1030.03,1030.66,1029.72,1029.84,449287094,0
2017-12-13,18:00:00,1029.84,1030.81,1029.5,1030.8,386628587,0
2017-12-13,19:00:00,1030.81,1031.07,1029.29,1029.62,284522243,0
2017-12-13,20:00:00,1029.62,1029.68,1028.97,1029.41,281458705,0
2017-12-13,21:00:00,1029.2,1030.32,1029.2,1030.13,409424850,0
2017-12-13,22:00:00,1030.13,1030.31,1028.83,1029,983398445,0
2017-12-14,16:00:00,1029.01,1029.05,1028.18,1028.78,318840848,0
2017-12-14,17:00:00,1028.79,1029.43,1027.67,1028.59,449024539,0
2017-12-14,18:00:00,1028.57,1028.77,1027.43,1028.51,370769556,0
2017-12-14,19:00:00,1028.52,1028.72,1027.52,1027.55,276609693,0
2017-12-14,20:00:00,1027.55,1027.73,1024.7,1024.7,303507567,0
2017-12-14,21:00:00,1024.68,1025.44,1023.47,1024.46,356507321,0
2017-12-14,22:00:00,1024.45,1024.83,1023.37,1023.61,927748866,0
2017-12-15,16:00:00,1023.69,1027.34,1023.69,1026.97,677377197,0
2017-12-15,17:00:00,1026.82,1028.27,1026.67,1027.66,484709756,0
2017-12-15,18:00:00,1027.66,1029.38,1027.42,1028.68,384967830,0
2017-12-15,19:00:00,1028.68,1029.12,1028.18,1028.89,294611917,0
2017-12-15,20:00:00,1028.88,1029.33,1028.37,1029.33,280777719,0
2017-12-15,21:00:00,1029.31,1030.2,1029.05,1029.94,361610155,0
2017-12-15,22:00:00,1029.97,1030.49,1027.9,1028.34,2302730083,0
2017-12-18,16:00:00,1028.73,1036.6,1028.73,1036.6,408056153,0
2017-12-18,17:00:00,1036.53,1037.12,1036.16,1037.12,506562694,0
2017-12-18,18:00:00,1037.11,1037.39,1036.72,1037.05,399704640,0
2017-12-18,19:00:00,1037.04,1037.43,1035.89,1035.96,322206780,0
2017-12-18,20:00:00,1035.95,1036.45,1035.9,1035.96,295306999,0
2017-12-18,21:00:00,1035.97,1036.54,1035.93,1036.54,325536496,0
2017-12-18,22:00:00,1036.53,1036.75,1035.82,1036.29,1009931384,0
2017-12-19,16:00:00,1036.36,1037.28,1035.81,1036.06,349154206,0
2017-12-19,17:00:00,1036.03,1036.47,1035.82,1036.19,475712085,0
2017-12-19,18:00:00,1036.19,1036.19,1034.59,1034.59,351311436,0
2017-12-19,19:00:00,1034.6,1034.77,1033.3,1033.81,295320755,0
2017-12-19,20:00:00,1033.81,1034.31,1033.63,1033.64,275787424,0
2017-12-19,21:00:00,1033.63,1033.92,1032.53,1032.65,330964510,0
2017-12-19,22:00:00,1032.64,1032.81,1031.89,1032.25,935802452,0
2017-12-20,16:00:00,1032.28,1034.27,1032.28,1032.99,334698704,0
2017-12-20,17:00:00,1033.1,1033.86,1032.21,1033.12,449414575,0
2017-12-20,18:00:00,1033.13,1034.57,1033.11,1033.85,362520022,0
2017-12-20,19:00:00,1033.85,1034.44,1033.6,1034.14,272332292,0
2017-12-20,20:00:00,1034.15,1034.74,1034.15,1034.69,270292994,0
2017-12-20,21:00:00,1034.69,1034.69,1033.85,1034.02,327302736,0
2017-12-20,22:00:00,1034.03,1034.4,1033.7,1033.7,890691950,0
2017-12-21,16:00:00,1033.81,1035.06,1033.81,1034.58,312699144,0
2017-12-21,17:00:00,1034.5,1037.17,1034.49,1037.17,455749990,0
2017-12-21,18:00:00,1036.89,1037.88,1036.82,1037.62,383299988,0
2017-12-21,19:00:00,1037.61,1037.86,1037.25,1037.68,296264250,0
2017-12-21,20:00:00,1037.87,1038.12,1037.65,1037.68,270924970,0
2017-12-21,21:00:00,1037.69,1038.08,1037.52,1037.82,332368118,0
2017-12-21,22:00:00,1037.82,1038.34,1036.82,1037.08,890303437,0
2017-12-22,16:00:00,1037.15,1037.3,1035.77,1036.74,262661123,0
2017-12-22,17:00:00,1036.75,1036.85,1035.81,1036.46,336950411,0
2017-12-22,18:00:00,1036.46,1036.99,1036.35,1036.64,265266031,0
2017-12-22,19:00:00,1036.65,1037.24,1036.62,1036.94,205720418,0
2017-12-22,20:00:00,1036.94,1037.49,1036.82,1037.44,202438578,0
2017-12-22,21:00:00,1037.44,1037.64,1037.01,1037.17,216767038,0
2017-12-22,22:00:00,1037.17,1037.4,1036.67,1037,653505310,0
2017-12-26,16:00:00,1037,1038.59,1036.87,1038.4,194940349,0
2017-12-26,17:00:00,1038.42,1039.12,1038.16,1038.38,265634011,0
2017-12-26,18:00:00,1038.38,1039.32,1038.28,1039.32,213902196,0
2017-12-26,19:00:00,1039.32,1039.5,1038.69,1038.8,183727606,0
2017-12-26,20:00:00,1038.79,1039.11,1038.47,1038.47,168248703,0
2017-12-26,21:00:00,1038.47,1039.08,1038.44,1038.84,186941022,0
2017-12-26,22:00:00,1038.85,1039.06,1038.25,1038.61,591202885,0
2017-12-27,16:00:00,1038.62,1040.08,1038.2,1039.89,212313392,0
2017-12-27,17:00:00,1039.88,1040.33,1039.68,1039.97,286626150,0
2017-12-27,18:00:00,1039.96,1040.65,1039.93,1040.6,227363679,0
2017-12-27,19:00:00,1040.59,1040.61,1039.08,1039.08,187988074,0
2017-12-27,20:00:00,1039.07,1039.25,1038.05,1038.55,180849557,0
2017-12-27,21:00:00,1038.56,1038.9,1038.48,1038.83,194090979,0
2017-12-27,22:00:00,1038.84,1038.94,1038.23,1038.64,601957538,0
2017-12-28,16:00:00,1038.66,1039.1,1038.04,1038.35,215777934,0
2017-12-28,17:00:00,1038.37,1038.61,1037.99,1038.51,280783829,0
2017-12-28,18:00:00,1038.52,1039.17,1038.17,1039.14,238149070,0
2017-12-28,19:00:00,1039.1,1039.31,1038.69,1038.82,183747084,0
2017-12-28,20:00:00,1038.83,1039.27,1038.68,1038.78,183103950,0
2017-12-28,21:00:00,1038.79,1039.44,1038.76,1039.44,209626876,0
2017-12-28,22:00:00,1039.44,1040.06,1039.11,1039.97,621287419,0
2017-12-29,16:00:00,1039.98,1042.15,1039.72,1039.89,231961523,0
2017-12-29,17:00:00,1039.9,1040.57,1039.47,1040.57,299916204,0
2017-12-29,18:00:00,1040.57,1040.87,1040.22,1040.53,247903174,0
2017-12-29,19:00:00,1040.55,1041.16,1040.55,1040.75,195338886,0
2017-12-29,20:00:00,1040.76,1041.13,1040.4,1040.49,188295490,0
2017-12-29,21:00:00,1040.49,1040.61,1039.95,1040.12,205908500,0
2017-12-29,22:00:00,1040.13,1040.58,1038.42,1038.43,836631461,0
2018-01-02,16:00:00,1038.49,1042.6,1038.49,1042.53,352498137,0
2018-01-02,17:00:00,1042.54,1044.99,1042.54,1044.54,487002214,0
2018-01-02,18:00:00,1044.54,1044.95,1043.16,1043.79,351869940,0
2018-01-02,19:00:00,1043.79,1044.64,1043.79,1044.25,287077317,0
2018-01-02,20:00:00,1044.25,1044.84,1044.24,1044.4,279242658,0
2018-01-02,21:00:00,1044.39,1044.51,1043.61,1044.09,339935496,0
2018-01-02,22:00:00,1044.11,1045.67,1044.06,1045.45,938293790,0
2018-01-03,16:00:00,1045.47,1047.86,1045.47,1047.74,397804676,0
2018-01-03,17:00:00,1047.75,1048.44,1047.23,1047.5,524637772,0
2018-01-03,18:00:00,1047.32,1047.8,1046.78,1046.96,381115658,0
2018-01-03,19:00:00,1046.77,1048.24,1046.77,1047.89,314669212,0
2018-01-03,20:00:00,1047.9,1048.41,1047.81,1047.86,291223161,0
2018-01-03,21:00:00,1047.86,1048.74,1047.78,1048.56,365695710,0
2018-01-03,22:00:00,1048.76,1049.33,1048.55,1049.06,900990513,0
2018-01-04,16:00:00,1049.08,1052.29,1049.08,1051.43,457498871,0
2018-01-04,17:00:00,1051.42,1051.46,1050.49,1051,534602278,0
2018-01-04,18:00:00,1051,1051.3,1050.57,1050.96,396562423,0
2018-01-04,19:00:00,1050.98,1052.21,1050.98,1051.97,310598765,0
2018-01-04,20:00:00,1051.97,1052.71,1051.87,1052.67,303245838,0
2018-01-04,21:00:00,1052.67,1053.08,1052.4,1053.02,343951894,0
2018-01-04,22:00:00,1053.03,1053.23,1051.97,1052.07,989723264,0
2018-01-05,16:00:00,1052.23,1053.99,1052.23,1053.52,356411991,0
2018-01-05,17:00:00,1053.32,1053.97,1052.51,1053.07,470967458,0
2018-01-05,18:00:00,1053.07,1053.84,1052.81,1053.6,368303747,0
2018-01-05,19:00:00,1053.59,1053.59,1052.41,1052.64,278803306,0
2018-01-05,20:00:00,1052.64,1053.41,1052.56,1053.17,251242441,0
2018-01-05,21:00:00,1053.18,1054.18,1053.18,1053.92,305552238,0
2018-01-05,22:00:00,1053.92,1055.31,1053.82,1055.07,897880535,0
2018-01-08,16:00:00,1055.06,1055.63,1053.39,1053.4,355572454,0
2018-01-08,17:00:00,1053.38,1053.86,1052.84,1053.51,437480608,0
2018-01-08,18:00:00,1053.53,1053.85,1053.46,1053.72,330592683,0
2018-01-08,19:00:00,1053.73,1054.81,1053.72,1054.81,269175649,0
2018-01-08,20:00:00,1054.81,1056,1054.81,1055.94,267539809,0
2018-01-08,21:00:00,1055.96,1056.75,1055.96,1056.73,316698957,0
2018-01-08,22:00:00,1056.72,1056.78,1056.38,1056.46,901573994,0
2018-01-09,16:00:00,1056.55,1057.51,1055.99,1055.99,377207867,0
2018-01-09,17:00:00,1055.99,1055.99,1054.45,1054.89,478865077,0
2018-01-09,18:00:00,1054.89,1055.69,1054.77,1055.55,367395273,0
2018-01-09,19:00:00,1055.55,1056.97,1055.49,1056.93,291434416,0
2018-01-09,20:00:00,1056.93,1057.52,1056.93,1057.51,285492146,0
2018-01-09,21:00:00,1057.53,1057.89,1057.44,1057.62,375724034,0
2018-01-09,22:00:00,1057.62,1057.88,1056.62,1056.82,955769022,0
2018-01-10,16:00:00,1056.73,1056.73,1054.05,1054.7,393874466,0
2018-01-10,17:00:00,1054.9,1055.69,1054.46,1055.1,511381904,0
2018-01-10,18:00:00,1055.11,1055.78,1055.11,1055.66,392477008,0
2018-01-10,19:00:00,1055.66,1056.79,1055.56,1056.79,300428935,0
2018-01-10,20:00:00,1056.79,1057.34,1056.57,1057.22,299510477,0
2018-01-10,21:00:00,1057.22,1057.27,1055.4,1055.44,409456476,0
2018-01-10,22:00:00,1055.46,1055.81,1055.24,1055.62,883985067,0
2018-01-11,16:00:00,1055.69,1059.73,1055.69,1059.51,379934765,0
2018-01-11,17:00:00,1059.51,1062.15,1059.32,1062.15,549541087,0
2018-01-11,18:00:00,1061.96,1062.94,1061.96,1062.64,419574082,0
2018-01-11,19:00:00,1062.64,1064.01,1062.32,1063.84,338495322,0
2018-01-11,20:00:00,1063.85,1064.13,1063.46,1063.59,305111579,0
2018-01-11,21:00:00,1063.61,1064.9,1063.5,1064.9,366364088,0
2018-01-11,22:00:00,1064.88,1065.22,1064.38,1065.19,959264592,0
2018-01-12,16:00:00,1065.21,1067.13,1065.21,1066.8,396571639,0
2018-01-12,17:00:00,1066.83,1067.76,1066.32,1067.57,531149292,0
2018-01-12,18:00:00,1067.43,1068.02,1066.56,1067.52,385197623,0
2018-01-12,19:00:00,1067.54,1067.77,1066.76,1067.35,307211518,0
2018-01-12,20:00:00,1067.15,1067.42,1066.76,1067.24,297487101,0
2018-01-12,21:00:00,1067.23,1067.61,1066.87,1067.58,363163018,0
2018-01-12,22:00:00,1067.57,1068.16,1067.01,1068.05,979055161,0
2018-01-16,16:00:00,1068.32,1071.78,1068.32,1071.7,498692185,0
2018-01-16,17:00:00,1071.72,1072.12,1070.62,1070.62,624815448,0
2018-01-16,18:00:00,1070.6,1070.71,1068.92,1068.92,473894357,0
2018-01-16,19:00:00,1068.88,1069.15,1067.43,1067.43,367689335,0
2018-01-16,20:00:00,1067.42,1067.86,1065.88,1065.88,322177032,0
2018-01-16,21:00:00,1065.88,1065.91,1061.2,1062.32,480469475,0
2018-01-16,22:00:00,1062.31,1063.8,1061.64,1061.9,1099717145,0
2018-01-17,16:00:00,1062.03,1064.07,1062.03,1062.3,408271976,0
2018-01-17,17:00:00,1062.21,1063.68,1062.21,1063.41,531333766,0
2018-01-17,18:00:00,1063.42,1064.14,1063.06,1063.78,406964692,0
2018-01-17,19:00:00,1063.79,1065.32,1063.79,1065.18,344611239,0
2018-01-17,20:00:00,1065.37,1066.06,1065,1065.7,315162015,0
2018-01-17,21:00:00,1065.71,1067.4,1065.7,1067.32,383894235,0
2018-01-17,22:00:00,1067.16,1067.49,1065.68,1065.99,1010447554,0
2018-01-18,16:00:00,1065.99,1065.99,1063.72,1064.28,389134095,0
2018-01-18,17:00:00,1064.31,1064.35,1061.81,1061.81,509816810,0
2018-01-18,18:00:00,1061.79,1063.22,1061.61,1062.59,406056543,0
2018-01-18,19:00:00,1062.58,1063.18,1062.39,1062.63,311133017,0
2018-01-18,20:00:00,1062.63,1063.02,1062.3,1062.79,300425874,0
2018-01-18,21:00:00,1062.79,1063.68,1062.74,1063.2,347337532,0
2018-01-18,22:00:00,1063.19,1063.39,1061.31,1061.48,1009146473,0
2018-01-19,16:00:00,1061.53,1062.54,1061.53,1061.87,470444351,0
2018-01-19,17:00:00,1061.89,1063.38,1061.48,1062.86,514124099,0
2018-01-19,18:00:00,1062.88,1063.63,1062.26,1063.13,377157955,0
2018-01-19,19:00:00,1063.32,1063.97,1063.14,1063.63,289083921,0
2018-01-19,20:00:00,1063.83,1064.16,1063.45,1064.01,282250011,0
2018-01-19,21:00:00,1064.01,1065.65,1064,1065.39,350229774,0
2018-01-19,22:00:00,1065.37,1066.16,1065,1065.99,1065473581,0
2018-01-22,16:00:00,1066.03,1066.52,1065.73,1066.07,376831280,0
2018-01-22,17:00:00,1066.08,1067.78,1066.07,1067.12,490274973,0
2018-01-22,18:00:00,1067.1,1067.6,1066.86,1067.58,391006446,0
2018-01-22,19:00:00,1067.6,1069.01,1067.57,1068.36,306163052,0
2018-01-22,20:00:00,1068.34,1069.15,1068.19,1069.15,265471257,0
2018-01-22,21:00:00,1068.98,1069.22,1068.37,1068.82,311672365,0
2018-01-22,22:00:00,1068.81,1070.57,1068.78,1070.57,965300527,0
2018-01-23,16:00:00,1070.58,1071.79,1069.97,1070.22,429829441,0
2018-01-23,17:00:00,1070.2,1071.46,1069.35,1071.29,523463960,0
2018-01-23,18:00:00,1071.47,1071.97,1071.21,1071.79,383974797,0
2018-01-23,19:00:00,1071.6,1071.97,1071.5,1071.97,293772667,0
2018-01-23,20:00:00,1071.97,1073.12,1071.97,1072.88,287566215,0
2018-01-23,21:00:00,1072.89,1074.24,1072.4,1074.02,344839221,0
2018-01-23,22:00:00,1074.02,1074.12,1073.26,1073.85,897237673,0
2018-01-24,16:00:00,1074.06,1076.67,1074.06,1076.49,423408471,0
2018-01-24,17:00:00,1076.46,1077.21,1075.81,1076.02,590788622,0
2018-01-24,18:00:00,1076.02,1076.63,1072.82,1073.13,490490427,0
2018-01-24,19:00:00,1073.11,1073.29,1071.75,1072.49,337379900,0
2018-01-24,20:00:00,1072.5,1074.44,1071.36,1073.94,404109697,0
2018-01-24,21:00:00,1074.14,1074.78,1073.23,1074.28,385937731,0
2018-01-24,22:00:00,1074.28,1074.45,1073.48,1073.72,985341610,0
2018-01-25,16:00:00,1073.73,1076.18,1072.58,1072.62,384857228,0
2018-01-25,17:00:00,1072.64,1073.15,1071.7,1072.04,510243387,0
2018-01-25,18:00:00,1072.01,1073.72,1071.8,1073.64,424970318,0
2018-01-25,19:00:00,1073.65,1073.93,1073.05,1073.26,327839116,0
2018-01-25,20:00:00,1073.26,1073.83,1072.85,1073.65,314253887,0
2018-01-25,21:00:00,1073.44,1073.65,1070.42,1070.87,462303440,0
2018-01-25,22:00:00,1070.87,1072.4,1070.36,1072.37,955778651,0
2018-01-26,16:00:00,1072.4,1074.19,1072.1,1073.1,362264897,0
2018-01-26,17:00:00,1073.1,1073.63,1072.14,1072.31,501151167,0
2018-01-26,18:00:00,1072.3,1073.07,1071.93,1072.3,373003800,0
2018-01-26,19:00:00,1072.29,1073.38,1072.25,1073.13,287194360,0
2018-01-26,20:00:00,1073.13,1073.75,1073.13,1073.29,289114065,0
2018-01-26,21:00:00,1073.29,1073.69,1072.91,1073.18,338255815,0
2018-01-26,22:00:00,1073.19,1074.82,1073.13,1074.82,915759223,0
2018-01-29,16:00:00,1074.82,1074.82,1070.85,1071.11,391156941,0
2018-01-29,17:00:00,1071.32,1071.33,1068.2,1068.48,504815944,0
2018-01-29,18:00:00,1068.46,1068.46,1067.21,1067.53,431601140,0
2018-01-29,19:00:00,1067.52,1068.32,1067.29,1068.14,293230429,0
2018-01-29,20:00:00,1068.13,1068.82,1067.93,1068.22,271754183,0
2018-01-29,21:00:00,1068.22,1068.56,1067.66,1068.03,335043123,0
2018-01-29,22:00:00,1068.05,1068.31,1065.31,1065.35,940673594,0
2018-01-30,16:00:00,1064.98,1064.98,1056.81,1056.97,447770164,0
2018-01-30,17:00:00,1056.92,1058.06,1055.15,1058.04,566486078,0
2018-01-30,18:00:00,1058.03,1058.11,1056.23,1056.35,439842487,0
2018-01-30,19:00:00,1056.33,1056.74,1055.54,1055.67,336116788,0
2018-01-30,20:00:00,1055.68,1056.55,1054.43,1056.3,351853276,0
2018-01-30,21:00:00,1056.3,1056.66,1055.2,1055.67,361682887,0
2018-01-30,22:00:00,1055.68,1056.73,1055.44,1055.49,973336593,0
2018-01-31,16:00:00,1055.7,1060,1055.7,1058.1,393770577,0
2018-01-31,17:00:00,1058.29,1058.91,1056.08,1056.14,540541694,0
2018-01-31,18:00:00,1056.16,1056.38,1055.05,1055.25,406324252,0
2018-01-31,19:00:00,1055.26,1055.69,1055.04,1055.27,304190822,0
2018-01-31,20:00:00,1055.28,1056.25,1055.23,1055.74,291364358,0
2018-01-31,21:00:00,1055.72,1056.4,1052.08,1053.1,491272901,0
2018-01-31,22:00:00,1053.11,1055.74,1052.53,1055.19,1296916039,0
2018-02-01,16:00:00,1055.1,1055.1,1052.75,1054.17,417567322,0
2018-02-01,17:00:00,1054.1,1054.96,1052.47,1052.48,562846879,0
2018-02-01,18:00:00,1052.5,1054.96,1051.99,1054.96,469552492,0
2018-02-01,19:00:00,1054.96,1055.76,1054.7,1055.23,325463595,0
2018-02-01,20:00:00,1055.24,1056.07,1054.5,1054.67,321329457,0
2018-02-01,21:00:00,1054.66,1054.81,1053,1054.43,381003461,0
2018-02-01,22:00:00,1054.43,1054.59,1052.15,1053.66,1023538445,0
2018-02-02,16:00:00,1053.6,1053.6,1043.97,1043.99,447101806,0
2018-02-02,17:00:00,1043.99,1043.99,1041.68,1042.9,493077184,0
2018-02-02,18:00:00,1042.93,1042.97,1040.74,1040.74,431280091,0
2018-02-02,19:00:00,1040.7,1042.67,1040.45,1041.9,310356633,0
2018-02-02,20:00:00,1041.88,1041.88,1040.3,1040.34,333616035,0
2018-02-02,21:00:00,1040.3,1040.3,1036.68,1036.78,475082686,0
2018-02-02,22:00:00,1036.81,1037.4,1035.2,1035.27,1229373447,0
2018-02-05,16:00:00,1035.23,1035.23,1028.7,1030.32,453653128,0
2018-02-05,17:00:00,1030.34,1033.91,1030.15,1033.42,514909439,0
2018-02-05,18:00:00,1033.51,1033.91,1031.43,1032.1,393294051,0
2018-02-05,19:00:00,1032.09,1032.1,1029.1,1029.11,365250747,0
2018-02-05,20:00:00,1029.29,1029.29,1024.76,1026.89,470560755,0
2018-02-05,21:00:00,1026.9,1026.99,1018.34,1018.34,574062746,0
2018-02-05,22:00:00,1018.19,1018.42,1010.14,1010.44,1737158307,0
2018-02-06,16:00:00,1009.92,1013.86,997.75,1011.61,634212451,0
2018-02-06,17:00:00,1011.78,1014.34,1005.04,1007.4,790891248,0
2018-02-06,18:00:00,1007.36,1007.6,1003.83,1006.78,598991166,0
2018-02-06,19:00:00,1006.79,1012.11,1006.79,1010.34,491544848,0
2018-02-06,20:00:00,1010.29,1010.29,1007.04,1007.2,444861530,0
2018-02-06,21:00:00,1007.14,1013.88,1006.74,1013.88,564720847,0
2018-02-06,22:00:00,1013.8,1018.33,1013.8,1015.9,1419067169,0
2018-02-07,16:00:00,1016.06,1019.58,1014.84,1019.54,449184150,0
2018-02-07,17:00:00,1019.51,1020.6,1018.03,1020.23,558172285,0
2018-02-07,18:00:00,1020.06,1021.39,1018.21,1019.14,496273108,0
2018-02-07,19:00:00,1019.14,1020.2,1018.19,1018.24,392162855,0
2018-02-07,20:00:00,1018.24,1018.61,1015.22,1016.82,462430653,0
2018-02-07,21:00:00,1017.02,1018.32,1015.02,1016.39,459541182,0
2018-02-07,22:00:00,1016.41,1018.88,1014.49,1014.5,1186440415,0
2018-02-08,16:00:00,1014.5,1015.25,1011.57,1013.16,410039865,0
2018-02-08,17:00:00,1013.11,1013.28,1008.28,1009.04,521875315,0
2018-02-08,18:00:00,1008.99,1009.43,1005.44,1006.57,560219461,0
2018-02-08,19:00:00,1006.52,1006.74,1000.32,1001.23,529388679,0
2018-02-08,20:00:00,1001.22,1005.78,1000.03,1005.02,530611359,0
2018-02-08,21:00:00,1005,1005.32,1001.32,1001.86,484568073,0
2018-02-08,22:00:00,1001.86,1002.82,993.6,993.68,1405897655,0
2018-02-09,16:00:00,993.69,999.26,993.68,997.8,429564322,0
2018-02-09,17:00:00,997.69,998.17,988.92,990.49,586447217,0
2018-02-09,18:00:00,990.55,992.27,986.61,986.63,530375183,0
2018-02-09,19:00:00,986.75,986.75,978.95,982.38,656062798,0
2018-02-09,20:00:00,982.23,984.1,977.65,983.15,606656978,0
2018-02-09,21:00:00,983.12,992.33,983.08,989.43,707507802,0
2018-02-09,22:00:00,989.26,998.25,986.87,995.3,1391424248,0
2018-02-12,16:00:00,995.6,1001.92,995.6,999.02,416502962,0
2018-02-12,17:00:00,999.03,999.79,995,997.78,524681271,0
2018-02-12,18:00:00,997.96,1000.94,996.65,1000.94,402631161,0
2018-02-12,19:00:00,1000.99,1003.77,1000.91,1002.99,351887965,0
2018-02-12,20:00:00,1003.01,1005.85,1002.37,1005.63,291435448,0
2018-02-12,21:00:00,1005.61,1006.8,1004.67,1005.46,375073108,0
2018-02-12,22:00:00,1005.47,1007.47,1003.89,1004.92,1149222630,0
2018-02-13,16:00:00,1004.85,1004.85,1002.23,1002.34,339391694,0
2018-02-13,17:00:00,1002.41,1004.6,1002.1,1004.51,447934569,0
2018-02-13,18:00:00,1004.5,1004.5,1002.97,1003.83,385630236,0
2018-02-13,19:00:00,1003.82,1003.84,1002.93,1003.41,274147511,0
2018-02-13,20:00:00,1003.41,1005.59,1003.37,1005.01,304330774,0
2018-02-13,21:00:00,1005.02,1006.13,1004.7,1006.07,318284304,0
2018-02-13,22:00:00,1006.06,1007.32,1005.24,1006.15,955400756,0
2018-02-14,16:00:00,1005.9,1005.9,1002.52,1004.84,356948718,0
2018-02-14,17:00:00,1004.91,1011.05,1004.24,1009.62,516766653,0
2018-02-14,18:00:00,1009.8,1010.76,1008.66,1009.9,392322896,0
2018-02-14,19:00:00,1009.9,1011.8,1009.88,1011.56,328348333,0
2018-02-14,20:00:00,1011.56,1014.99,1011.5,1014.88,379005617,0
2018-02-14,21:00:00,1014.88,1015.86,1014.56,1015.51,417463796,0
2018-02-14,22:00:00,1015.5,1016.87,1015.05,1016.15,1062718822,0
2018-02-15,16:00:00,1016.47,1019.72,1016.47,1018.91,428983919,0
2018-02-15,17:00:00,1018.75,1019.21,1015.46,1015.46,531550647,0
2018-02-15,18:00:00,1015.54,1017.52,1014.34,1017,401182421,0
2018-02-15,19:00:00,1017.21,1018.18,1016.86,1018.03,293361200,0
2018-02-15,20:00:00,1018.04,1019.29,1018.04,1019.04,308187524,0
2018-02-15,21:00:00,1019.05,1021.36,1019.05,1021.17,339013364,0
2018-02-15,22:00:00,1021.18,1022.13,1020.61,1022.13,958632751,0
2018-02-16,16:00:00,1021.99,1023.41,1020.85,1022.59,345317655,0
2018-02-16,17:00:00,1022.6,1025.19,1022.14,1024.75,447290662,0
2018-02-16,18:00:00,1024.76,1027.61,1024.76,1027.6,407553840,0
2018-02-16,19:00:00,1027.4,1028.05,1025.84,1026.47,381974669,0
2018-02-16,20:00:00,1026.28,1026.7,1023.74,1024.77,335911274,0
2018-02-16,21:00:00,1024.76,1025.31,1022.85,1024.92,362433090,0
2018-02-16,22:00:00,1024.95,1025.57,1024.05,1024.07,969205644,0
2018-02-20,16:00:00,1024.07,1024.26,1022.43,1023.05,358575009,0
2018-02-20,17:00:00,1023.06,1024.03,1021.36,1021.4,498698108,0
2018-02-20,18:00:00,1021.58,1024.27,1021.37,1024.08,382931510,0
2018-02-20,19:00:00,1024.08,1024.65,1023.63,1023.97,276948615,0
2018-02-20,20:00:00,1023.95,1024.05,1021.55,1022.2,282103265,0
2018-02-20,21:00:00,1022.27,1022.67,1019.9,1020.05,334311905,0
2018-02-20,22:00:00,1020.02,1020.45,1017.68,1019.1,989403919,0
2018-02-21,16:00:00,1019.13,1021.82,1019.13,1021.82,362433250,0
2018-02-21,17:00:00,1021.81,1023.61,1021.34,1023.21,504169110,0
2018-02-21,18:00:00,1023.24,1024.07,1022.62,1022.67,384880461,0
2018-02-21,19:00:00,1022.65,1023.2,1021.84,1023.2,306592159,0
2018-02-21,20:00:00,1023.21,1023.61,1022.76,1023.13,281273853,0
2018-02-21,21:00:00,1023.13,1025.61,1022.21,1022.36,450394315,0
2018-02-21,22:00:00,1022.34,1022.43,1016.36,1016.42,1069525436,0
2018-02-22,16:00:00,1016.43,1020.28,1016.43,1018.69,387546149,0
2018-02-22,17:00:00,1018.75,1020.46,1018.75,1019.34,492814984,0
2018-02-22,18:00:00,1019.41,1022.95,1019.41,1022.69,421611602,0
2018-02-22,19:00:00,1022.66,1023.07,1020.98,1021.21,318093546,0
2018-02-22,20:00:00,1021.32,1021.64,1018.36,1019.09,332566458,0
2018-02-22,21:00:00,1019.08,1020.04,1017.46,1017.46,332195264,0
2018-02-22,22:00:00,1017.45,1018.23,1016.08,1016.71,966870937,0
2018-02-23,16:00:00,1016.71,1020.97,1016.71,1020.71,315345391,0
2018-02-23,17:00:00,1020.78,1020.99,1018.99,1019.46,423776090,0
2018-02-23,18:00:00,1019.46,1021.26,1019.01,1021.25,365564624,0
2018-02-23,19:00:00,1021.26,1021.94,1020.65,1021.21,288570095,0
2018-02-23,20:00:00,1021.21,1021.86,1020.75,1021.82,253445220,0
2018-02-23,21:00:00,1021.82,1023.36,1021.48,1022.99,318686144,0
2018-02-23,22:00:00,1023,1024.87,1022.99,1024.87,891100541,0
2018-02-26,16:00:00,1024.87,1027.79,1024.87,1025.71,388036573,0
2018-02-26,17:00:00,1025.7,1026.07,1024.04,1024.63,444581020,0
2018-02-26,18:00:00,1024.82,1026.4,1024.58,1026.17,347797041,0
2018-02-26,19:00:00,1026.16,1028.31,1026.16,1028.14,286633955,0
2018-02-26,20:00:00,1028.14,1028.66,1027.83,1028.62,281646343,0
2018-02-26,21:00:00,1028.61,1028.88,1027.89,1028.05,336471974,0
2018-02-26,22:00:00,1028.07,1029.8,1027.98,1029.41,970871634,0
2018-02-27,16:00:00,1029.41,1030.48,1028.91,1029.18,369646500,0
2018-02-27,17:00:00,1029.18,1029.9,1024.5,1024.91,524011517,0
2018-02-27,18:00:00,1025.09,1025.88,1022.38,1022.56,432570971,0
2018-02-27,19:00:00,1022.56,1024.38,1021.61,1024.31,322154855,0
2018-02-27,20:00:00,1024.33,1024.49,1022.78,1023.16,279513756,0
2018-02-27,21:00:00,1023.15,1023.27,1021.45,1022.31,356472593,0
2018-02-27,22:00:00,1022.31,1022.42,1018.85,1018.85,1023560913,0
2018-02-28,16:00:00,1018.85,1021.5,1018.85,1020.15,375095001,0
2018-02-28,17:00:00,1020.16,1020.17,1016.21,1016.51,515452374,0
2018-02-28,18:00:00,1016.55,1016.97,1015.53,1016.97,387813960,0
2018-02-28,19:00:00,1017,1018.8,1016.89,1018.22,307434873,0
2018-02-28,20:00:00,1018.23,1018.29,1016.69,1017.75,299296159,0
2018-02-28,21:00:00,1017.75,1018.43,1014.34,1014.34,374002701,0
2018-02-28,22:00:00,1014.37,1014.7,1009.47,1009.47,1368854481,0
2018-03-01,16:00:00,1009.47,1009.86,1006.38,1006.97,396642836,0
2018-03-01,17:00:00,1006.95,1012.19,1006.81,1009.04,508998027,0
2018-03-01,18:00:00,1009.05,1011.95,1008.61,1011.65,392784724,0
2018-03-01,19:00:00,1011.64,1011.64,1008.86,1009,392795204,0
2018-03-01,20:00:00,1009.12,1009.12,1003.83,1003.89,434922399,0
2018-03-01,21:00:00,1003.86,1004.42,1001.08,1004.42,550982323,0
2018-03-01,22:00:00,1004.41,1007.31,1003.6,1005.11,1189834652,0
2018-03-02,16:00:00,1005.1,1005.1,998.47,999.02,395111684,0
2018-03-02,17:00:00,999.05,1001.48,999.03,1000.69,470754662,0
2018-03-02,18:00:00,1000.7,1004.99,1000.1,1004.99,426643298,0
2018-03-02,19:00:00,1005.02,1008,1004.64,1007.98,370396512,0
2018-03-02,20:00:00,1007.7,1007.78,1005.28,1006.54,324300253,0
2018-03-02,21:00:00,1006.54,1008.25,1006.54,1007.4,354928841,0
2018-03-02,22:00:00,1007.36,1010.29,1006.21,1009.72,1010965152,0
2018-03-05,16:00:00,1009.46,1009.56,1006.96,1008.04,280312849,0
2018-03-05,17:00:00,1008.05,1010.99,1007.5,1010.99,425835062,0
2018-03-05,18:00:00,1011.01,1014.48,1010.99,1014.47,404354235,0
2018-03-05,19:00:00,1014.27,1015.31,1013.66,1015.13,315410302,0
2018-03-05,20:00:00,1015.14,1016.15,1014.84,1015.39,299966475,0
2018-03-05,21:00:00,1015.39,1016.34,1014.03,1016.34,351940985,0
2018-03-05,22:00:00,1016.34,1017.38,1015.89,1016.1,1065195983,0
2018-03-06,16:00:00,1016.12,1019.21,1016.12,1018.47,328125389,0
2018-03-06,17:00:00,1018.45,1018.99,1015.72,1015.92,444266876,0
2018-03-06,18:00:00,1015.91,1018.1,1015.85,1018.1,317660678,0
2018-03-06,19:00:00,1018.1,1020.33,1017.92,1020.13,307585651,0
2018-03-06,20:00:00,1020.14,1020.88,1019.55,1020.1,294587398,0
2018-03-06,21:00:00,1020.09,1021.29,1019.79,1020.86,302146849,0
2018-03-06,22:00:00,1020.86,1021.57,1020.03,1021.22,942815182,0
2018-03-07,16:00:00,1021.06,1021.06,1017.17,1018.43,323254909,0
2018-03-07,17:00:00,1018.38,1021.44,1018.24,1021.43,447863410,0
2018-03-07,18:00:00,1021.44,1021.44,1018.36,1018.36,367698847,0
2018-03-07,19:00:00,1018.3,1019.01,1017.29,1018.75,314932473,0
2018-03-07,20:00:00,1018.72,1019.21,1017.35,1018.82,277972369,0
2018-03-07,21:00:00,1018.83,1020.56,1018.61,1020.05,322475553,0
2018-03-07,22:00:00,1020.07,1022.19,1020.07,1021.6,956434826,0
2018-03-08,16:00:00,1021.63,1023.59,1021.63,1021.88,266736666,0
2018-03-08,17:00:00,1021.88,1022.02,1020.38,1020.51,416253531,0
2018-03-08,18:00:00,1020.52,1021.53,1019.68,1020.52,338080729,0
2018-03-08,19:00:00,1020.52,1020.74,1019.01,1020.57,270457083,0
2018-03-08,20:00:00,1020.56,1021.04,1019.31,1019.87,247689352,0
2018-03-08,21:00:00,1019.87,1021.36,1019.34,1021.3,297922845,0
2018-03-08,22:00:00,1021.32,1022.66,1021.02,1022.25,913423759,0
2018-03-09,16:00:00,1022.25,1025.45,1022.25,1025.07,335010338,0
2018-03-09,17:00:00,1025.08,1027.05,1025.08,1026.8,460137050,0
2018-03-09,18:00:00,1026.81,1028.16,1026.24,1027.79,371371091,0
2018-03-09,19:00:00,1027.8,1028.55,1027.76,1028.19,293031996,0
2018-03-09,20:00:00,1028.19,1028.75,1028.13,1028.62,269963692,0
2018-03-09,21:00:00,1028.64,1029.74,1028.37,1029.55,333623553,0
2018-03-09,22:00:00,1029.55,1030.49,1029.24,1030.49,962116244,0
2018-03-12,15:00:00,1030.49,1033.97,1030.49,1033.32,320641943,0
2018-03-12,16:00:00,1033.17,1033.85,1031.98,1032.17,448552270,0
2018-03-12,17:00:00,1032.15,1032.43,1030.5,1031.49,341812210,0
2018-03-12,18:00:00,1031.51,1032.9,1031.51,1032.2,264103264,0
2018-03-12,19:00:00,1032.19,1033.42,1032.19,1032.32,260399762,0
2018-03-12,20:00:00,1032.31,1032.84,1031.81,1032.18,290911369,0
2018-03-12,21:00:00,1032.19,1033.52,1032.08,1032.66,926712606,0
2018-03-13,15:00:00,1032.66,1035.71,1032.66,1034.92,302902427,0
2018-03-13,16:00:00,1034.72,1035.37,1033.39,1033.48,435404073,0
2018-03-13,17:00:00,1033.48,1033.66,1032.16,1032.78,365400476,0
2018-03-13,18:00:00,1032.77,1033.1,1030.91,1032.82,303983159,0
2018-03-13,19:00:00,1032.81,1033.45,1031.83,1032.04,263198250,0
2018-03-13,20:00:00,1032.04,1032.24,1030.69,1031.12,306347356,0
2018-03-13,21:00:00,1031.12,1031.33,1028.92,1029.81,948820443,0
2018-03-14,15:00:00,1029.81,1032.05,1029.81,1030.39,320738074,0
2018-03-14,16:00:00,1030.44,1031.16,1028.6,1028.92,435390991,0
2018-03-14,17:00:00,1028.91,1029.02,1026.06,1026.71,408926557,0
2018-03-14,18:00:00,1026.7,1027.74,1026.34,1027.26,309455097,0
2018-03-14,19:00:00,1027.27,1028.9,1026.25,1028.31,283767558,0
2018-03-14,20:00:00,1028.31,1028.34,1026.25,1027.27,319436338,0
2018-03-14,21:00:00,1027.2,1027.23,1025.77,1026.32,947297075,0
2018-03-15,15:00:00,1026.33,1027.45,1025.22,1025.44,287207021,0
2018-03-15,16:00:00,1025.4,1026.14,1024.41,1024.99,413695866,0
2018-03-15,17:00:00,1024.97,1025.91,1021.65,1021.84,471004617,0
2018-03-15,18:00:00,1021.86,1022.94,1021.31,1021.58,361124945,0
2018-03-15,19:00:00,1021.57,1021.81,1020.47,1020.65,299240360,0
2018-03-15,20:00:00,1020.61,1020.69,1019.64,1020.41,347415433,0
2018-03-15,21:00:00,1020.44,1021.32,1020.38,1021.15,942155249,0
2018-03-16,15:00:00,1021.15,1022.77,1021.14,1022.02,517978787,0
2018-03-16,16:00:00,1022.05,1025.24,1022.04,1024.98,398695300,0
2018-03-16,17:00:00,1024.98,1026.81,1024.49,1026.05,345984305,0
2018-03-16,18:00:00,1026.05,1026.79,1025.49,1026.74,271310985,0
2018-03-16,19:00:00,1026.75,1026.87,1025.02,1025.12,242285710,0
2018-03-16,20:00:00,1025.15,1025.56,1024.84,1025.36,262209687,0
2018-03-16,21:00:00,1025.36,1026.65,1025.1,1025.8,2417063359,0
2018-03-19,15:00:00,1025.79,1025.79,1020.77,1021.24,278429230,0
2018-03-19,16:00:00,1021.24,1021.4,1017.96,1018.17,413414437,0
2018-03-19,17:00:00,1018.17,1018.38,1016.26,1016.39,353283525,0
2018-03-19,18:00:00,1016.38,1016.61,1014.93,1015.16,296498854,0
2018-03-19,19:00:00,1015.16,1015.26,1013.05,1015.08,300793768,0
2018-03-19,20:00:00,1015.27,1015.73,1013.7,1014.97,315929385,0
2018-03-19,21:00:00,1014.96,1017.71,1014.47,1017.37,948455639,0
2018-03-20,15:00:00,1017.37,1018.87,1017.37,1017.73,284623160,0
2018-03-20,16:00:00,1017.71,1018.21,1016.54,1016.93,432870600,0
2018-03-20,17:00:00,1016.96,1017.51,1016.12,1016.52,363399777,0
2018-03-20,18:00:00,1016.52,1017.01,1016.1,1016.29,299785067,0
2018-03-20,19:00:00,1016.11,1016.63,1014.97,1015.07,277646725,0
2018-03-20,20:00:00,1015.07,1016.41,1014.67,1016.11,322980166,0
2018-03-20,21:00:00,1016.13,1016.64,1015.57,1015.8,888383451,0
2018-03-21,15:00:00,1015.81,1017.58,1015.31,1017.52,312836536,0
2018-03-21,16:00:00,1017.51,1019.87,1017.38,1019.72,475284518,0
2018-03-21,17:00:00,1019.73,1021.23,1019.42,1021.13,370877500,0
2018-03-21,18:00:00,1021.13,1021.13,1020.48,1020.62,283777675,0
2018-03-21,19:00:00,1020.62,1020.84,1019.81,1020.5,256542216,0
2018-03-21,20:00:00,1020.49,1022.53,1018.54,1019.78,493267367,0
2018-03-21,21:00:00,1019.79,1021.91,1019.73,1019.88,905524451,0
2018-03-22,15:00:00,1019.88,1019.88,1014.24,1015.74,317805182,0
2018-03-22,16:00:00,1015.72,1017.46,1012.85,1012.95,451330326,0
2018-03-22,17:00:00,1012.98,1013.45,1010.41,1011.55,430047216,0
2018-03-22,18:00:00,1011.56,1014.56,1011.12,1013.45,357105814,0
2018-03-22,19:00:00,1013.44,1015.6,1012.44,1014.63,293741774,0
2018-03-22,20:00:00,1014.64,1014.89,1011.36,1011.56,332234114,0
2018-03-22,21:00:00,1011.36,1012.21,1005.31,1005.38,1139476253,0
2018-03-23,15:00:00,1005.39,1008.53,1004.75,1005.22,352755115,0
2018-03-23,16:00:00,1005.21,1006.98,1005.15,1006.8,467736809,0
2018-03-23,17:00:00,1006.8,1007.19,1002.05,1002.21,390428979,0
2018-03-23,18:00:00,1002.2,1003.83,1001.99,1002.66,325828130,0
2018-03-23,19:00:00,1002.67,1005.17,1002.31,1004.85,292457701,0
2018-03-23,20:00:00,1004.85,1005.22,999.14,999.33,381513187,0
2018-03-23,21:00:00,999.19,999.51,994.1,994.11,1205507522,0
2018-03-26,16:00:00,994.12,1002.37,994.12,1000.64,359952142,0
2018-03-26,17:00:00,1000.65,1001.25,998.2,998.22,466974842,0
2018-03-26,18:00:00,998.23,998.47,995.69,997.58,397049672,0
2018-03-26,19:00:00,997.58,998.62,996.38,996.57,300464293,0
2018-03-26,20:00:00,996.5,998.33,996.4,998.06,280388457,0
2018-03-26,21:00:00,998.07,1001.35,998.07,1000.77,349278913,0
2018-03-26,22:00:00,1000.75,1004.2,1000.69,1004.01,981705038,0
2018-03-27,16:00:00,1004.01,1005.33,1002.69,1003.83,329857952,0
2018-03-27,17:00:00,1003.86,1005.1,1002.62,1002.9,470040584,0
2018-03-27,18:00:00,1002.91,1005.87,1002.2,1005.81,349818195,0
2018-03-27,19:00:00,1005.8,1006.01,1004.65,1005.34,306819345,0
2018-03-27,20:00:00,1005.17,1006.74,1003.1,1004.06,289509658,0
2018-03-27,21:00:00,1004.07,1004.07,1001.12,1001.12,383969182,0
2018-03-27,22:00:00,1001.09,1001.09,993.98,995.92,1182771001,0
2018-03-28,16:00:00,995.92,996.66,994.47,996.17,381684793,0
2018-03-28,17:00:00,996.18,997.89,993.49,994.08,543607638,0
2018-03-28,18:00:00,994.14,995.61,993.33,994.83,432099086,0
2018-03-28,19:00:00,994.83,997.58,994.64,995.87,365159505,0
2018-03-28,20:00:00,995.76,997.65,994.89,996.78,352439375,0
2018-03-28,21:00:00,996.79,997.48,995.61,995.71,364978691,0
2018-03-28,22:00:00,995.7,995.92,993.65,995.12,975683550,0
2018-03-29,16:00:00,995.13,999.26,995.13,998.1,299988400,0
2018-03-29,17:00:00,998.12,1001.24,997.96,1001.24,436913977,0
2018-03-29,18:00:00,1001.32,1002.68,1000.8,1001.98,359136416,0
2018-03-29,19:00:00,1002.01,1002.52,1001.2,1002.28,263768175,0
2018-03-29,20:00:00,1002.28,1004.01,1001.75,1003.69,277885307,0
2018-03-29,21:00:00,1003.69,1005.22,1003.56,1004.57,333691987,0
2018-03-29,22:00:00,1004.53,1005.8,1003.07,1003.41,1169411470,0
