Date,Time,Open,High,Low,Close,Volume,OpenInt
2017-09-05,16:00:00,921.09,921.98,919.69,920.86,18671592,0
2017-09-05,17:00:00,920.86,921.29,919.19,919.56,19343257,0
2017-09-05,18:00:00,919.54,920.11,918.2,918.87,11986425,0
2017-09-05,19:00:00,918.84,918.89,915.62,915.88,12690619,0
2017-09-05,20:00:00,915.88,916.25,914.62,915.86,9455602,0
2017-09-05,21:00:00,915.82,916.48,915.18,915.97,11539633,0
2017-09-05,22:00:00,915.97,917.36,915.04,915.25,20163101,0
2017-09-06,16:00:00,915.21,920.72,915.21,918.67,14662754,0
2017-09-06,17:00:00,918.95,920.58,918.95,919.56,19490173,0
2017-09-06,18:00:00,919.56,919.78,918.54,919.05,13091368,0
2017-09-06,19:00:00,919.09,919.45,917.97,918.44,12004555,0
2017-09-06,20:00:00,918.44,918.98,917.9,918.56,11972473,0
2017-09-06,21:00:00,918.57,918.99,917.7,917.98,10050069,0
2017-09-06,22:00:00,917.98,919.35,917.39,919.34,19580493,0
2017-09-07,16:00:00,919.31,921.02,918.44,918.61,15019092,0
2017-09-07,17:00:00,918.7,919.48,918.28,919.33,18949250,0
2017-09-07,18:00:00,919.28,919.72,918.58,919.24,14444509,0
2017-09-07,19:00:00,919.34,919.85,918.75,918.75,10732006,0
2017-09-07,20:00:00,918.79,920.24,918.75,919.73,9635925,0
2017-09-07,21:00:00,919.71,919.94,918.49,918.68,10590331,0
2017-09-07,22:00:00,918.72,922.68,918.32,922.68,20933517,0
2017-09-08,16:00:00,922.57,922.57,919.69,919.78,11766761,0
2017-09-08,17:00:00,919.77,920.27,915.78,915.8,15925733,0
2017-09-08,18:00:00,915.78,916.77,915.4,916.54,12601487,0
2017-09-08,19:00:00,916.49,917.17,916,916.71,9747555,0
2017-09-08,20:00:00,916.7,916.92,914.35,914.35,9269700,0
2017-09-08,21:00:00,914.37,916.24,914.18,915.86,10595862,0
2017-09-08,22:00:00,915.89,917.73,914.74,917.72,20660405,0
2017-09-11,16:00:00,917.93,920.88,917.93,920.53,14784037,0
2017-09-11,17:00:00,920.55,921.15,918.35,919,17400690,0
2017-09-11,18:00:00,918.98,922.19,918.4,921.61,12064758,0
2017-09-11,19:00:00,921.65,922.27,920.71,920.82,9608374,0
2017-09-11,20:00:00,920.99,921.17,919.39,919.47,9077272,0
2017-09-11,21:00:00,919.42,920.95,919.01,920.77,10019296,0
2017-09-11,22:00:00,920.77,921.19,919.37,920.28,16705629,0
2017-09-12,16:00:00,920,921.01,919.27,920.66,11680566,0
2017-09-12,17:00:00,920.56,920.8,919.25,920.39,17359902,0
2017-09-12,18:00:00,920.45,921.73,920.36,921.58,11238728,0
2017-09-12,19:00:00,921.58,922.44,921.3,922.19,8931435,0
2017-09-12,20:00:00,922.2,923.2,922.15,922.83,8304530,0
2017-09-12,21:00:00,922.8,923.45,922.1,922.87,8398842,0
2017-09-12,22:00:00,922.78,923.19,921.05,923.04,17021089,0
2017-09-13,16:00:00,922.45,923.54,921.65,922.63,16842976,0
2017-09-13,17:00:00,922.61,923.4,921.56,922.41,19630068,0
2017-09-13,18:00:00,922.44,924.25,922.43,924.14,12256828,0
2017-09-13,19:00:00,924.18,924.33,922.56,922.82,10724052,0
2017-09-13,20:00:00,922.84,923.33,922.48,922.82,9628578,0
2017-09-13,21:00:00,922.84,923.59,922.35,922.96,11410746,0
2017-09-13,22:00:00,922.94,924.14,922.65,924.14,19184481,0
2017-09-14,16:00:00,924.22,924.94,922.98,924.61,14728872,0
2017-09-14,17:00:00,924.54,924.86,922.37,923.36,15076153,0
2017-09-14,18:00:00,923.45,924.07,922.12,922.53,12540718,0
2017-09-14,19:00:00,922.5,923.42,922.23,922.62,9767143,0
2017-09-14,20:00:00,922.58,924.68,922.29,923.61,10552345,0
2017-09-14,21:00:00,923.59,924.56,923.38,924.02,9228748,0
2017-09-14,22:00:00,924.05,924.36,922.48,923.52,19448726,0
2017-09-15,16:00:00,925.57,925.57,922.64,923.12,16294864,0
2017-09-15,17:00:00,923.03,923.58,922.34,923.01,12880654,0
2017-09-15,18:00:00,922.98,924.21,922.49,923.65,11707884,0
2017-09-15,19:00:00,923.68,924.63,923.46,924.23,10183799,0
2017-09-15,20:00:00,924.21,924.65,923.18,923.88,7940285,0
2017-09-15,21:00:00,923.88,924.25,923.12,923.67,9393233,0
2017-09-15,22:00:00,923.66,923.97,922.23,922.69,60031958,0
2017-09-18,16:00:00,922.53,924.42,922.02,922.99,15059102,0
2017-09-18,17:00:00,923,924.56,920.02,920.47,19364054,0
2017-09-18,18:00:00,920.48,920.95,918.69,919.18,11903297,0
2017-09-18,19:00:00,919.36,920.08,919.02,919.45,8789159,0
2017-09-18,20:00:00,919.48,923.76,918.98,923.51,10065001,0
2017-09-18,21:00:00,923.51,923.52,922.48,922.95,10304071,0
2017-09-18,22:00:00,922.95,923.82,921.96,923.82,20277851,0
2017-09-19,16:00:00,925.15,925.25,923.72,924.33,14522970,0
2017-09-19,17:00:00,924.35,924.89,923.14,923.33,15534445,0
2017-09-19,18:00:00,923.34,924.16,922.9,923.71,9294845,0
2017-09-19,19:00:00,923.71,923.95,922.3,922.32,10106676,0
2017-09-19,20:00:00,922.33,922.46,921.61,921.75,7732280,0
2017-09-19,21:00:00,921.73,922.65,921.02,922.49,7577498,0
2017-09-19,22:00:00,922.45,922.79,921.18,922.75,17940078,0
2017-09-20,16:00:00,922.92,925.43,922.92,924.97,14990001,0
2017-09-20,17:00:00,925.01,926.34,924.16,925.18,17419379,0
2017-09-20,18:00:00,925.12,925.69,921.54,923.17,12047753,0
2017-09-20,19:00:00,923.1,923.45,922.18,922.56,8766211,0
2017-09-20,20:00:00,922.57,923.09,921.86,922.01,9487763,0
2017-09-20,21:00:00,922.16,922.19,917.73,918.46,16055514,0
2017-09-20,22:00:00,918.48,919.26,918.16,918.87,19847406,0
2017-09-21,16:00:00,919.08,919.59,917.3,918.03,14428339,0
2017-09-21,17:00:00,917.88,918.15,916.6,917.8,14429597,0
2017-09-21,18:00:00,917.63,918.25,917.31,917.83,9999358,0
2017-09-21,19:00:00,917.78,917.95,917.02,917.59,6738882,0
2017-09-21,20:00:00,917.55,917.71,916.75,916.82,6785949,0
2017-09-21,21:00:00,916.78,916.83,915.95,916.16,7484364,0
2017-09-21,22:00:00,916.07,917.5,915.81,916.66,14829080,0
2017-09-22,16:00:00,918.22,919.54,917.19,919.01,9520785,0
2017-09-22,17:00:00,918.99,919.77,917.73,919.31,11445189,0
2017-09-22,18:00:00,919.32,919.54,917.63,918.02,8562120,0
2017-09-22,19:00:00,918.02,919.48,917.44,918.99,9478764,0
2017-09-22,20:00:00,919,919.81,917.39,919.31,6672019,0
2017-09-22,21:00:00,919.31,920.14,918.83,919.67,8841755,0
2017-09-22,22:00:00,919.74,922.47,917.6,922.46,19162071,0
2017-09-25,16:00:00,921.08,921.94,920.21,920.68,17182043,0
2017-09-25,17:00:00,920.73,920.84,918.97,920.01,17567566,0
2017-09-25,18:00:00,919.99,920.34,918.69,918.96,16414809,0
2017-09-25,19:00:00,919.01,920.45,918.59,919.57,11505792,0
2017-09-25,20:00:00,919.55,920.61,919.55,920.18,9823980,0
2017-09-25,21:00:00,920.16,921.69,920.16,920.37,9841540,0
2017-09-25,22:00:00,920.38,920.91,918.27,918.28,21593024,0
2017-09-26,16:00:00,918.6,920.11,917.99,919.46,15860022,0
2017-09-26,17:00:00,919.38,920.75,919.22,920.44,20523292,0
2017-09-26,18:00:00,920.42,920.81,918.96,919.23,15377972,0
2017-09-26,19:00:00,919.27,919.89,918.59,918.96,12888532,0
2017-09-26,20:00:00,918.95,919.9,918.16,919.9,9165384,0
2017-09-26,21:00:00,919.92,921.24,919.86,920.69,9569862,0
2017-09-26,22:00:00,920.67,920.88,917.04,918.91,20229250,0
2017-09-27,16:00:00,922.03,922.03,919.91,920.3,13375827,0
2017-09-27,17:00:00,920.34,920.68,918.45,918.98,16046830,0
2017-09-27,18:00:00,918.97,919.24,917.56,918.62,10284070,0
2017-09-27,19:00:00,918.64,921.04,918.56,921.04,9563770,0
2017-09-27,20:00:00,920.96,922.95,920.95,922.92,8734421,0
2017-09-27,21:00:00,922.95,923.28,922.41,922.75,9248088,0
2017-09-27,22:00:00,922.69,923.93,921.8,922.64,18858307,0
2017-09-28,16:00:00,922.56,923.08,921.97,922.61,10778483,0
2017-09-28,17:00:00,922.7,923.08,921.28,922.71,13142202,0
2017-09-28,18:00:00,922.65,923.4,921.95,922.17,12282346,0
2017-09-28,19:00:00,922.16,922.64,921.09,922.46,9164718,0
2017-09-28,20:00:00,922.45,923.17,922.18,922.82,8092377,0
2017-09-28,21:00:00,922.8,923.42,922.17,923.13,8681141,0
2017-09-28,22:00:00,923.15,923.64,922.23,922.97,19002951,0
2017-09-29,16:00:00,923.14,923.14,919.17,919.32,11769207,0
2017-09-29,17:00:00,919.22,921.45,919.14,921.45,15719917,0
2017-09-29,18:00:00,921.47,921.98,920.8,921.04,10154618,0
2017-09-29,19:00:00,920.99,921.88,920.76,921.86,8600304,0
2017-09-29,20:00:00,921.89,921.89,920.89,921.34,8484370,0
2017-09-29,21:00:00,921.33,921.77,921.02,921.66,10199439,0
2017-09-29,22:00:00,921.75,923.66,920.86,920.93,22136574,0
2017-10-02,16:00:00,921.49,925.34,921.49,924.92,13954919,0
2017-10-02,17:00:00,924.89,927.06,924.81,926.05,17521838,0
2017-10-02,18:00:00,926.08,926.66,924.78,926.22,14701707,0
2017-10-02,19:00:00,926.2,927.03,925.51,926.59,10375427,0
2017-10-02,20:00:00,926.57,927.2,926.52,927,10489906,0
2017-10-02,21:00:00,926.99,927.65,924.78,925.26,11681874,0
2017-10-02,22:00:00,925.26,926.33,924.94,925.29,22682972,0
2017-10-03,16:00:00,925.36,925.94,924.64,925.42,15301244,0
2017-10-03,17:00:00,925.56,925.77,923.91,924.57,18134119,0
2017-10-03,18:00:00,924.52,924.99,923.89,924.08,11875449,0
2017-10-03,19:00:00,924.09,925.19,923.85,925.1,10041733,0
2017-10-03,20:00:00,925.09,926.23,924.89,925.79,10856062,0
2017-10-03,21:00:00,925.76,925.84,924.34,924.83,12440611,0
2017-10-03,22:00:00,924.85,925.61,922.09,922.1,19233977,0
2017-10-04,16:00:00,922.82,923.27,922.15,922.71,13038998,0
2017-10-04,17:00:00,922.9,923.49,922.22,923.04,21150253,0
2017-10-04,18:00:00,923.08,923.88,922.68,923.79,12790709,0
2017-10-04,19:00:00,923.78,924.13,922.39,922.81,9837590,0
2017-10-04,20:00:00,922.77,922.89,920.88,921.4,9641682,0
2017-10-04,21:00:00,921.38,921.72,919.55,920.27,8818800,0
2017-10-04,22:00:00,920.26,921.52,920.26,920.36,18801054,0
2017-10-05,16:00:00,920.43,921.7,920.17,921.55,21212006,0
2017-10-05,17:00:00,921.53,922.1,921.02,921.77,23205093,0
2017-10-05,18:00:00,921.79,922.21,921.35,921.84,13751113,0
2017-10-05,19:00:00,921.87,921.94,920.88,920.99,11937024,0
2017-10-05,20:00:00,921.01,922.15,920.73,921.7,11815003,0
2017-10-05,21:00:00,921.82,922.05,920.86,921.78,12110798,0
2017-10-05,22:00:00,921.83,922.21,921.3,921.73,26653205,0
2017-10-06,16:00:00,923.04,923.87,920.89,921.06,23765638,0
2017-10-06,17:00:00,921.09,921.28,919.42,919.66,23495213,0
2017-10-06,18:00:00,919.65,921.51,919.47,921.34,18249671,0
2017-10-06,19:00:00,921.28,922.06,920.43,921.82,12453054,0
2017-10-06,20:00:00,921.82,922.05,921.05,921.53,14830541,0
2017-10-06,21:00:00,921.43,921.92,920.69,921.76,14109323,0
2017-10-06,22:00:00,921.88,929.59,921.23,929.59,29472415,0
2017-10-09,16:00:00,930.73,931.86,928.57,929.06,15671273,0
2017-10-09,17:00:00,929.08,931.22,928.16,930.43,16317969,0
2017-10-09,18:00:00,930.31,930.33,926.73,927.77,14957224,0
2017-10-09,19:00:00,927.74,928.19,926.74,927,10518611,0
2017-10-09,20:00:00,927,927.47,925.46,925.53,8498380,0
2017-10-09,21:00:00,925.55,927.25,925.23,927.14,9821198,0
2017-10-09,22:00:00,927.18,928.32,926.66,927.72,18374617,0
2017-10-10,16:00:00,929.09,930.08,927.86,928.42,16953051,0
2017-10-10,17:00:00,928.33,928.79,927.43,927.94,13840070,0
2017-10-10,18:00:00,927.97,927.97,926.62,927.53,13988873,0
2017-10-10,19:00:00,927.5,927.67,926.88,927.28,12045037,0
2017-10-10,20:00:00,927.27,927.72,926.64,926.8,8480491,0
2017-10-10,21:00:00,926.73,927.1,926.24,926.96,9005727,0
2017-10-10,22:00:00,926.89,928.48,926.37,927.61,19721405,0
2017-10-11,16:00:00,928.75,928.75,926.68,927.61,14238745,0
2017-10-11,17:00:00,927.71,928.78,926.02,926.21,17119067,0
2017-10-11,18:00:00,926.18,927.03,925.93,926.5,14208906,0
2017-10-11,19:00:00,926.5,927.01,925.65,925.96,9347845,0
2017-10-11,20:00:00,925.95,926.32,925.14,925.48,7814747,0
2017-10-11,21:00:00,925.49,926.72,924.67,924.67,14162914,0
2017-10-11,22:00:00,924.66,926.33,924.4,925.5,24634660,0
2017-10-12,16:00:00,926.14,926.4,923.45,923.54,13526028,0
2017-10-12,17:00:00,923.57,925.56,923.36,925.03,17332841,0
2017-10-12,18:00:00,925.02,925.92,924.58,925.88,12361629,0
2017-10-12,19:00:00,925.91,926.58,925.25,925.55,11621176,0
2017-10-12,20:00:00,925.51,925.66,923.93,924.06,8177296,0
2017-10-12,21:00:00,924.09,924.23,923.33,923.88,10072882,0
2017-10-12,22:00:00,923.91,924.4,920.04,920.04,19904365,0
2017-10-13,16:00:00,920.86,922.83,920.86,922.01,16185703,0
2017-10-13,17:00:00,921.89,921.96,919.52,919.65,14777626,0
2017-10-13,18:00:00,919.69,919.7,918.95,919.26,10702794,0
2017-10-13,19:00:00,919.22,919.59,918.38,919.24,7344700,0
2017-10-13,20:00:00,919.24,919.29,918.1,918.67,9409644,0
2017-10-13,21:00:00,918.69,918.69,917,917.31,9514330,0
2017-10-13,22:00:00,917.45,918.36,917.09,918.06,18311665,0
2017-10-16,16:00:00,918.13,921.47,918.13,919.69,31447874,0
2017-10-16,17:00:00,919.73,921.08,917.58,917.78,37518540,0
2017-10-16,18:00:00,917.73,917.78,916.06,916.52,18942940,0
2017-10-16,19:00:00,916.51,916.89,915.12,915.34,19433132,0
2017-10-16,20:00:00,915.45,915.64,914.37,915.4,16159685,0
2017-10-16,21:00:00,915.41,915.41,913.04,913.79,17401221,0
2017-10-16,22:00:00,913.78,914.62,913.37,914.61,36240210,0
2017-10-17,16:00:00,914.75,920.77,913.49,920.31,32754617,0
2017-10-17,17:00:00,920.36,920.7,918.59,918.96,55479556,0
2017-10-17,18:00:00,918.93,919.76,917.13,917.34,36245056,0
2017-10-17,19:00:00,917.33,917.77,916.67,916.91,23127718,0
2017-10-17,20:00:00,916.92,917.37,915.12,915.31,20440223,0
2017-10-17,21:00:00,915.26,915.81,915.13,915.21,16956334,0
2017-10-17,22:00:00,915.2,915.55,914.53,915.55,29905447,0
2017-10-18,16:00:00,916.62,917.46,911.44,911.44,30021045,0
2017-10-18,17:00:00,911.25,913.08,909.54,912.16,31342222,0
2017-10-18,18:00:00,912.08,912.18,910.97,911.03,18023421,0
2017-10-18,19:00:00,911.06,912.03,910.7,911.28,14132863,0
2017-10-18,20:00:00,911.22,912.19,910.98,911.99,10862667,0
2017-10-18,21:00:00,912.04,913.2,911.95,912.96,14599164,0
2017-10-18,22:00:00,912.96,914.29,911.36,911.36,20378960,0
2017-10-19,16:00:00,911,911,907.47,907.79,18381618,0
2017-10-19,17:00:00,907.8,908.33,906.91,907.87,17698515,0
2017-10-19,18:00:00,907.87,910.03,907.63,908.06,14584390,0
2017-10-19,19:00:00,908.06,908.63,904.74,905.54,8812902,0
2017-10-19,20:00:00,905.5,905.9,904.8,905.14,10306190,0
2017-10-19,21:00:00,905.13,905.46,903.71,904.24,10461914,0
2017-10-19,22:00:00,904.2,907.2,903.86,907.18,18058628,0
2017-10-20,16:00:00,907.21,908.97,905.96,907.07,27719485,0
2017-10-20,17:00:00,907.06,907.56,905.95,907.12,22379303,0
2017-10-20,18:00:00,907.1,908.53,906.22,907.94,16462320,0
2017-10-20,19:00:00,907.96,908.39,905.31,906.51,11367515,0
2017-10-20,20:00:00,906.37,906.93,905.53,905.55,10840830,0
2017-10-20,21:00:00,905.65,905.67,902.94,903.19,11048706,0
2017-10-20,22:00:00,903.19,904.44,902.56,903.43,24264643,0
2017-10-23,16:00:00,903.19,903.41,900.78,901.3,17086671,0
2017-10-23,17:00:00,901.22,901.45,897.57,897.65,17255784,0
2017-10-23,18:00:00,897.67,898.49,896.45,897.37,13833449,0
2017-10-23,19:00:00,897.41,898.85,897.41,898.01,12466262,0
2017-10-23,20:00:00,898.06,898.47,897.06,897.13,9763324,0
2017-10-23,21:00:00,897.22,897.93,895.92,896.8,9237054,0
2017-10-23,22:00:00,896.77,897.46,894.64,894.97,17108410,0
2017-10-24,16:00:00,894.86,896.43,894.71,896.2,11771114,0
2017-10-24,17:00:00,896.48,897.78,895.9,895.93,14960037,0
2017-10-24,18:00:00,895.96,896.92,894.68,894.84,12245217,0
2017-10-24,19:00:00,894.91,897.19,894.67,896.31,11455373,0
2017-10-24,20:00:00,896.27,896.8,895.32,896.48,9958407,0
2017-10-24,21:00:00,896.42,896.92,895.34,895.51,11344888,0
2017-10-24,22:00:00,895.5,896.52,894.15,895.98,21397539,0
2017-10-25,16:00:00,896.57,898.38,895.96,896.64,19381071,0
2017-10-25,17:00:00,896.6,896.68,893.15,893.47,26890248,0
2017-10-25,18:00:00,893.47,894.01,890.77,891.28,15777652,0
2017-10-25,19:00:00,891.28,891.36,890.11,890.78,11569084,0
2017-10-25,20:00:00,890.82,891.83,889.92,891.7,9588914,0
2017-10-25,21:00:00,891.66,892.07,891.09,891.43,8714987,0
2017-10-25,22:00:00,891.3,891.66,890.61,891.32,20931467,0
2017-10-26,16:00:00,891.24,891.91,889.84,890.41,12987315,0
2017-10-26,17:00:00,890.43,891.43,890.02,890.79,16375026,0
2017-10-26,18:00:00,890.78,891.94,890.14,891.33,11428968,0
2017-10-26,19:00:00,891.33,891.36,889.93,890.52,11087479,0
2017-10-26,20:00:00,890.4,890.67,889.57,889.75,11181821,0
2017-10-26,21:00:00,889.77,890.73,888.22,890.34,9627140,0
2017-10-26,22:00:00,890.41,892.12,889.38,890.56,24625134,0
2017-10-27,16:00:00,890.69,891.37,889.41,890.94,18967400,0
2017-10-27,17:00:00,891.03,892.69,890.45,890.47,20703644,0
2017-10-27,18:00:00,890.44,892.41,890.14,891.53,14042418,0
2017-10-27,19:00:00,891.6,892.86,891.55,892.22,10757908,0
2017-10-27,20:00:00,892.18,892.61,891.83,892.13,9578029,0
2017-10-27,21:00:00,892.2,892.86,891.63,891.94,14053709,0
2017-10-27,22:00:00,891.97,894.76,891.91,894.76,23280002,0
2017-10-30,17:00:00,895.46,895.46,894.65,894.76,52538109,0
2017-10-30,18:00:00,894.75,894.83,893.44,893.63,10938037,0
2017-10-30,19:00:00,893.7,893.72,892.61,892.88,11847294,0
2017-10-30,20:00:00,892.89,894.06,891.97,893.79,11075554,0
2017-10-30,21:00:00,893.77,894.23,892.86,893.57,25912819,0
2017-10-31,17:00:00,891.77,892.26,891.55,891.77,51200161,0
2017-10-31,18:00:00,891.87,891.92,890.43,891.44,12733622,0
2017-10-31,19:00:00,891.43,891.77,891,891.54,13225855,0
2017-10-31,20:00:00,891.49,892.99,891.47,892.82,10917333,0
2017-10-31,21:00:00,892.74,895.17,892.67,895.16,31673507,0
2017-11-01,16:00:00,896.56,896.56,891.56,891.56,29497655,0
2017-11-01,17:00:00,891.59,894.73,890.91,890.97,11419454,0
2017-11-01,18:00:00,890.9,891.63,889.79,890.84,11184293,0
2017-11-01,19:00:00,890.85,891.3,889.4,889.78,9506788,0
2017-11-01,20:00:00,889.81,889.9,888.41,888.94,10109222,0
2017-11-01,21:00:00,888.94,891.07,888.51,891.03,19634005,0
2017-11-02,16:00:00,887.9,889.84,887.69,889.24,34053730,0
2017-11-02,17:00:00,889.21,890.49,888.82,890.3,18322706,0
2017-11-02,18:00:00,890.28,890.38,889.02,889.06,15747749,0
2017-11-02,19:00:00,889.02,889.41,888.21,888.62,13113432,0
2017-11-02,20:00:00,888.59,888.87,887.73,888.35,12751888,0
2017-11-02,21:00:00,888.36,892.63,887.96,892.63,21772499,0
2017-11-03,16:00:00,890.59,890.66,889.43,889.55,32767153,0
2017-11-03,17:00:00,889.53,889.6,887.76,888.66,16406640,0
2017-11-03,18:00:00,888.72,889.69,888.47,889.23,9159482,0
2017-11-03,19:00:00,889.23,889.59,886.83,886.9,9183439,0
2017-11-03,20:00:00,886.94,888.83,886.87,888.77,10581443,0
2017-11-03,21:00:00,888.78,889.51,887.51,887.52,19957298,0
2017-11-06,16:00:00,887.54,891.36,887.23,889.39,13005048,0
2017-11-06,17:00:00,889.41,892.44,889.21,890.77,15474094,0
2017-11-06,18:00:00,890.71,892.66,890.23,892.22,15015358,0
2017-11-06,19:00:00,892.22,893.12,891.3,892.21,12021880,0
2017-11-06,20:00:00,892.2,893.34,891.72,893.11,10858831,0
2017-11-06,21:00:00,893.15,894.07,893.15,893.86,12702767,0
2017-11-06,22:00:00,894.16,894.2,892.4,894.11,21106365,0
2017-11-07,16:00:00,895.39,895.67,893.01,894.6,18471215,0
2017-11-07,17:00:00,894.57,894.73,891.29,892.17,21389351,0
2017-11-07,18:00:00,892.16,892.91,891.94,892.32,15865924,0
2017-11-07,19:00:00,892.34,892.54,890.94,891.26,11789109,0
2017-11-07,20:00:00,891.23,892.57,890.58,892.41,10736931,0
2017-11-07,21:00:00,892.39,892.85,890.77,891.4,9715120,0
2017-11-07,22:00:00,891.41,891.54,889.5,890.95,19400965,0
2017-11-08,16:00:00,891.9,892.42,890.32,891.35,21270923,0
2017-11-08,17:00:00,891.41,892.13,890.33,891.62,36652961,0
2017-11-08,18:00:00,891.71,891.74,888.61,888.82,37714247,0
2017-11-08,19:00:00,888.82,889.13,888.02,888.2,18133923,0
2017-11-08,20:00:00,888.16,889.51,888.02,889.29,14651394,0
2017-11-08,21:00:00,889.32,889.86,888.63,888.97,14987367,0
2017-11-08,22:00:00,889.06,889.09,887.42,888.18,22326495,0
2017-11-09,16:00:00,888.19,889.34,885.33,885.49,28670198,0
2017-11-09,17:00:00,885.51,889.34,885.29,889.34,31006345,0
2017-11-09,18:00:00,889.24,890.55,888.67,888.98,19812887,0
2017-11-09,19:00:00,889,889.29,887.63,888.17,13124866,0
2017-11-09,20:00:00,888.17,889.29,887.82,889.01,11757255,0
2017-11-09,21:00:00,888.95,888.95,887.22,888.34,12442417,0
2017-11-09,22:00:00,888.35,891.16,887.38,891.16,30256507,0
2017-11-10,16:00:00,891.75,894.19,890.63,893.85,26060167,0
2017-11-10,17:00:00,893.91,895.03,893.02,893.15,29016041,0
2017-11-10,18:00:00,893.16,893.47,891.54,892.22,17222169,0
2017-11-10,19:00:00,892.22,892.22,890.21,892.09,12025716,0
2017-11-10,20:00:00,892.09,892.58,888.31,888.61,10433010,0
2017-11-10,21:00:00,888.58,889.45,887.59,889.3,10530880,0
2017-11-10,22:00:00,889.28,889.98,887.04,887.04,20695540,0
2017-11-13,16:00:00,884.3,886.81,882.34,884.54,20286264,0
2017-11-13,17:00:00,884.6,885.08,883.32,883.44,20358867,0
2017-11-13,18:00:00,883.31,883.76,881.42,881.83,14410290,0
2017-11-13,19:00:00,881.84,883.41,881.84,882.7,11372008,0
2017-11-13,20:00:00,882.66,882.77,880.46,880.46,10196341,0
2017-11-13,21:00:00,880.44,881.49,880.13,880.85,10588376,0
2017-11-13,22:00:00,880.88,881.2,878.88,880.74,22904176,0
2017-11-14,16:00:00,878.62,878.62,875.94,876.27,20386514,0
2017-11-14,17:00:00,876.32,876.32,873.03,873.44,24399681,0
2017-11-14,18:00:00,873.47,873.99,871.09,871.43,14964751,0
2017-11-14,19:00:00,871.41,871.69,870.31,870.89,11848005,0
2017-11-14,20:00:00,870.77,871.04,868.27,868.43,12570733,0
2017-11-14,21:00:00,868.43,868.63,867.11,868.11,15329125,0
2017-11-14,22:00:00,868.16,870.37,868.04,870.36,25616826,0
2017-11-15,16:00:00,870.67,870.67,863.61,863.9,16486112,0
2017-11-15,17:00:00,863.9,865.79,863.67,864.67,17647425,0
2017-11-15,18:00:00,864.63,866.39,864.26,865.23,13792087,0
2017-11-15,19:00:00,865.29,865.33,864.09,864.59,9541117,0
2017-11-15,20:00:00,864.67,865.67,864.36,864.87,8093551,0
2017-11-15,21:00:00,864.82,867.25,864.71,866.69,7963867,0
2017-11-15,22:00:00,866.68,867.4,865.56,865.62,18937234,0
2017-11-16,16:00:00,867.07,870.47,866.53,870.33,12565843,0
2017-11-16,17:00:00,870.46,873.42,870.46,872.65,14392147,0
2017-11-16,18:00:00,872.71,873.74,867.38,872.12,12172895,0
2017-11-16,19:00:00,872.12,873,872.03,872.19,10404712,0
2017-11-16,20:00:00,872.17,873.15,872.12,872.55,9714503,0
2017-11-16,21:00:00,872.65,873.96,872.61,873.5,9914350,0
2017-11-16,22:00:00,873.5,874.71,873.13,873.79,17361088,0
2017-11-17,16:00:00,874.01,880.35,873.88,879.59,12658942,0
2017-11-17,17:00:00,879.47,880.24,874.22,874.86,13592918,0
2017-11-17,18:00:00,874.89,876.14,874.31,876.14,10987707,0
2017-11-17,19:00:00,876.13,877.49,875.93,877.39,10004749,0
2017-11-17,20:00:00,877.42,878.83,877.09,878.52,9749909,0
2017-11-17,21:00:00,878.49,878.88,877.1,877.65,10006609,0
2017-11-17,22:00:00,877.69,878.93,875.57,876.57,25183618,0
2017-11-20,16:00:00,877.91,877.91,876.64,877.19,13749710,0
2017-11-20,17:00:00,877.19,877.67,875.93,877.01,16784532,0
2017-11-20,18:00:00,876.96,877.37,875.82,875.87,12700427,0
2017-11-20,19:00:00,875.78,876.72,875.33,876.52,8582227,0
2017-11-20,20:00:00,876.43,877.83,875.68,877.73,8096923,0
2017-11-20,21:00:00,877.78,877.89,876.88,877.5,10000097,0
2017-11-20,22:00:00,877.45,877.47,875.98,876.63,15515462,0
2017-11-21,16:00:00,879.34,880.08,878.75,879.69,15986588,0
2017-11-21,17:00:00,879.67,881.84,879.58,881.15,20108429,0
2017-11-21,18:00:00,881.14,882,879.79,881.48,13700198,0
2017-11-21,19:00:00,881.51,882.4,880.57,881.63,11396704,0
2017-11-21,20:00:00,881.61,882.11,880.73,881.36,9765563,0
2017-11-21,21:00:00,881.33,881.78,877.23,881.33,10412629,0
2017-11-21,22:00:00,881.37,882.05,879.34,879.35,19399503,0
2017-11-22,16:00:00,879.69,881.62,879.16,881.52,15349340,0
2017-11-22,17:00:00,881.56,882.33,880.7,881.7,14593113,0
2017-11-22,18:00:00,881.72,882.95,881.52,882.91,12624155,0
2017-11-22,19:00:00,882.93,883.14,881.99,882.41,9679369,0
2017-11-22,20:00:00,882.42,883.11,882.19,883.11,9361318,0
2017-11-22,21:00:00,883.18,883.75,881.01,882.48,10446916,0
2017-11-22,22:00:00,882.54,882.62,881.22,881.23,19666045,0
2017-11-24,16:00:00,880.52,880.89,879.3,879.97,15664174,0
2017-11-24,17:00:00,879.95,880.77,879.55,880.72,17266937,0
2017-11-24,18:00:00,880.72,881.72,878.49,880.57,11944782,0
2017-11-24,19:00:00,880.59,881.54,877.85,878.43,14612149,0
2017-11-24,20:00:00,878.44,883.27,878.44,883.27,2946675,0
2017-11-27,16:00:00,884.01,887.39,882.13,882.53,34772924,0
2017-11-27,17:00:00,882.63,882.91,881.53,882.03,37217150,0
2017-11-27,18:00:00,881.88,882.33,880.62,881.43,21201077,0
2017-11-27,19:00:00,881.34,882.19,880.53,881.1,15881966,0
2017-11-27,20:00:00,881.17,882.8,880.84,882.39,15886058,0
2017-11-27,21:00:00,882.34,882.96,882.08,882.19,15114660,0
2017-11-27,22:00:00,882.23,882.93,880.71,880.72,27734426,0
2017-11-28,16:00:00,880.74,880.74,875.94,876.63,29584531,0
2017-11-28,17:00:00,876.8,876.8,874.91,875.98,25041130,0
2017-11-28,18:00:00,875.96,876.73,874.97,875.25,15463444,0
2017-11-28,19:00:00,875.26,876.19,874.68,875.92,12416436,0
2017-11-28,20:00:00,875.94,876.24,875.16,875.59,12104262,0
2017-11-28,21:00:00,875.54,876.3,875.03,875.92,10968899,0
2017-11-28,22:00:00,875.92,877.17,875.59,877.16,23015806,0
2017-11-29,16:00:00,877.19,878.21,876.13,877.91,21666208,0
2017-11-29,17:00:00,877.96,879.31,876.08,876.16,29243039,0
2017-11-29,18:00:00,876.18,876.18,873.77,874.16,15604922,0
2017-11-29,19:00:00,874.16,874.36,872.61,873.75,14651609,0
2017-11-29,20:00:00,873.71,874.61,873.48,873.68,9046296,0
2017-11-29,21:00:00,873.69,876.42,873.25,874.84,12300177,0
2017-11-29,22:00:00,874.88,876.95,873.19,876.27,20925013,0
2017-11-30,16:00:00,876.65,876.66,874.88,875.66,20591697,0
2017-11-30,17:00:00,875.96,877.22,874.15,875.06,21626810,0
2017-11-30,18:00:00,874.99,876.69,874.81,874.99,15629292,0
2017-11-30,19:00:00,874.96,875.76,874.69,874.93,13945273,0
2017-11-30,20:00:00,874.92,875.94,874.77,875.83,13205422,0
2017-11-30,21:00:00,875.72,876.26,875.1,875.87,13830606,0
2017-11-30,22:00:00,875.87,876.14,873.52,874.17,30361146,0
2017-12-01,16:00:00,875.26,878.96,875.19,878.8,23742699,0
2017-12-01,17:00:00,878.74,880.2,878.2,879.41,28132175,0
2017-12-01,18:00:00,879.32,879.59,871.74,872.19,24700681,0
2017-12-01,19:00:00,872.38,874.77,872.24,874.14,12752499,0
2017-12-01,20:00:00,874.13,874.68,873.58,874.44,11944018,0
2017-12-01,21:00:00,874.38,875.48,874.31,874.88,11062326,0
2017-12-01,22:00:00,874.87,875.87,874.29,875.83,19751320,0
2017-12-04,16:00:00,882.17,884.26,881.86,883.9,25196597,0
2017-12-04,17:00:00,883.93,884.06,880.94,881.68,30571146,0
2017-12-04,18:00:00,881.68,881.84,880.83,881.3,17207141,0
2017-12-04,19:00:00,881.28,881.91,880.48,881.1,12741799,0
2017-12-04,20:00:00,881.07,882.48,880.53,882.25,13338757,0
2017-12-04,21:00:00,882.33,882.35,880.78,880.9,18721327,0
2017-12-04,22:00:00,880.85,881.68,880,881.01,34901211,0
2017-12-05,16:00:00,880.07,880.15,876.91,877.28,21572427,0
2017-12-05,17:00:00,877.32,877.64,874.55,874.56,25502422,0
2017-12-05,18:00:00,874.51,875.5,874.2,874.73,15963430,0
2017-12-05,19:00:00,874.71,877.16,874.58,876.69,13308107,0
2017-12-05,20:00:00,876.86,877.49,875.74,875.76,25782217,0
2017-12-05,21:00:00,875.83,876.34,875.15,875.25,22673568,0
2017-12-05,22:00:00,875.35,875.69,873.44,875.69,39962330,0
2017-12-06,16:00:00,872.96,872.96,868.28,868.28,32398017,0
2017-12-06,17:00:00,868.33,868.66,866.94,866.94,31096246,0
2017-12-06,18:00:00,867.03,867.67,864.19,864.98,20608623,0
2017-12-06,19:00:00,864.75,864.77,863.02,863.64,16600584,0
2017-12-06,20:00:00,863.75,864.95,862.88,864.6,23468591,0
2017-12-06,21:00:00,864.58,865.11,864.17,864.3,16976608,0
2017-12-06,22:00:00,864.27,864.79,861.69,863.13,41358390,0
2017-12-07,16:00:00,862.68,863.57,861.02,863.54,29416217,0
2017-12-07,17:00:00,863.5,864.88,862.89,863.84,31511511,0
2017-12-07,18:00:00,863.77,864.37,863.04,864.16,16561775,0
2017-12-07,19:00:00,864.13,864.56,863.19,864.24,21143922,0
2017-12-07,20:00:00,864.18,864.54,862.97,863.37,18193834,0
2017-12-07,21:00:00,863.37,864.71,863.2,863.99,14835881,0
2017-12-07,22:00:00,863.94,864.83,863.17,864.67,27432813,0
2017-12-08,16:00:00,865.08,866.35,865.08,865.35,18019371,0
2017-12-08,17:00:00,865.25,865.61,863.38,865.48,18796392,0
2017-12-08,18:00:00,865.5,866.3,864.98,866.27,15195882,0
2017-12-08,19:00:00,866.38,867.08,865.14,866.78,19463852,0
2017-12-08,20:00:00,866.8,867.42,866.2,866.54,17165267,0
2017-12-08,21:00:00,866.53,866.71,865.41,866.05,14725435,0
2017-12-08,22:00:00,866.11,866.16,863.83,865.58,30838826,0
2017-12-11,16:00:00,865.29,865.29,863.2,864.18,21733781,0
2017-12-11,17:00:00,864.19,866.91,864.15,866.57,25352986,0
2017-12-11,18:00:00,866.56,866.91,865.56,866.62,15380922,0
2017-12-11,19:00:00,866.64,867,866.14,866.37,13733903,0
2017-12-11,20:00:00,866.34,867.09,864.87,865.2,13311437,0
2017-12-11,21:00:00,865.19,865.81,864.81,865.17,16213018,0
2017-12-11,22:00:00,865.23,866.15,864.53,864.98,27507634,0
2017-12-12,16:00:00,865.09,867.67,864.69,866.18,20643496,0
2017-12-12,17:00:00,866.62,868.49,865.92,867.56,24011905,0
2017-12-12,18:00:00,867.48,867.96,866.33,867.01,19216508,0
2017-12-12,19:00:00,867.06,867.22,865.83,866.24,16983843,0
2017-12-12,20:00:00,866.3,866.36,865.07,865.33,11735755,0
2017-12-12,21:00:00,865.33,865.43,864.13,864.63,15002616,0
2017-12-12,22:00:00,864.58,865.81,864.48,865.27,24672180,0
2017-12-13,16:00:00,863.71,866.33,863.49,866.07,26097634,0
2017-12-13,17:00:00,866.04,866.97,865.36,866.26,24624812,0
2017-12-13,18:00:00,866.16,867.04,865.31,865.44,18405270,0
2017-12-13,19:00:00,865.51,865.83,864.03,864.7,15116869,0
2017-12-13,20:00:00,864.68,865.97,864.47,865.1,18652446,0
2017-12-13,21:00:00,865.15,867.44,865.15,867.28,24582309,0
2017-12-13,22:00:00,867.38,868.52,866.13,866.36,28015006,0
2017-12-14,16:00:00,866.77,873.6,866.77,873.06,41286171,0
2017-12-14,17:00:00,873.04,873.82,871.74,873.65,41168457,0
2017-12-14,18:00:00,873.65,874.08,872.81,873.7,23306044,0
2017-12-14,19:00:00,873.72,875.37,873.57,874.48,17398131,0
2017-12-14,20:00:00,874.44,875.25,872.98,872.98,15869211,0
2017-12-14,21:00:00,872.96,873.09,870.64,871.3,14058425,0
2017-12-14,22:00:00,871.22,871.32,867.72,868.43,31373905,0
2017-12-15,16:00:00,869.53,870.66,867.76,868.04,21584672,0
2017-12-15,17:00:00,868.05,869.46,866.94,869.03,21853200,0
2017-12-15,18:00:00,869,870.5,868.58,870.41,19089058,0
2017-12-15,19:00:00,870.37,870.92,870.03,870.56,13994314,0
2017-12-15,20:00:00,870.59,870.84,869.68,870,12530310,0
2017-12-15,21:00:00,870.01,870.84,869.73,870.84,13994833,0
2017-12-15,22:00:00,870.57,871.26,867.24,867.25,80344459,0
2017-12-18,16:00:00,867.25,874.02,867.25,873.74,36618938,0
2017-12-18,17:00:00,873.84,875.26,873.44,874.11,39630063,0
2017-12-18,18:00:00,874.07,875.48,873.44,875.18,25618777,0
2017-12-18,19:00:00,875.14,875.14,872.98,872.99,27139132,0
2017-12-18,20:00:00,873.07,874.54,872.96,874.04,16996537,0
2017-12-18,21:00:00,874.02,875.47,873.69,875.37,19901936,0
2017-12-18,22:00:00,875.39,875.42,873.82,875.28,31172624,0
2017-12-19,16:00:00,875.09,875.36,873.32,874.12,36221589,0
2017-12-19,17:00:00,874.43,877.22,874.16,876.82,34844842,0
2017-12-19,18:00:00,876.87,877.35,875.85,876.41,22470031,0
2017-12-19,19:00:00,876.47,876.77,875.43,875.66,14605816,0
2017-12-19,20:00:00,875.68,875.96,875.15,875.6,13716755,0
2017-12-19,21:00:00,875.56,875.95,874.46,874.78,16914319,0
2017-12-19,22:00:00,874.76,875.53,873.91,875.17,29373919,0
2017-12-20,16:00:00,875.14,875.74,873.84,873.99,20874819,0
2017-12-20,17:00:00,874.05,874.19,872.24,872.91,22097738,0
2017-12-20,18:00:00,872.92,874.96,872.9,874.06,18995287,0
2017-12-20,19:00:00,874.03,876.09,873.82,875.95,15042171,0
2017-12-20,20:00:00,875.96,877.45,875.91,877.13,13725681,0
2017-12-20,21:00:00,877.04,878.34,877.04,877.55,18227276,0
2017-12-20,22:00:00,877.55,877.64,876.19,876.51,23631123,0
2017-12-21,16:00:00,875.84,878.42,873.15,878.12,20286063,0
2017-12-21,17:00:00,877.93,880.55,877.89,880.26,25930551,0
2017-12-21,18:00:00,880.31,880.69,878,880.17,18410049,0
2017-12-21,19:00:00,880.17,880.66,878.89,879.22,12532253,0
2017-12-21,20:00:00,879.28,879.82,878.93,879.73,12082347,0
2017-12-21,21:00:00,879.73,880.87,878.89,880.32,14659297,0
2017-12-21,22:00:00,880.35,880.96,879.45,880.53,26697830,0
2017-12-22,16:00:00,878.82,879.21,877.62,879,20683484,0
2017-12-22,17:00:00,878.99,879.97,877.79,879.69,21080034,0
2017-12-22,18:00:00,879.65,881.64,879.59,881.11,15122077,0
2017-12-22,19:00:00,881.04,881.22,879.99,880.79,11509737,0
2017-12-22,20:00:00,880.87,881.7,880.44,881.29,10344627,0
2017-12-22,21:00:00,881.29,882.01,880.54,880.79,9962788,0
2017-12-22,22:00:00,880.74,882.1,880.06,881.81,18908469,0
2017-12-26,16:00:00,881.62,885.35,881.62,883.81,22010058,0
2017-12-26,17:00:00,883.85,887.07,883.53,886.84,20371175,0
2017-12-26,18:00:00,886.85,887.43,885.82,887.42,14489330,0
2017-12-26,19:00:00,887.4,888.92,887.17,888.72,11327051,0
2017-12-26,20:00:00,888.69,889.8,888.62,889.43,9859771,0
2017-12-26,21:00:00,889.46,891.57,889.06,889.91,28866798,0
2017-12-26,22:00:00,889.93,890.19,888.81,888.81,35638501,0
2017-12-27,16:00:00,889.22,891.12,888.21,890.85,29219090,0
2017-12-27,17:00:00,890.88,891.79,889.74,890.12,26470880,0
2017-12-27,18:00:00,890.11,891.25,889.84,891.03,15925927,0
2017-12-27,19:00:00,891.04,891.79,889.96,890.37,11758945,0
2017-12-27,20:00:00,890.36,890.41,889.42,889.65,11547927,0
2017-12-27,21:00:00,889.66,889.76,888.4,888.76,13133121,0
2017-12-27,22:00:00,888.75,888.87,886.76,887.67,24211505,0
2017-12-28,16:00:00,887.85,889.41,887.13,888.14,20710040,0
2017-12-28,17:00:00,888.18,888.8,887.21,887.66,24250761,0
2017-12-28,18:00:00,887.67,889.13,887.27,889.06,16472304,0
2017-12-28,19:00:00,889.24,889.35,887.91,888.38,13336109,0
2017-12-28,20:00:00,888.37,889.9,887.82,889.42,14784279,0
2017-12-28,21:00:00,889.45,889.99,889.02,889.62,12468264,0
2017-12-28,22:00:00,889.6,889.8,888.65,889,22329561,0
2017-12-29,16:00:00,887.72,889.57,887.2,887.87,20447460,0
2017-12-29,17:00:00,887.83,889.23,887.55,889.21,29003923,0
2017-12-29,18:00:00,889.21,889.78,887.47,887.63,18853516,0
2017-12-29,19:00:00,887.62,888.17,887.36,887.49,14668653,0
2017-12-29,20:00:00,887.19,888.21,886.91,887.14,15069849,0
2017-12-29,21:00:00,887.13,887.43,886.09,887.32,13302798,0
2017-12-29,22:00:00,887.4,887.54,885.83,886.62,27503876,0
2018-01-02,16:00:00,887.49,892.01,887.49,891.87,22504395,0
2018-01-02,17:00:00,891.83,894.85,891.83,894.62,24770991,0
2018-01-02,18:00:00,894.67,895.42,894.31,894.78,19168015,0
2018-01-02,19:00:00,894.74,895.2,894.29,894.96,15088843,0
2018-01-02,20:00:00,894.99,895.84,894.61,894.9,17522023,0
2018-01-02,21:00:00,894.85,896.13,894.4,896.13,18084079,0
2018-01-02,22:00:00,896.06,899.43,896.01,896.02,27974787,0
2018-01-03,16:00:00,898.75,900.32,898.2,899.55,35992814,0
2018-01-03,17:00:00,899.64,900.45,899.28,899.59,33831687,0
2018-01-03,18:00:00,899.53,899.86,898.5,899.39,19571175,0
2018-01-03,19:00:00,899.35,900.1,898.79,899.49,14826761,0
2018-01-03,20:00:00,899.49,900.76,899.38,900.59,18214409,0
2018-01-03,21:00:00,900.55,901.09,899.93,901.05,21468438,0
2018-01-03,22:00:00,901.08,903.06,901,903.04,35317647,0
2018-01-04,16:00:00,903.15,905.84,903.15,904.93,22821740,0
2018-01-04,17:00:00,904.72,905.36,903.65,905.11,28348037,0
2018-01-04,18:00:00,905.05,905.49,904.26,905.32,18497245,0
2018-01-04,19:00:00,905.27,906.7,904.94,906.28,18320479,0
2018-01-04,20:00:00,906.24,906.96,905.02,906.96,16460420,0
2018-01-04,21:00:00,906.95,908.48,906.27,908.19,16107276,0
2018-01-04,22:00:00,908.32,908.59,906.22,906.6,31150308,0
2018-01-05,16:00:00,912.04,914.64,911.56,914.08,28929047,0
2018-01-05,17:00:00,913.91,914.25,912.29,913.05,29074534,0
2018-01-05,18:00:00,913.03,914.03,912.66,913.08,22666258,0
2018-01-05,19:00:00,913.16,913.99,912.55,912.57,16311142,0
2018-01-05,20:00:00,912.57,912.57,910.84,911.66,14604147,0
2018-01-05,21:00:00,911.62,912.17,910.76,911.4,13343921,0
2018-01-05,22:00:00,911.59,914.01,911.32,913.96,27434027,0
2018-01-08,16:00:00,914.39,917.2,913.08,913.4,21120974,0
2018-01-08,17:00:00,913.37,913.7,910.28,912.72,30407747,0
2018-01-08,18:00:00,912.71,913.68,912.26,913.06,30214686,0
2018-01-08,19:00:00,912.99,914.28,912.79,914.01,24722061,0
2018-01-08,20:00:00,914.04,915.22,913.44,915.21,15521956,0
2018-01-08,21:00:00,915.22,916.69,915.17,915.45,18773735,0
2018-01-08,22:00:00,915.47,916.67,914.65,916.38,52437018,0
2018-01-09,16:00:00,916.42,919.44,916.11,916.55,47611911,0
2018-01-09,17:00:00,916.55,916.69,913.96,914.67,43519285,0
2018-01-09,18:00:00,914.74,915.17,914.08,914.54,25713192,0
2018-01-09,19:00:00,914.54,915.06,913.92,914.53,16849758,0
2018-01-09,20:00:00,914.43,914.71,913.71,914.47,14263387,0
2018-01-09,21:00:00,914.43,915.08,913.25,913.47,25641788,0
2018-01-09,22:00:00,913.48,913.71,911.02,912.22,29717757,0
2018-01-10,16:00:00,909.56,911.86,909.13,909.77,29537147,0
2018-01-10,17:00:00,909.85,910.19,908.16,909.5,41249350,0
2018-01-10,18:00:00,909.55,911.23,909.35,910,24607522,0
2018-01-10,19:00:00,910.05,911.98,909.85,911.84,14677151,0
2018-01-10,20:00:00,911.79,911.83,910.77,911.46,13417681,0
2018-01-10,21:00:00,911.45,911.78,909.37,909.99,18285352,0
2018-01-10,22:00:00,909.99,910.37,908.65,909.66,29474203,0
2018-01-11,16:00:00,910.91,916.02,910.3,914.87,21535692,0
2018-01-11,17:00:00,914.82,916.96,914.75,916.96,28645422,0
2018-01-11,18:00:00,916.86,918.35,915.94,918.35,19001843,0
2018-01-11,19:00:00,918.32,918.39,916.85,918.39,16471359,0
2018-01-11,20:00:00,918.41,920.11,918.01,919.9,15408206,0
2018-01-11,21:00:00,919.88,920.24,918.54,919.62,14004242,0
2018-01-11,22:00:00,919.63,921.31,919.43,921.31,26341144,0
2018-01-12,16:00:00,921.82,921.91,919.43,919.55,21405879,0
2018-01-12,17:00:00,919.42,921.18,918.69,920.88,23435531,0
2018-01-12,18:00:00,920.81,921.04,919.33,920.46,15074757,0
2018-01-12,19:00:00,920.51,921.21,919.98,920.57,11644529,0
2018-01-12,20:00:00,920.57,921.24,920.37,921.02,12423782,0
2018-01-12,21:00:00,920.98,922.06,920.62,921.56,14181111,0
2018-01-12,22:00:00,921.49,921.99,920.45,921.95,20513568,0
2018-01-16,16:00:00,925.59,927.52,924.6,925.51,25229492,0
2018-01-16,17:00:00,925.61,925.94,924.11,925.01,25758077,0
2018-01-16,18:00:00,924.98,925.44,923.92,924.08,16061016,0
2018-01-16,19:00:00,924.06,924.17,922.47,922.6,15838637,0
2018-01-16,20:00:00,922.57,923.2,921.72,921.72,14518476,0
2018-01-16,21:00:00,921.7,921.74,917.61,918.04,17790693,0
2018-01-16,22:00:00,918.03,921.62,917.82,921.62,24770619,0
2018-01-17,16:00:00,922.07,923.14,919.18,919.36,18814312,0
2018-01-17,17:00:00,919.11,919.45,917.2,917.3,24331194,0
2018-01-17,18:00:00,917.24,917.47,915.54,916.41,23135063,0
2018-01-17,19:00:00,916.44,917.52,916.29,917.32,12698125,0
2018-01-17,20:00:00,917.34,918.1,917.24,917.72,13793769,0
2018-01-17,21:00:00,917.72,918.58,917.25,918.31,17156040,0
2018-01-17,22:00:00,918.27,918.47,916.33,916.79,25045444,0
2018-01-18,16:00:00,917.29,917.29,914.46,914.76,18747621,0
2018-01-18,17:00:00,914.83,914.86,912.02,912.64,19128118,0
2018-01-18,18:00:00,912.66,919.32,912.47,919.26,14932549,0
2018-01-18,19:00:00,919.29,919.47,916.91,917.31,13492136,0
2018-01-18,20:00:00,917.32,917.43,915.88,915.92,14208220,0
2018-01-18,21:00:00,915.96,916.56,915.77,916.36,11649920,0
2018-01-18,22:00:00,916.3,916.77,914.63,915.07,22437203,0
2018-01-19,16:00:00,908.97,914.96,908.37,913.56,18314310,0
2018-01-19,17:00:00,913.49,915.53,912.82,915.27,29352804,0
2018-01-19,18:00:00,915.21,916.2,914.88,915.84,16564482,0
2018-01-19,19:00:00,915.82,916.59,915.79,916.57,12905595,0
2018-01-19,20:00:00,916.57,917.53,916.34,917.07,10095342,0
2018-01-19,21:00:00,917.04,918.43,917.04,918.33,11842702,0
2018-01-19,22:00:00,918.3,918.66,916.6,917.54,22832634,0
2018-01-22,16:00:00,916.16,925.28,916.16,923.7,19282018,0
2018-01-22,17:00:00,923.7,925.68,918.88,919.12,17881885,0
2018-01-22,18:00:00,919.07,919.43,918.43,919.15,20191808,0
2018-01-22,19:00:00,919.13,919.2,917.88,918.47,14048373,0
2018-01-22,20:00:00,918.59,918.79,917.85,917.92,10744612,0
2018-01-22,21:00:00,917.95,919.09,917.54,919,10356251,0
2018-01-22,22:00:00,918.95,921.18,918.35,921.05,21172436,0
2018-01-23,16:00:00,920.41,920.86,919.14,920.42,20935968,0
2018-01-23,17:00:00,920.53,921.8,918.87,921.78,22691376,0
2018-01-23,18:00:00,921.78,922.3,921,921.09,17599251,0
2018-01-23,19:00:00,921.05,921.84,920.77,920.9,13555016,0
2018-01-23,20:00:00,920.93,921.14,919.98,920.44,12314873,0
2018-01-23,21:00:00,920.44,921.59,919.93,921.53,13332845,0
2018-01-23,22:00:00,921.51,923.29,921.51,923,23896758,0
2018-01-24,16:00:00,927.67,928.53,926.41,927.82,20909682,0
2018-01-24,17:00:00,927.78,927.82,926.26,927.78,21824701,0
2018-01-24,18:00:00,927.75,927.83,924.02,924.93,18230862,0
2018-01-24,19:00:00,924.96,925.29,923.37,923.71,13131087,0
2018-01-24,20:00:00,923.73,924.48,923.09,924.23,15864990,0
2018-01-24,21:00:00,924.23,926.18,924.1,925.3,11927260,0
2018-01-24,22:00:00,925.31,925.93,923.72,924.07,23309920,0
2018-01-25,16:00:00,926.35,927.4,924.89,925.19,15722563,0
2018-01-25,17:00:00,925.21,926.46,921.63,921.63,20474775,0
2018-01-25,18:00:00,922.29,925.45,921.97,925.33,18536074,0
2018-01-25,19:00:00,925.3,925.77,924.29,924.76,13172442,0
2018-01-25,20:00:00,924.81,925.22,924.14,924.27,12436081,0
2018-01-25,21:00:00,924.29,924.43,920.7,921.14,20612760,0
2018-01-25,22:00:00,921.1,921.52,919.47,920.77,24744920,0
2018-01-26,16:00:00,920.69,921.47,919.97,920.51,20026573,0
2018-01-26,17:00:00,920.43,921.44,920.05,920.77,24243668,0
2018-01-26,18:00:00,920.8,921.06,920.01,920.54,15088090,0
2018-01-26,19:00:00,920.57,920.7,919.68,920.25,11375170,0
2018-01-26,20:00:00,920.19,920.98,919.56,919.75,12115434,0
2018-01-26,21:00:00,919.69,920.27,919.41,919.94,11823188,0
2018-01-26,22:00:00,919.94,921.66,919.31,921.64,20011581,0
2018-01-29,16:00:00,921.6,921.6,915.53,915.79,24720183,0
2018-01-29,17:00:00,915.72,916.86,913.67,913.99,24601844,0
2018-01-29,18:00:00,914,914.2,911.6,911.9,20943938,0
2018-01-29,19:00:00,911.88,912.65,910.98,912.39,15663847,0
2018-01-29,20:00:00,912.37,912.64,911.03,911.04,12830786,0
2018-01-29,21:00:00,911.04,912.38,910.6,911.78,13129691,0
2018-01-29,22:00:00,911.79,912.25,909.92,910.07,25672122,0
2018-01-30,16:00:00,908.05,908.53,902.72,902.72,30931191,0
2018-01-30,17:00:00,902.62,903.27,901.2,902.58,30317615,0
2018-01-30,18:00:00,902.49,905.21,902.41,905.05,18413901,0
2018-01-30,19:00:00,903.38,903.39,901.71,901.99,14613614,0
2018-01-30,20:00:00,901.98,902.75,900.86,902.19,14120083,0
2018-01-30,21:00:00,902.19,902.54,901.31,901.86,19348210,0
2018-01-30,22:00:00,901.88,902.57,900.54,900.98,25864679,0
2018-01-31,16:00:00,903.47,903.92,902.43,902.96,25444257,0
2018-01-31,17:00:00,903,903.79,901.9,903.05,23770259,0
2018-01-31,18:00:00,903.02,903.25,901.13,901.6,19411389,0
2018-01-31,19:00:00,901.62,901.74,900.77,901.06,14066300,0
2018-01-31,20:00:00,900.99,901.64,900.81,901.03,11393870,0
2018-01-31,21:00:00,901.02,901.17,898.37,899.03,16780216,0
2018-01-31,22:00:00,899.03,899.81,897.31,897.31,27974760,0
2018-02-01,16:00:00,897.81,898.32,896.18,897.92,22483883,0
2018-02-01,17:00:00,897.89,900.52,897.69,898.44,35079947,0
2018-02-01,18:00:00,898.41,899.08,896.97,898.8,22375029,0
2018-02-01,19:00:00,898.8,899.09,897.54,897.92,15532105,0
2018-02-01,20:00:00,897.92,899.33,897.73,897.77,14120777,0
2018-02-01,21:00:00,897.72,898.07,895.04,895.69,13737584,0
2018-02-01,22:00:00,895.7,896.13,894.36,895.36,36736626,0
2018-02-02,16:00:00,895.21,895.21,887.15,887.15,34934319,0
2018-02-02,17:00:00,887.1,887.14,882.87,885.09,30287152,0
2018-02-02,18:00:00,885.1,885.38,883.06,883.44,22687082,0
2018-02-02,19:00:00,883.44,884.32,882.82,883.69,18167835,0
2018-02-02,20:00:00,883.69,884.47,881.76,881.84,14719556,0
2018-02-02,21:00:00,881.84,881.9,879.7,879.79,18038669,0
2018-02-02,22:00:00,879.85,880.12,877.01,877.87,32133974,0
2018-02-05,16:00:00,877.49,877.49,867.68,869.82,28962220,0
2018-02-05,17:00:00,869.84,875.56,869.54,875.42,30749941,0
2018-02-05,18:00:00,875.44,876.16,874.57,874.94,22595750,0
2018-02-05,19:00:00,874.95,875.03,874.14,874.49,13926738,0
2018-02-05,20:00:00,874.51,874.51,871.21,872.63,16939932,0
2018-02-05,21:00:00,872.64,872.78,867.11,867.14,16295223,0
2018-02-05,22:00:00,867.14,867.14,860.48,860.48,38717125,0
2018-02-06,16:00:00,855.26,860.71,851.39,859.73,23715004,0
2018-02-06,17:00:00,859.83,861.85,857.37,857.54,21857581,0
2018-02-06,18:00:00,857.49,858,855.16,857.11,16099647,0
2018-02-06,19:00:00,857.17,859.01,856.54,858.26,13934010,0
2018-02-06,20:00:00,858.28,858.33,856.26,856.47,13183470,0
2018-02-06,21:00:00,856.45,857.14,855.58,857.14,12030888,0
2018-02-06,22:00:00,857.21,862.19,857.02,861.62,25749720,0
2018-02-07,16:00:00,863.42,865.24,863.12,864.52,18284972,0
2018-02-07,17:00:00,864.42,865.59,863.58,864.99,18131672,0
2018-02-07,18:00:00,865,865.63,863.4,863.65,14394251,0
2018-02-07,19:00:00,863.71,864.29,862.83,863.08,12162437,0
2018-02-07,20:00:00,863.07,863.07,861.21,861.51,12524235,0
2018-02-07,21:00:00,861.47,862.3,860.6,861.46,13541073,0
2018-02-07,22:00:00,861.53,862.41,861.18,862.03,29657185,0
2018-02-08,16:00:00,862.01,863.81,862.01,863.14,12767638,0
2018-02-08,17:00:00,863.08,863.59,860.76,860.83,14292211,0
2018-02-08,18:00:00,860.75,861.22,854.63,855.57,13196962,0
2018-02-08,19:00:00,855.55,855.6,852.89,852.98,12043219,0
2018-02-08,20:00:00,852.87,854.39,852.24,854.27,11370644,0
2018-02-08,21:00:00,854.33,855.38,853.98,854.97,10723447,0
2018-02-08,22:00:00,854.99,855.45,850.11,850.11,19929507,0
2018-02-09,16:00:00,850.11,853.08,849.47,850.95,13594452,0
2018-02-09,17:00:00,850.9,851.08,845.42,845.42,16258070,0
2018-02-09,18:00:00,845.4,845.66,840.68,840.95,17216043,0
2018-02-09,19:00:00,840.93,840.93,833.58,834.08,21738085,0
2018-02-09,20:00:00,834.1,834.16,831.33,833.94,16619861,0
2018-02-09,21:00:00,833.91,839.22,833.75,838.62,14813822,0
2018-02-09,22:00:00,838.77,842.86,838.13,842.36,23151472,0
2018-02-12,16:00:00,845.42,850.5,845.42,848.77,17389523,0
2018-02-12,17:00:00,848.8,849.36,846.25,849.35,18863679,0
2018-02-12,18:00:00,849.41,850.05,847.81,849.98,11849130,0
2018-02-12,19:00:00,850.09,851.45,849.37,851.01,13417015,0
2018-02-12,20:00:00,850.95,853.83,850.69,853.83,10698535,0
2018-02-12,21:00:00,853.75,855.23,853.44,854.58,12981036,0
2018-02-12,22:00:00,854.57,855.86,852.37,852.39,27789655,0
2018-02-13,16:00:00,852.31,852.77,850.32,851.54,12917392,0
2018-02-13,17:00:00,851.51,853.76,851.47,853.7,13429991,0
2018-02-13,18:00:00,853.74,856.95,852.5,854.77,9401212,0
2018-02-13,19:00:00,854.8,855.25,854.25,854.9,6626361,0
2018-02-13,20:00:00,854.92,855.43,854.59,855.05,7565144,0
2018-02-13,21:00:00,855.05,856.21,854.75,855.12,8586127,0
2018-02-13,22:00:00,855.09,855.56,854.21,855.25,15328603,0
2018-02-14,16:00:00,855.8,859.12,854.98,856.62,15303367,0
2018-02-14,17:00:00,856.69,861.29,856.18,860.99,21156606,0
2018-02-14,18:00:00,861.02,861.55,860.19,861.12,17614034,0
2018-02-14,19:00:00,861.12,862.16,860.93,862.06,10993925,0
2018-02-14,20:00:00,862.12,865.1,861.93,865.09,15776214,0
2018-02-14,21:00:00,865.03,865.77,864.22,864.46,12276108,0
2018-02-14,22:00:00,864.45,865.1,863.68,864.46,22483349,0
2018-02-15,16:00:00,867.37,867.41,863.41,864.84,16287571,0
2018-02-15,17:00:00,865.1,865.36,861.12,861.12,20732134,0
2018-02-15,18:00:00,861.1,861.28,859.69,860.42,11844378,0
2018-02-15,19:00:00,860.62,860.66,859.62,860.4,9910997,0
2018-02-15,20:00:00,860.38,860.89,860.19,860.61,10004843,0
2018-02-15,21:00:00,860.62,861.61,860.28,861.4,9472342,0
2018-02-15,22:00:00,861.37,863.12,861.37,863.12,17321948,0
2018-02-16,16:00:00,861.97,863.2,860.24,863.11,13463972,0
2018-02-16,17:00:00,862.99,863.61,862.09,862.92,14022430,0
2018-02-16,18:00:00,862.94,865.41,862.94,864.82,11139255,0
2018-02-16,19:00:00,864.75,865.38,864.55,864.79,10842963,0
2018-02-16,20:00:00,864.78,864.81,861.37,861.37,9834930,0
2018-02-16,21:00:00,861.39,861.61,860.45,861.46,11183827,0
2018-02-16,22:00:00,861.45,862.05,860.6,861.17,18012135,0
2018-02-20,16:00:00,861.16,861.71,859.61,859.78,13911325,0
2018-02-20,17:00:00,859.75,861.01,859.23,859.74,15951521,0
2018-02-20,18:00:00,859.77,859.95,858.39,859.08,14651474,0
2018-02-20,19:00:00,859.08,859.5,857.97,858.44,12052440,0
2018-02-20,20:00:00,858.41,858.51,849.1,849.15,10542856,0
2018-02-20,21:00:00,849.16,849.69,847.75,848.14,11213548,0
2018-02-20,22:00:00,848.08,854.67,846.89,853.64,19478656,0
2018-02-21,16:00:00,853.66,854.92,853.65,854.29,12866078,0
2018-02-21,17:00:00,854.31,856.79,853.49,856.65,14977141,0
2018-02-21,18:00:00,856.71,857.01,855.98,856.35,11540869,0
2018-02-21,19:00:00,856.35,856.35,854.87,855.69,8467481,0
2018-02-21,20:00:00,855.72,855.8,855.19,855.75,7913131,0
2018-02-21,21:00:00,855.7,857.57,855.16,855.16,13661077,0
2018-02-21,22:00:00,855.18,855.3,850.7,851.34,20066795,0
2018-02-22,16:00:00,851.34,853.88,851.34,852.24,12879834,0
2018-02-22,17:00:00,852.41,854.77,852.21,853.92,20801871,0
2018-02-22,18:00:00,853.88,855.41,853.28,855.09,12993743,0
2018-02-22,19:00:00,855.06,856.89,854.66,854.8,10483603,0
2018-02-22,20:00:00,854.83,854.93,853.13,853.49,9945310,0
2018-02-22,21:00:00,853.54,853.55,851.64,851.66,9398528,0
2018-02-22,22:00:00,851.71,851.71,850.58,851.25,19552591,0
2018-02-23,16:00:00,851.34,853.31,851.34,853.07,13512146,0
2018-02-23,17:00:00,853.06,853.49,852.49,853.4,14981362,0
2018-02-23,18:00:00,853.42,854.22,852.32,853.86,10470534,0
2018-02-23,19:00:00,853.94,855.02,853.75,854.22,9870807,0
2018-02-23,20:00:00,854.25,854.89,853.75,854.77,8326406,0
2018-02-23,21:00:00,854.77,855.48,854.06,855.11,8739619,0
2018-02-23,22:00:00,855.1,856.76,855.1,856.76,25269200,0
2018-02-26,16:00:00,857.15,859.31,857.15,858.18,16385578,0
2018-02-26,17:00:00,858.14,858.24,855.73,856.39,15656029,0
2018-02-26,18:00:00,856.38,857.06,856.15,856.46,11160649,0
2018-02-26,19:00:00,856.5,857.55,855.86,856.78,12185132,0
2018-02-26,20:00:00,856.78,858.94,856.76,858.23,9098048,0
2018-02-26,21:00:00,858.24,858.28,857.61,857.81,10444635,0
2018-02-26,22:00:00,857.84,859.4,857.84,858.29,18303032,0
2018-02-27,16:00:00,858.28,858.28,856.44,856.44,19922250,0
2018-02-27,17:00:00,856.34,857.16,853.4,854.37,29102262,0
2018-02-27,18:00:00,854.39,854.39,851.61,851.94,17518929,0
2018-02-27,19:00:00,851.91,852.4,851.61,852.21,16934552,0
2018-02-27,20:00:00,852.17,853.25,851.9,852.82,11489496,0
2018-02-27,21:00:00,852.79,853.02,851.21,851.75,10854028,0
2018-02-27,22:00:00,851.82,851.88,849.18,849.54,32389352,0
2018-02-28,16:00:00,849.54,851.15,848.58,849.82,42495001,0
2018-02-28,17:00:00,849.86,850.18,848.4,848.49,52691914,0
2018-02-28,18:00:00,848.54,848.72,847.26,847.39,24481979,0
2018-02-28,19:00:00,847.37,849.71,847.35,849.68,17858016,0
2018-02-28,20:00:00,849.62,849.74,848.35,848.41,13167464,0
2018-02-28,21:00:00,848.57,849.1,846.7,846.85,14453589,0
2018-02-28,22:00:00,846.87,847.07,842.7,842.7,32176296,0
2018-03-01,16:00:00,842.73,843.29,841.2,841.44,20391198,0
2018-03-01,17:00:00,841.34,844.56,841.34,844.17,19493404,0
2018-03-01,18:00:00,844.14,845.09,842.98,844.84,13694387,0
2018-03-01,19:00:00,844.86,845.87,844.66,844.89,13641279,0
2018-03-01,20:00:00,844.89,844.93,842.44,842.51,14921065,0
2018-03-01,21:00:00,842.46,842.5,839.99,841.51,18444956,0
2018-03-01,22:00:00,841.5,843.58,841.49,842.87,22517812,0
2018-03-02,16:00:00,842.9,842.9,841.11,842.24,14514304,0
2018-03-02,17:00:00,842.18,843.02,841.72,842.12,18348225,0
2018-03-02,18:00:00,842.1,845.97,842.09,845.96,13612811,0
2018-03-02,19:00:00,845.91,848.21,845.62,848.14,13153740,0
2018-03-02,20:00:00,848.16,848.29,847.52,848.16,11874141,0
2018-03-02,21:00:00,848.15,849.42,848.14,848.89,10102240,0
2018-03-02,22:00:00,848.84,851.64,848.46,851.64,20764798,0
2018-03-05,16:00:00,849.75,851.13,848.9,850.81,15382956,0
2018-03-05,17:00:00,850.82,851.4,847.78,849.92,21356606,0
2018-03-05,18:00:00,849.87,852.72,849.79,852.64,13855394,0
2018-03-05,19:00:00,852.63,853.41,852.22,852.83,11526997,0
2018-03-05,20:00:00,852.81,852.94,851.89,852.1,9380436,0
2018-03-05,21:00:00,852.15,852.39,851,851.91,9419731,0
2018-03-05,22:00:00,851.92,852.41,851.51,851.9,20450399,0
2018-03-06,16:00:00,851.82,853.49,851.58,853.31,20713161,0
2018-03-06,17:00:00,853.26,855.19,852.85,852.9,21884855,0
2018-03-06,18:00:00,852.9,853.14,852.07,852.5,13952654,0
2018-03-06,19:00:00,852.53,854.09,852.43,853.99,12474513,0
2018-03-06,20:00:00,854.03,854.72,853.05,854.58,16645382,0
2018-03-06,21:00:00,854.6,855.21,853.71,854.94,14191640,0
2018-03-06,22:00:00,854.96,855.84,848.05,848.06,25968241,0
2018-03-07,16:00:00,847.88,852.61,847.25,852.34,35411106,0
2018-03-07,17:00:00,852.31,854.44,852.05,853.85,22417004,0
2018-03-07,18:00:00,853.84,854.55,853.41,853.43,15301982,0
2018-03-07,19:00:00,853.36,853.6,852.36,853.42,11972928,0
2018-03-07,20:00:00,853.33,854,852.55,853.72,9954725,0
2018-03-07,21:00:00,853.71,854.97,853.36,854.76,11710517,0
2018-03-07,22:00:00,854.77,856.42,849.25,849.32,24893567,0
2018-03-08,16:00:00,849.36,852.45,849.36,851.38,22267928,0
2018-03-08,17:00:00,851.23,851.38,849.45,850.03,22631079,0
2018-03-08,18:00:00,850.02,850.81,849.93,850.61,22020972,0
2018-03-08,19:00:00,850.61,850.86,848.81,849.2,13410812,0
2018-03-08,20:00:00,849.28,850.23,849.21,849.31,9468828,0
2018-03-08,21:00:00,849.37,850.19,848.73,850.11,9561905,0
2018-03-08,22:00:00,850.13,851.98,849.94,851.33,18946801,0
2018-03-09,16:00:00,851.65,852.94,850.86,851.88,19069543,0
2018-03-09,17:00:00,851.79,853.93,851.79,853.09,20464823,0
2018-03-09,18:00:00,853.02,854.4,852.7,854.36,14473312,0
2018-03-09,19:00:00,854.36,855.17,854.1,854.69,11479872,0
2018-03-09,20:00:00,854.71,855.26,854.34,854.53,10023266,0
2018-03-09,21:00:00,854.54,855.64,853.96,855.58,12190794,0
2018-03-09,22:00:00,855.51,855.61,854.23,854.98,26993784,0
2018-03-12,15:00:00,855.02,857.73,854.65,856.69,19533974,0
2018-03-12,16:00:00,856.74,858.51,856.26,858.5,20355581,0
2018-03-12,17:00:00,858.37,858.4,856.93,857.37,12962324,0
2018-03-12,18:00:00,857.37,858.22,857.31,858.06,9622879,0
2018-03-12,19:00:00,858.06,858.88,857.92,858.14,9577491,0
2018-03-12,20:00:00,858.16,859.01,857.82,858.81,9710166,0
2018-03-12,21:00:00,858.81,860.03,858.52,859.63,23899123,0
2018-03-13,15:00:00,859.69,860.94,858.09,858.58,20511344,0
2018-03-13,16:00:00,858.52,858.66,854.53,855.01,20313485,0
2018-03-13,17:00:00,855.01,856.04,854.34,856.04,13491520,0
2018-03-13,18:00:00,856.03,856.11,854.71,855.39,9756465,0
2018-03-13,19:00:00,855.4,856.19,855.16,855.71,9538274,0
2018-03-13,20:00:00,855.72,856.1,855.07,855.69,9081371,0
2018-03-13,21:00:00,855.65,855.77,854.16,854.33,18679740,0
2018-03-14,15:00:00,854.35,857.34,854.35,856.45,14299391,0
2018-03-14,16:00:00,856.38,856.76,855.02,855.26,17560433,0
2018-03-14,17:00:00,855.19,855.2,853,853.17,15469612,0
2018-03-14,18:00:00,853.17,853.29,851.45,851.99,9295063,0
2018-03-14,19:00:00,851.97,855.69,851.95,855.57,8547297,0
2018-03-14,20:00:00,855.65,855.76,854.6,854.67,9312276,0
2018-03-14,21:00:00,854.69,855.41,854.5,854.61,22988004,0
2018-03-15,15:00:00,854.63,854.93,852.86,853.86,16775960,0
2018-03-15,16:00:00,853.94,855.38,853.64,854.32,25752047,0
2018-03-15,17:00:00,854.27,854.66,852.6,853.23,19707981,0
2018-03-15,18:00:00,853.3,854.06,852.34,852.54,15057346,0
2018-03-15,19:00:00,852.53,853.13,852.3,853.06,12896186,0
2018-03-15,20:00:00,853.07,853.13,851.18,851.83,12339267,0
2018-03-15,21:00:00,851.78,852.37,850.72,852.3,21292752,0
2018-03-16,15:00:00,852.27,852.79,851.32,851.38,19021246,0
2018-03-16,16:00:00,851.41,853.05,850.59,852.67,19271382,0
2018-03-16,17:00:00,852.63,852.87,851.64,852.59,16235174,0
2018-03-16,18:00:00,852.53,854.41,852.44,854.18,12248413,0
2018-03-16,19:00:00,854.17,855.01,853.94,854.39,11104257,0
2018-03-16,20:00:00,854.34,855.11,854.33,854.8,12337697,0
2018-03-16,21:00:00,854.81,856.62,853.79,856.24,60910863,0
2018-03-19,15:00:00,856.22,856.62,853.14,854.02,18484446,0
2018-03-19,16:00:00,854,854,850.75,850.78,23178979,0
2018-03-19,17:00:00,850.7,851.59,849.86,850.22,19975116,0
2018-03-19,18:00:00,850.24,850.68,849.21,849.48,21728810,0
2018-03-19,19:00:00,849.46,849.61,848.89,849.32,21792077,0
2018-03-19,20:00:00,849.37,850.09,848.96,849.75,24095139,0
2018-03-19,21:00:00,849.82,850.44,849.25,850.14,38322228,0
2018-03-20,15:00:00,850.2,851.19,848.75,849.92,41942449,0
2018-03-20,16:00:00,849.88,850.29,847.64,847.78,34754194,0
2018-03-20,17:00:00,847.81,848.5,847.17,847.35,20637006,0
2018-03-20,18:00:00,847.31,848.35,847.11,847.86,18343224,0
2018-03-20,19:00:00,847.86,848.41,846.71,846.99,18689305,0
2018-03-20,20:00:00,846.98,847.51,845.5,847.37,19306366,0
2018-03-20,21:00:00,847.38,847.61,845.09,845.33,25505909,0
2018-03-21,15:00:00,845.09,850.74,844.94,850.19,36228900,0
2018-03-21,16:00:00,850.06,851.86,849.18,851.57,28734920,0
2018-03-21,17:00:00,851.57,853.04,850.9,851.68,24819029,0
2018-03-21,18:00:00,851.64,851.65,850.82,851.3,13022591,0
2018-03-21,19:00:00,851.37,851.86,850.03,850.48,12380446,0
2018-03-21,20:00:00,850.47,852.87,850.16,852.73,18121696,0
2018-03-21,21:00:00,852.82,854.58,852.66,854.57,26009455,0
2018-03-22,15:00:00,854.63,854.63,849.49,850.92,19956825,0
2018-03-22,16:00:00,850.92,852.46,850.28,850.5,21245083,0
2018-03-22,17:00:00,850.44,850.47,847.06,847.57,16442959,0
2018-03-22,18:00:00,847.57,849.35,847.53,849.13,11170716,0
2018-03-22,19:00:00,849.14,849.94,848.19,849.58,9185613,0
2018-03-22,20:00:00,849.52,849.58,848.22,848.29,13985845,0
2018-03-22,21:00:00,848.27,848.44,845.49,846.24,23686436,0
2018-03-23,15:00:00,846.4,848.68,844.55,845.59,24233193,0
2018-03-23,16:00:00,845.64,850.11,845.13,849.41,22822903,0
2018-03-23,17:00:00,849.5,849.5,847.36,847.45,14855336,0
2018-03-23,18:00:00,847.42,848.2,847.09,847.62,12516793,0
2018-03-23,19:00:00,847.57,849.33,847.4,849.06,10265777,0
2018-03-23,20:00:00,849.21,849.34,846.39,846.39,11510834,0
2018-03-23,21:00:00,846.38,846.64,840.4,842.4,25018847,0
2018-03-26,16:00:00,842.53,848.04,842.53,843.95,19992640,0
2018-03-26,17:00:00,843.93,845.02,842.52,842.6,18402181,0
2018-03-26,18:00:00,842.53,843.29,840.82,840.94,12447157,0
2018-03-26,19:00:00,840.95,841.89,839.31,839.62,10405730,0
2018-03-26,20:00:00,839.63,840.49,839.41,840.02,9734686,0
2018-03-26,21:00:00,839.98,841.74,839.96,841.55,10549350,0
2018-03-26,22:00:00,841.54,841.99,840.46,841.97,19273058,0
2018-03-27,16:00:00,842,842.89,838.71,840.82,19488887,0
2018-03-27,17:00:00,840.83,841.11,838.93,839.11,15908101,0
2018-03-27,18:00:00,839.08,840.03,838.51,839.92,12470683,0
2018-03-27,19:00:00,839.89,840.54,839.34,839.95,11360085,0
2018-03-27,20:00:00,840.03,841.24,838.54,838.78,10756902,0
2018-03-27,21:00:00,838.81,838.88,837.1,837.16,10856607,0
2018-03-27,22:00:00,837.19,837.19,832.32,833.06,23277485,0
2018-03-28,16:00:00,832.95,833.53,828.31,828.89,16804509,0
2018-03-28,17:00:00,828.87,830.04,826.91,827.34,20058111,0
2018-03-28,18:00:00,827.36,827.67,825.14,825.39,16511165,0
2018-03-28,19:00:00,825.38,826.36,824.7,825.95,11121948,0
2018-03-28,20:00:00,825.91,826.14,824.44,825.13,8314852,0
2018-03-28,21:00:00,825.14,825.6,824.56,824.63,9763087,0
2018-03-28,22:00:00,824.62,825.64,823.48,825.22,20027977,0
2018-03-29,16:00:00,825.69,827.48,825.57,826.14,12039057,0
2018-03-29,17:00:00,826.17,828.7,825.82,828.62,15011182,0
2018-03-29,18:00:00,828.55,829.61,828.55,829.46,12280078,0
2018-03-29,19:00:00,829.47,831.48,828.9,831.42,10568215,0
2018-03-29,20:00:00,831.43,832.29,830.94,832.22,10830043,0
2018-03-29,21:00:00,832.22,833.52,832.16,833.18,10641997,0
2018-03-29,22:00:00,833.11,833.12,831.18,831.65,23750802,0
