Date,Time,Open,High,Low,Close,Volume,OpenInt
2017-09-05,16:00:00,965.5,966.22,964.04,966.22,204744282,0
2017-09-05,17:00:00,966.22,966.27,963.82,963.89,232747409,0
2017-09-05,18:00:00,963.9,963.99,962.81,963.26,171668702,0
2017-09-05,19:00:00,963.28,963.29,958.18,958.61,196906312,0
2017-09-05,20:00:00,958.6,958.72,957.16,958.72,154382544,0
2017-09-05,21:00:00,958.74,959.67,958.58,958.98,159062220,0
2017-09-05,22:00:00,959.01,960.33,958.89,959.96,391232075,0
2017-09-06,16:00:00,959.96,963.76,959.96,963.31,202748461,0
2017-09-06,17:00:00,963.31,964.52,962.68,962.98,248410118,0
2017-09-06,18:00:00,963.01,963.12,961.49,961.77,183728744,0
2017-09-06,19:00:00,961.8,962.02,961.33,961.82,199843941,0
2017-09-06,20:00:00,961.81,963.55,961.81,963.15,155496308,0
2017-09-06,21:00:00,963.15,963.84,962.95,963.17,162524092,0
2017-09-06,22:00:00,963.17,964.05,962.64,962.98,429322766,0
2017-09-07,16:00:00,963.34,964.8,963.24,963.3,228956572,0
2017-09-07,17:00:00,963.31,964.82,961.85,964.69,292448504,0
2017-09-07,18:00:00,964.69,964.99,963.01,963.54,205319514,0
2017-09-07,19:00:00,963.25,964.35,963.02,964.34,192835461,0
2017-09-07,20:00:00,964.33,964.52,963.47,963.57,175037654,0
2017-09-07,21:00:00,963.58,963.76,963.34,963.59,169055146,0
2017-09-07,22:00:00,963.62,964.37,963.62,964.2,407528188,0
2017-09-08,16:00:00,964.1,964.1,962.84,963.1,211732928,0
2017-09-08,17:00:00,963.13,964.67,962.78,964.52,282427025,0
2017-09-08,18:00:00,964.55,965.64,964.55,965.4,190506726,0
2017-09-08,19:00:00,965.41,965.43,964.16,965.23,144824926,0
2017-09-08,20:00:00,965.24,965.28,963.94,964.32,130589555,0
2017-09-08,21:00:00,964.29,964.83,964.21,964.42,152125331,0
2017-09-08,22:00:00,964.43,964.96,963.58,964.25,364830495,0
2017-09-11,16:00:00,964.26,971.03,964.26,970.39,213935568,0
2017-09-11,17:00:00,970.38,970.82,969.41,969.5,251579534,0
2017-09-11,18:00:00,969.51,971.06,969.48,971.01,182260285,0
2017-09-11,19:00:00,971.03,971.99,970.89,971.53,143065633,0
2017-09-11,20:00:00,971.5,972.14,971.5,972.14,134240052,0
2017-09-11,21:00:00,972.13,972.49,971.81,971.81,155706164,0
2017-09-11,22:00:00,971.81,973.01,971.72,973.01,418994285,0
2017-09-12,16:00:00,973.19,974.68,973.19,974.08,196174037,0
2017-09-12,17:00:00,974.1,975.2,973.83,974.93,235668254,0
2017-09-12,18:00:00,974.91,976.27,974.74,976.26,178139597,0
2017-09-12,19:00:00,976.28,976.93,976.27,976.77,147347867,0
2017-09-12,20:00:00,976.76,977.34,976.74,976.87,156659090,0
2017-09-12,21:00:00,976.83,977.06,976.5,976.82,177256713,0
2017-09-12,22:00:00,976.79,977.23,976.52,977.23,375206885,0
2017-09-13,16:00:00,977.09,977.94,976.24,977.94,225998788,0
2017-09-13,17:00:00,977.96,979.72,977.96,979.63,270292551,0
2017-09-13,18:00:00,979.62,980.63,979.6,980.5,219289934,0
2017-09-13,19:00:00,980.51,981.06,980.41,980.8,163289789,0
2017-09-13,20:00:00,980.8,981.61,980.48,981.61,144473298,0
2017-09-13,21:00:00,981.57,981.98,981.26,981.98,175001383,0
2017-09-13,22:00:00,981.96,981.96,980.53,980.53,436805379,0
2017-09-14,16:00:00,980.61,980.61,978.61,979.79,203675708,0
2017-09-14,17:00:00,979.81,981.54,979.81,981.47,242302936,0
2017-09-14,18:00:00,981.45,982.31,981.27,981.41,190410306,0
2017-09-14,19:00:00,981.39,981.69,980.87,980.87,144874446,0
2017-09-14,20:00:00,980.9,981.12,979.87,980.25,147788349,0
2017-09-14,21:00:00,980.24,980.58,980.2,980.41,156872874,0
2017-09-14,22:00:00,980.47,980.57,979.83,979.96,440342914,0
2017-09-15,16:00:00,980.1,980.42,977.81,980.36,374270475,0
2017-09-15,17:00:00,980.36,981.76,980.35,981.52,251062104,0
2017-09-15,18:00:00,981.52,981.92,981.13,981.85,180487908,0
2017-09-15,19:00:00,981.84,982.02,981.66,981.73,138016478,0
2017-09-15,20:00:00,981.75,982.22,981.75,982.19,136350047,0
2017-09-15,21:00:00,982.39,982.97,982.36,982.45,150352464,0
2017-09-15,22:00:00,982.46,982.88,981.13,981.13,1081862091,0
2017-09-18,16:00:00,981.46,986.09,981.46,986,202281900,0
2017-09-18,17:00:00,986,987.42,985.85,986.42,244757324,0
2017-09-18,18:00:00,986.41,986.66,985.91,986.23,195775521,0
2017-09-18,19:00:00,986.24,987.17,986.22,987.09,147823431,0
2017-09-18,20:00:00,987.1,987.74,987,987.28,143944302,0
2017-09-18,21:00:00,987.29,987.52,985.32,985.74,197351975,0
2017-09-18,22:00:00,985.74,985.88,984.86,985.01,419522547,0
2017-09-19,16:00:00,985.21,985.97,984.53,985.06,213944251,0
2017-09-19,17:00:00,984.98,985.17,984.15,984.22,255799323,0
2017-09-19,18:00:00,984.17,984.19,982.97,983.04,188814794,0
2017-09-19,19:00:00,983.05,984.09,983.03,983.96,157288070,0
2017-09-19,20:00:00,983.98,984.49,983.87,984.41,140429584,0
2017-09-19,21:00:00,984.41,984.65,984.17,984.26,172650247,0
2017-09-19,22:00:00,984.27,984.45,983.55,983.97,421582849,0
2017-09-20,16:00:00,983.25,984.14,983.25,984,225621980,0
2017-09-20,17:00:00,984.01,985.36,983.88,984.75,268285126,0
2017-09-20,18:00:00,984.75,985.73,984.75,985.73,213338741,0
2017-09-20,19:00:00,985.74,987.3,985.72,987.26,155286343,0
2017-09-20,20:00:00,987.26,987.36,986.59,986.79,144293180,0
2017-09-20,21:00:00,986.81,986.84,984.8,986.45,232653489,0
2017-09-20,22:00:00,986.45,986.69,985.49,986.47,456403316,0
2017-09-21,16:00:00,986.41,986.75,983.62,984.16,233044820,0
2017-09-21,17:00:00,984.19,985.45,983.94,985.32,265516957,0
2017-09-21,18:00:00,985.32,986.7,985.19,986.38,182411135,0
2017-09-21,19:00:00,986.39,987.86,986.27,987.83,157277849,0
2017-09-21,20:00:00,987.85,988.08,987.55,987.78,139729643,0
2017-09-21,21:00:00,987.78,987.85,985.91,986.33,149779977,0
2017-09-21,22:00:00,986.35,986.4,985.33,985.57,352695257,0
2017-09-22,16:00:00,985.77,987.9,984.3,987.38,195004510,0
2017-09-22,17:00:00,987.39,989.51,987.32,988.73,244643484,0
2017-09-22,18:00:00,988.72,989.4,988.44,988.74,155244552,0
2017-09-22,19:00:00,988.75,989.36,988.51,989.21,165338163,0
2017-09-22,20:00:00,989.21,989.97,989.04,989.91,127784731,0
2017-09-22,21:00:00,989.89,989.96,986.64,986.9,139489866,0
2017-09-22,22:00:00,986.89,989.12,986.8,989.12,382889926,0
2017-09-25,16:00:00,989.04,989.65,988.68,989.45,218395335,0
2017-09-25,17:00:00,989.47,990.85,988.01,988.02,293909402,0
2017-09-25,18:00:00,988.02,988.06,986.24,986.67,218942324,0
2017-09-25,19:00:00,986.68,987.37,985.32,987.21,165862151,0
2017-09-25,20:00:00,987.2,987.93,987.16,987.65,140824421,0
2017-09-25,21:00:00,987.66,987.98,986.92,987.41,175274130,0
2017-09-25,22:00:00,987.4,988.32,987.31,987.43,459652873,0
2017-09-26,16:00:00,987.31,988.89,987.31,987.91,217640118,0
2017-09-26,17:00:00,987.94,989.14,987.84,987.95,260521928,0
2017-09-26,18:00:00,987.93,988.29,987.58,988.15,210502290,0
2017-09-26,19:00:00,988.18,988.75,988.14,988.37,151004427,0
2017-09-26,20:00:00,988.38,989.84,988.34,989.84,149433555,0
2017-09-26,21:00:00,989.86,989.95,989.18,989.47,170428624,0
2017-09-26,22:00:00,989.47,989.88,988.69,988.79,422682904,0
2017-09-27,16:00:00,989,994.08,989,993.51,242700189,0
2017-09-27,17:00:00,993.51,994.56,992.65,992.76,293385057,0
2017-09-27,18:00:00,992.74,993.52,992.62,993.2,192381505,0
2017-09-27,19:00:00,993.24,996.76,992.92,996.76,151319370,0
2017-09-27,20:00:00,996.75,1001.2,996.73,1001.18,175789751,0
2017-09-27,21:00:00,1001.19,1001.73,1000.81,1001.6,204973793,0
2017-09-27,22:00:00,1001.58,1002.22,1000.63,1000.72,451321206,0
2017-09-28,16:00:00,1000.85,1001.12,999.22,999.75,219053204,0
2017-09-28,17:00:00,999.76,1000.76,999.45,1000.03,267541704,0
2017-09-28,18:00:00,1000,1000.6,999.75,1000.11,197519168,0
2017-09-28,19:00:00,1000.12,1001.73,1000.05,1001.67,164578731,0
2017-09-28,20:00:00,1001.67,1002.53,1001.4,1002.52,157248341,0
2017-09-28,21:00:00,1002.54,1002.86,1001.77,1002.13,172380974,0
2017-09-28,22:00:00,1002.11,1003.45,1001.79,1003.34,402384763,0
2017-09-29,16:00:00,1003.45,1005.17,1003.45,1004.68,212405807,0
2017-09-29,17:00:00,1004.64,1006.33,1004.64,1006.31,256628606,0
2017-09-29,18:00:00,1006.32,1007.18,1006.3,1006.87,197661778,0
2017-09-29,19:00:00,1006.89,1008,1006.86,1008,160606459,0
2017-09-29,20:00:00,1008.02,1008.03,1006.97,1007.06,158059011,0
2017-09-29,21:00:00,1007.07,1007.25,1006.75,1007.15,157815946,0
2017-09-29,22:00:00,1007.14,1007.57,1006.54,1006.54,467931641,0
2017-10-02,16:00:00,1006.58,1010.17,1006.58,1010.14,224480472,0
2017-10-02,17:00:00,1010.15,1012.28,1010.15,1010.91,278934520,0
2017-10-02,18:00:00,1010.94,1011.84,1010.76,1011.06,204100438,0
2017-10-02,19:00:00,1011.03,1012.46,1010.47,1012.46,167772063,0
2017-10-02,20:00:00,1012.47,1013.48,1012.47,1013.48,152411976,0
2017-10-02,21:00:00,1013.49,1013.63,1013.12,1013.59,170489865,0
2017-10-02,22:00:00,1013.57,1015.28,1013.46,1015.28,419377366,0
2017-10-03,16:00:00,1015.38,1017.31,1015.38,1017.27,237898447,0
2017-10-03,17:00:00,1017.26,1017.33,1014.88,1015.65,310825014,0
2017-10-03,18:00:00,1015.63,1016.23,1014.92,1016.14,209886603,0
2017-10-03,19:00:00,1016.12,1016.51,1016.02,1016.31,154165849,0
2017-10-03,20:00:00,1016.28,1017.31,1016.24,1017.24,153097406,0
2017-10-03,21:00:00,1017.26,1018.04,1017.14,1017.86,169550597,0
2017-10-03,22:00:00,1017.88,1019.81,1017.72,1018.12,434725320,0
2017-10-04,16:00:00,1018.11,1019.72,1018.11,1019.72,235656953,0
2017-10-04,17:00:00,1019.75,1021.54,1019.35,1021.54,281768615,0
2017-10-04,18:00:00,1021.55,1023.38,1021.54,1023.07,215000007,0
2017-10-04,19:00:00,1023.09,1023.09,1021.38,1021.56,170435003,0
2017-10-04,20:00:00,1021.55,1021.75,1019,1019,176370573,0
2017-10-04,21:00:00,1019.01,1020.18,1018.91,1020.18,161420419,0
2017-10-04,22:00:00,1020.17,1020.21,1019.58,1019.61,393941475,0
2017-10-05,16:00:00,1019.97,1022.71,1019.97,1022.09,216300538,0
2017-10-05,17:00:00,1022.06,1023.86,1021.82,1023.8,263305708,0
2017-10-05,18:00:00,1023.8,1025.13,1023.77,1024.89,209793852,0
2017-10-05,19:00:00,1024.88,1025.62,1024.28,1024.4,178098901,0
2017-10-05,20:00:00,1024.4,1024.88,1024.04,1024.73,143219037,0
2017-10-05,21:00:00,1024.73,1024.86,1024.19,1024.85,155349107,0
2017-10-05,22:00:00,1024.86,1025.15,1024.26,1025.14,393036259,0
2017-10-06,16:00:00,1025.93,1026.77,1024.99,1026.65,204770638,0
2017-10-06,17:00:00,1026.66,1027.54,1025.9,1026,246995951,0
2017-10-06,18:00:00,1025.98,1026.33,1025.09,1025.53,175914441,0
2017-10-06,19:00:00,1025.52,1026.72,1025.15,1026.64,142146321,0
2017-10-06,20:00:00,1026.62,1026.69,1025.73,1026.02,131269100,0
2017-10-06,21:00:00,1026.01,1026.17,1023.51,1023.96,142522172,0
2017-10-06,22:00:00,1023.97,1024.82,1023.64,1024.82,385948489,0
2017-10-09,16:00:00,1024.94,1026.11,1024.22,1024.28,180249087,0
2017-10-09,17:00:00,1024.28,1024.48,1023.1,1023.42,225421631,0
2017-10-09,18:00:00,1023.44,1023.98,1023.06,1023.82,153121177,0
2017-10-09,19:00:00,1023.79,1023.9,1022.56,1022.61,120375889,0
2017-10-09,20:00:00,1022.6,1022.76,1022.34,1022.53,112384094,0
2017-10-09,21:00:00,1022.52,1022.52,1022.05,1022.24,137612558,0
2017-10-09,22:00:00,1022.21,1022.21,1021.02,1021.52,337111960,0
2017-10-10,16:00:00,1021.94,1026.83,1021.94,1025.59,226602900,0
2017-10-10,17:00:00,1025.57,1025.71,1024.45,1025.65,269796276,0
2017-10-10,18:00:00,1025.68,1026.33,1024.73,1024.8,192289747,0
2017-10-10,19:00:00,1024.79,1024.83,1023.86,1024.12,152041327,0
2017-10-10,20:00:00,1024.16,1024.77,1024.15,1024.55,137134328,0
2017-10-10,21:00:00,1024.54,1024.61,1023.97,1024.17,146840696,0
2017-10-10,22:00:00,1024.19,1025.84,1024.19,1025.47,385910430,0
2017-10-11,16:00:00,1025.69,1026.81,1025.63,1026.59,219131610,0
2017-10-11,17:00:00,1026.6,1027.73,1026.37,1027.3,257340743,0
2017-10-11,18:00:00,1027.31,1028.17,1027.31,1027.73,190144484,0
2017-10-11,19:00:00,1027.73,1027.81,1026.86,1026.98,156152668,0
2017-10-11,20:00:00,1026.96,1027.46,1026.76,1027.12,134441902,0
2017-10-11,21:00:00,1027.12,1027.56,1026.75,1027.26,162114880,0
2017-10-11,22:00:00,1027.24,1028.02,1026.95,1026.96,431248319,0
2017-10-12,16:00:00,1026.94,1026.94,1024.36,1024.49,263168861,0
2017-10-12,17:00:00,1024.46,1026.49,1024.28,1026.45,293006675,0
2017-10-12,18:00:00,1026.43,1027.06,1026.26,1026.81,198328047,0
2017-10-12,19:00:00,1026.8,1027.08,1025.87,1025.88,155100053,0
2017-10-12,20:00:00,1025.87,1025.94,1025.15,1025.43,160783011,0
2017-10-12,21:00:00,1025.41,1025.66,1024.5,1024.78,186709583,0
2017-10-12,22:00:00,1024.82,1025.59,1023.27,1023.27,472727441,0
2017-10-13,16:00:00,1023.27,1025.15,1023.27,1023.96,222310681,0
2017-10-13,17:00:00,1023.88,1025.05,1023.5,1024.06,268564178,0
2017-10-13,18:00:00,1024.08,1024.19,1022.99,1022.99,180188270,0
2017-10-13,19:00:00,1022.99,1023.05,1022.41,1022.66,141312972,0
2017-10-13,20:00:00,1022.67,1022.81,1022.01,1022.01,138806776,0
2017-10-13,21:00:00,1022.03,1022.19,1021.71,1022.06,143098813,0
2017-10-13,22:00:00,1022.06,1022.25,1020.38,1020.99,394524421,0
2017-10-16,16:00:00,1020.98,1023.83,1020.98,1023.52,193980911,0
2017-10-16,17:00:00,1023.55,1024.08,1020.44,1020.45,231196270,0
2017-10-16,18:00:00,1020.47,1020.6,1019.41,1019.42,165597163,0
2017-10-16,19:00:00,1019.42,1019.43,1017.48,1017.69,143210259,0
2017-10-16,20:00:00,1017.69,1017.87,1016.89,1017.6,121986847,0
2017-10-16,21:00:00,1017.59,1017.74,1016.42,1016.62,141257675,0
2017-10-16,22:00:00,1016.62,1016.99,1016.51,1016.97,369860313,0
2017-10-17,16:00:00,1017.01,1017.35,1016.3,1016.73,194939958,0
2017-10-17,17:00:00,1016.72,1017.78,1014.29,1014.92,230059442,0
2017-10-17,18:00:00,1014.89,1016.48,1014.84,1015.63,175630828,0
2017-10-17,19:00:00,1015.64,1015.66,1014.44,1014.65,125936137,0
2017-10-17,20:00:00,1014.63,1014.94,1012.88,1013.01,140673165,0
2017-10-17,21:00:00,1013.03,1013.65,1012.87,1013.6,158347188,0
2017-10-17,22:00:00,1013.61,1013.62,1012.35,1012.7,376148894,0
2017-10-18,16:00:00,1012.7,1015.1,1012.7,1014.96,207828925,0
2017-10-18,17:00:00,1014.97,1015.02,1012.94,1013.35,254791304,0
2017-10-18,18:00:00,1013.35,1013.66,1012.59,1012.98,178913770,0
2017-10-18,19:00:00,1012.98,1014.66,1012.98,1014.42,156010734,0
2017-10-18,20:00:00,1014.38,1014.81,1014.34,1014.69,134366585,0
2017-10-18,21:00:00,1014.69,1014.8,1014.43,1014.52,149372223,0
2017-10-18,22:00:00,1014.48,1014.68,1013.04,1013.23,387613653,0
2017-10-19,16:00:00,1013.23,1013.23,1006.41,1006.57,257096898,0
2017-10-19,17:00:00,1006.55,1008.91,1005.78,1008.91,276499744,0
2017-10-19,18:00:00,1008.92,1008.93,1007.17,1007.24,181247980,0
2017-10-19,19:00:00,1007.24,1007.74,1006.95,1007.72,137880516,0
2017-10-19,20:00:00,1007.72,1009.48,1007.7,1009.14,140450716,0
2017-10-19,21:00:00,1009.14,1010.1,1009.03,1009.87,148115647,0
2017-10-19,22:00:00,1009.88,1010.85,1009.88,1010.85,388538226,0
2017-10-20,16:00:00,1010.89,1014.92,1010.89,1013.06,230433470,0
2017-10-20,17:00:00,1013.07,1013.63,1012.55,1013.02,240436707,0
2017-10-20,18:00:00,1013.05,1014.05,1013.05,1014.02,183692762,0
2017-10-20,19:00:00,1014.02,1014.69,1013.94,1014.64,146935641,0
2017-10-20,20:00:00,1014.66,1014.87,1014.19,1014.34,134337498,0
2017-10-20,21:00:00,1014.35,1014.48,1013.77,1013.84,145137812,0
2017-10-20,22:00:00,1013.82,1013.88,1013.04,1013.61,440066586,0
2017-10-23,16:00:00,1013.66,1014.58,1012.37,1012.67,221668317,0
2017-10-23,17:00:00,1012.64,1012.64,1010.42,1010.92,260561893,0
2017-10-23,18:00:00,1010.93,1010.99,1009.26,1009.8,183835886,0
2017-10-23,19:00:00,1009.81,1010.65,1009.78,1010.61,146569660,0
2017-10-23,20:00:00,1010.59,1010.62,1009.18,1009.31,131247171,0
2017-10-23,21:00:00,1009.33,1009.55,1008.5,1008.65,149921262,0
2017-10-23,22:00:00,1008.64,1008.68,1005.97,1005.97,422050592,0
2017-10-24,16:00:00,1006.08,1008.98,1006.08,1006.55,208559064,0
2017-10-24,17:00:00,1006.52,1008.02,1006.33,1007.45,246763549,0
2017-10-24,18:00:00,1007.43,1007.74,1006.9,1007.16,187334599,0
2017-10-24,19:00:00,1007.14,1007.19,1006.6,1006.95,139648461,0
2017-10-24,20:00:00,1006.92,1007.62,1006.46,1007.6,151018561,0
2017-10-24,21:00:00,1007.61,1007.61,1006.38,1006.4,165690936,0
2017-10-24,22:00:00,1006.38,1006.7,1004.16,1004.21,429874176,0
2017-10-25,16:00:00,1004.26,1004.26,1001.64,1001.64,234862229,0
2017-10-25,17:00:00,1001.62,1002.08,998.08,998.08,313079736,0
2017-10-25,18:00:00,998.07,998.07,993.41,994.55,284351676,0
2017-10-25,19:00:00,994.52,995.04,993.11,995.03,197294551,0
2017-10-25,20:00:00,995.05,997.52,994.73,997.46,167941826,0
2017-10-25,21:00:00,997.45,997.74,996.45,996.69,176249448,0
2017-10-25,22:00:00,996.69,998.17,996.69,997.84,441020433,0
2017-10-26,16:00:00,997.89,998.36,997.23,997.8,248628490,0
2017-10-26,17:00:00,997.79,998.9,996.24,998.85,300943993,0
2017-10-26,18:00:00,998.86,999.75,998.44,998.72,231135606,0
2017-10-26,19:00:00,998.72,998.9,997.02,997.03,168427234,0
2017-10-26,20:00:00,997.03,997.64,996.95,997.22,160573231,0
2017-10-26,21:00:00,997.24,997.48,996.23,996.23,185814672,0
2017-10-26,22:00:00,996.24,996.39,994.44,995.56,474027901,0
2017-10-27,16:00:00,995.41,995.64,993.44,994.4,280120782,0
2017-10-27,17:00:00,994.29,994.8,993.51,994.57,372034615,0
2017-10-27,18:00:00,994.54,996.8,994.38,996.74,266682260,0
2017-10-27,19:00:00,996.73,997.82,996.73,997.64,196247809,0
2017-10-27,20:00:00,997.66,998.11,997.48,998.1,172174986,0
2017-10-27,21:00:00,998.08,998.38,997.7,998.05,196093568,0
2017-10-27,22:00:00,998.04,999.98,998.02,999.98,500348335,0
2017-10-30,17:00:00,995.48,995.52,993.9,994.04,723676474,0
2017-10-30,18:00:00,994.08,994.35,992.83,993.01,188432989,0
2017-10-30,19:00:00,993.02,993.63,991.07,991.08,173978600,0
2017-10-30,20:00:00,991.1,992.38,990.43,991.87,170947725,0
2017-10-30,21:00:00,991.89,993.32,991.1,993.18,641860250,0
2017-10-31,17:00:00,995.37,995.92,995.37,995.83,728975523,0
2017-10-31,18:00:00,995.92,996.32,995.32,996.16,164036537,0
2017-10-31,19:00:00,996.17,996.96,995.99,996.9,154086252,0
2017-10-31,20:00:00,996.89,998.2,996.77,998.2,193157720,0
2017-10-31,21:00:00,998.2,998.55,997.61,998.02,722345844,0
2017-11-01,16:00:00,999.9,999.9,997.89,997.89,528041086,0
2017-11-01,17:00:00,997.85,997.93,993.9,993.95,216158435,0
2017-11-01,18:00:00,993.94,994.29,991.95,991.97,165305727,0
2017-11-01,19:00:00,991.96,991.96,989.57,990.55,186006192,0
2017-11-01,20:00:00,990.57,991.89,990.42,991.59,193036284,0
2017-11-01,21:00:00,991.64,992.48,991.32,991.64,447140006,0
2017-11-02,16:00:00,991.37,993.87,991.37,992.83,583315105,0
2017-11-02,17:00:00,992.85,993.08,991.55,992.4,243124677,0
2017-11-02,18:00:00,992.47,994.63,992.33,993.49,224384334,0
2017-11-02,19:00:00,993.5,993.64,991.12,991.12,182318095,0
2017-11-02,20:00:00,991.15,992.14,990.98,991.21,199898513,0
2017-11-02,21:00:00,991.23,992.91,990.96,992.6,485788349,0
2017-11-03,16:00:00,992.21,992.58,991.96,992.37,503945222,0
2017-11-03,17:00:00,992.39,993.67,992.15,993.61,216747128,0
2017-11-03,18:00:00,993.58,993.93,993.21,993.79,180339371,0
2017-11-03,19:00:00,993.79,994.37,993.54,994.24,209314626,0
2017-11-03,20:00:00,994.26,994.82,994.07,994.34,264481133,0
2017-11-03,21:00:00,994.33,994.44,993.33,994.21,483919312,0
2017-11-06,16:00:00,994.25,996.29,994.25,996.08,284978828,0
2017-11-06,17:00:00,996.13,997.07,995.66,995.7,301234312,0
2017-11-06,18:00:00,995.66,995.71,994.78,994.98,234430095,0
2017-11-06,19:00:00,994.99,996.27,994.77,996.22,167185658,0
2017-11-06,20:00:00,996.23,996.86,995.71,995.86,181166812,0
2017-11-06,21:00:00,995.88,995.99,995.5,995.74,190716568,0
2017-11-06,22:00:00,995.73,996.74,995.41,995.68,449885632,0
2017-11-07,16:00:00,995.69,996.3,994.36,994.58,278424752,0
2017-11-07,17:00:00,994.56,994.57,988.83,989.04,309757447,0
2017-11-07,18:00:00,989.03,989.77,987.91,987.92,242879686,0
2017-11-07,19:00:00,987.91,988.17,985.74,986.12,198857899,0
2017-11-07,20:00:00,986.13,986.99,986.05,986.94,167623218,0
2017-11-07,21:00:00,986.97,987.29,985.79,985.79,179059346,0
2017-11-07,22:00:00,985.77,985.81,983.95,984.23,436340968,0
2017-11-08,16:00:00,983.98,983.98,981.34,981.73,265919891,0
2017-11-08,17:00:00,981.72,982.14,978.69,979.7,310063005,0
2017-11-08,18:00:00,979.69,980.18,978.21,979.1,214996401,0
2017-11-08,19:00:00,979.09,981.62,979.07,981.62,173059559,0
2017-11-08,20:00:00,981.61,982.24,981.17,982.06,157839357,0
2017-11-08,21:00:00,982.01,983.44,981.97,983.33,181567445,0
2017-11-08,22:00:00,983.32,983.63,982.53,982.53,472182918,0
2017-11-09,16:00:00,982.52,982.52,977.16,978.05,274428056,0
2017-11-09,17:00:00,978.07,983.04,978.07,983.04,311838813,0
2017-11-09,18:00:00,983.06,983.1,978.94,979.17,243861065,0
2017-11-09,19:00:00,979.14,979.16,974.9,976.26,222547447,0
2017-11-09,20:00:00,976.27,980.09,976.2,979.8,172537944,0
2017-11-09,21:00:00,979.82,980.32,979.28,979.39,178282360,0
2017-11-09,22:00:00,979.38,980.58,979.02,980.58,423792672,0
2017-11-10,16:00:00,980.73,982.1,979.13,982.06,241381114,0
2017-11-10,17:00:00,982.05,982.16,979.9,981.59,277782494,0
2017-11-10,18:00:00,981.59,983.3,981.35,982.99,211501862,0
2017-11-10,19:00:00,982.96,983.3,982.06,982.06,163248276,0
2017-11-10,20:00:00,982.06,982.87,981.56,982.79,152158350,0
2017-11-10,21:00:00,982.78,984.52,982.77,984.52,174448628,0
2017-11-10,22:00:00,984.5,985.02,982.78,982.78,423564836,0
2017-11-13,16:00:00,982.68,982.68,979.17,980.71,244972145,0
2017-11-13,17:00:00,980.78,982.2,980.61,981.05,270571346,0
2017-11-13,18:00:00,981.06,982,980.78,981.48,207107295,0
2017-11-13,19:00:00,981.53,981.88,980.81,980.83,180549597,0
2017-11-13,20:00:00,980.81,981.23,979.87,981.19,160139001,0
2017-11-13,21:00:00,981.22,981.43,980.81,980.93,167433617,0
2017-11-13,22:00:00,980.94,981.36,980.44,980.53,425435164,0
2017-11-14,16:00:00,980.55,980.55,978.8,979.5,233063149,0
2017-11-14,17:00:00,979.49,979.52,977.35,978.49,307217863,0
2017-11-14,18:00:00,978.47,978.51,975.64,976.21,202848953,0
2017-11-14,19:00:00,976.21,976.21,973.78,974.02,171703451,0
2017-11-14,20:00:00,974.06,974.87,973.81,974.08,155141118,0
2017-11-14,21:00:00,974.09,975.39,974.09,975.34,162701464,0
2017-11-14,22:00:00,975.34,976.8,975.34,976.75,420223765,0
2017-11-15,16:00:00,976.71,976.71,968.37,969.23,232964767,0
2017-11-15,17:00:00,969.24,973.66,969.22,973.63,273607759,0
2017-11-15,18:00:00,973.61,975.99,973.61,975.21,188766504,0
2017-11-15,19:00:00,975.2,976.04,974.65,975.6,144371228,0
2017-11-15,20:00:00,975.63,975.71,974.29,974.39,140772470,0
2017-11-15,21:00:00,974.39,976.16,974.39,976.02,158714492,0
2017-11-15,22:00:00,976.02,976.09,973.11,973.56,414732578,0
2017-11-16,16:00:00,973.97,981.37,973.97,981.25,226632047,0
2017-11-16,17:00:00,981.25,986.66,981.25,986.14,274165869,0
2017-11-16,18:00:00,986.13,987.31,986.13,986.76,196391062,0
2017-11-16,19:00:00,986.76,988.2,986.04,988.2,169084203,0
2017-11-16,20:00:00,988.17,988.9,987.89,988.07,157663608,0
2017-11-16,21:00:00,988.05,988.55,987.48,987.5,171333283,0
2017-11-16,22:00:00,987.54,988.4,987.52,987.72,456311983,0
2017-11-17,16:00:00,987.73,987.73,986.07,986.64,254355987,0
2017-11-17,17:00:00,986.68,987.62,986.11,987.32,276212678,0
2017-11-17,18:00:00,987.32,990.09,986.56,990.06,204074981,0
2017-11-17,19:00:00,990.05,991.82,990.05,991.75,163085244,0
2017-11-17,20:00:00,991.74,992.58,991.73,991.91,141018057,0
2017-11-17,21:00:00,991.91,992.19,990.81,991.42,152600814,0
2017-11-17,22:00:00,991.42,992.04,990.92,992.04,455178468,0
2017-11-20,16:00:00,992.44,993.46,992.25,993.24,212001483,0
2017-11-20,17:00:00,993.26,994.52,992.88,994.41,259055771,0
2017-11-20,18:00:00,994.39,994.73,993.89,994.16,187487652,0
2017-11-20,19:00:00,994.14,994.42,993.39,993.55,146698069,0
2017-11-20,20:00:00,993.56,995.28,993.5,995.22,135255990,0
2017-11-20,21:00:00,995.31,995.75,994.84,995.38,156485173,0
2017-11-20,22:00:00,995.4,996.28,995.4,996.16,411002010,0
2017-11-21,16:00:00,996.56,1000.83,996.56,1000.73,227892110,0
2017-11-21,17:00:00,1000.73,1003.66,1000.65,1002.87,273688140,0
2017-11-21,18:00:00,1002.84,1002.93,1001.85,1002.19,202417465,0
2017-11-21,19:00:00,1002.19,1002.23,1000.89,1001.46,157489268,0
2017-11-21,20:00:00,1001.45,1001.89,1001.38,1001.54,140296627,0
2017-11-21,21:00:00,1001.53,1001.86,1001.3,1001.84,160646921,0
2017-11-21,22:00:00,1001.9,1002.08,1000.83,1000.83,421692597,0
2017-11-22,16:00:00,1000.97,1003.63,1000.97,1003.1,196010841,0
2017-11-22,17:00:00,1002.91,1003.65,1002.25,1003.49,237929482,0
2017-11-22,18:00:00,1003.51,1003.92,1003.13,1003.92,168226931,0
2017-11-22,19:00:00,1003.9,1004.19,1003.68,1003.96,128582240,0
2017-11-22,20:00:00,1003.97,1004.38,1003.83,1004.35,116834716,0
2017-11-22,21:00:00,1004.34,1004.97,1004.28,1004.91,125492101,0
2017-11-22,22:00:00,1004.92,1004.94,1003.21,1003.28,358212606,0
2017-11-24,16:00:00,1003.59,1006.08,1003.59,1005.8,162825394,0
2017-11-24,17:00:00,1005.79,1006.31,1004.9,1005.46,185945276,0
2017-11-24,18:00:00,1005.44,1005.89,1004.98,1004.99,137852170,0
2017-11-24,19:00:00,1004.99,1005.32,1004.63,1004.71,207024558,0
2017-11-24,20:00:00,1004.71,1006.51,1004.71,1006.51,35180100,0
2017-11-27,16:00:00,1006.47,1007.82,1006.27,1006.99,222190640,0
2017-11-27,17:00:00,1006.94,1006.95,1005.17,1005.21,241317344,0
2017-11-27,18:00:00,1005.19,1005.2,1002.52,1002.89,188593542,0
2017-11-27,19:00:00,1002.91,1002.93,1002.14,1002.82,136518414,0
2017-11-27,20:00:00,1002.82,1004.07,1002.82,1003.76,117285411,0
2017-11-27,21:00:00,1003.79,1004.28,1003.72,1004.05,141252952,0
2017-11-27,22:00:00,1004.06,1004.53,1002.57,1002.76,383041153,0
2017-11-28,16:00:00,1002.9,1003.8,1001.3,1001.31,220189892,0
2017-11-28,17:00:00,1001.32,1003.33,1001.25,1003,256630837,0
2017-11-28,18:00:00,1002.99,1004.3,1002.98,1004.13,196776978,0
2017-11-28,19:00:00,1004.15,1004.22,1003.23,1003.3,155088459,0
2017-11-28,20:00:00,1003.29,1003.93,1001.75,1001.75,161945276,0
2017-11-28,21:00:00,1001.76,1004.91,1001.03,1004.68,180139555,0
2017-11-28,22:00:00,1004.65,1008.08,1004.49,1007.62,457538408,0
2017-11-29,16:00:00,1007.82,1011.43,1007.82,1011.4,252413921,0
2017-11-29,17:00:00,1011.37,1011.57,1008.24,1008.55,396041565,0
2017-11-29,18:00:00,1008.56,1008.79,1006,1006,278566789,0
2017-11-29,19:00:00,1005.97,1007.81,1005.65,1007.13,240595446,0
2017-11-29,20:00:00,1007.14,1007.32,1005.73,1005.92,168366708,0
2017-11-29,21:00:00,1005.91,1006.74,1005.67,1005.78,198030947,0
2017-11-29,22:00:00,1005.72,1006.35,1005.46,1005.78,451283145,0
2017-11-30,16:00:00,1006.12,1008.23,1006.12,1006.57,235473683,0
2017-11-30,17:00:00,1006.55,1008.46,1006.46,1008.39,284643391,0
2017-11-30,18:00:00,1008.38,1010.22,1008.38,1008.58,217008587,0
2017-11-30,19:00:00,1008.6,1010.02,1008.47,1009.33,180919620,0
2017-11-30,20:00:00,1009.33,1009.61,1008.05,1008.36,166801017,0
2017-11-30,21:00:00,1008.34,1008.98,1008.16,1008.18,176468274,0
2017-11-30,22:00:00,1008.19,1009.02,1007,1007.86,663920874,0
2017-12-01,16:00:00,1007.89,1008.24,1005.74,1006.22,215798847,0
2017-12-01,17:00:00,1006.23,1008.27,1005.61,1007.66,284241709,0
2017-12-01,18:00:00,1007.64,1007.64,991.04,995.09,354181750,0
2017-12-01,19:00:00,995.23,1000.01,995.23,1000.01,187309998,0
2017-12-01,20:00:00,1000.02,1002.65,998.78,1002.1,157699375,0
2017-12-01,21:00:00,1002.08,1002.26,1001.08,1001.49,157912151,0
2017-12-01,22:00:00,1001.49,1004.94,1001.13,1004.75,417075019,0
2017-12-04,16:00:00,1005.67,1012.76,1005.67,1011.2,252156568,0
2017-12-04,17:00:00,1011.19,1011.24,1006.19,1006.96,390225746,0
2017-12-04,18:00:00,1006.92,1007.27,1005.47,1006.89,253734854,0
2017-12-04,19:00:00,1006.87,1007.11,1005.47,1005.67,191813990,0
2017-12-04,20:00:00,1005.69,1006.53,1005.37,1005.41,173322577,0
2017-12-04,21:00:00,1005.42,1005.46,1002.18,1002.26,202385807,0
2017-12-04,22:00:00,1002.29,1002.53,998.82,999.15,500707863,0
2017-12-05,16:00:00,999.11,1002.1,999.11,1000.86,251107872,0
2017-12-05,17:00:00,1000.87,1002.04,998.29,998.57,281017890,0
2017-12-05,18:00:00,998.57,1000.57,998.57,999.23,202284292,0
2017-12-05,19:00:00,999.21,999.34,998.27,998.28,156463312,0
2017-12-05,20:00:00,998.29,998.95,997.24,997.31,150130722,0
2017-12-05,21:00:00,997.34,997.66,994.17,994.3,185544071,0
2017-12-05,22:00:00,994.35,994.55,992.53,992.96,456563750,0
2017-12-06,16:00:00,992.78,992.78,990.34,990.84,209776993,0
2017-12-06,17:00:00,990.83,991.15,988.74,990.22,252418471,0
2017-12-06,18:00:00,990.25,990.25,988.05,988.24,187376405,0
2017-12-06,19:00:00,988.28,988.28,986.25,986.99,164302403,0
2017-12-06,20:00:00,986.99,987.88,986.13,987.66,145022715,0
2017-12-06,21:00:00,987.64,988.5,987.23,987.24,163019651,0
2017-12-06,22:00:00,987.27,987.69,986.01,986.01,407206953,0
2017-12-07,16:00:00,986.1,990.07,986.1,990.07,208207866,0
2017-12-07,17:00:00,990.13,993.26,989.57,993.13,265525974,0
2017-12-07,18:00:00,993.13,994.41,992.4,994.15,200365557,0
2017-12-07,19:00:00,994.15,994.15,992.8,992.91,151342785,0
2017-12-07,20:00:00,992.91,993.04,991.39,991.57,148132772,0
2017-12-07,21:00:00,991.61,992.08,991.31,991.87,154931102,0
2017-12-07,22:00:00,991.87,992.62,991.65,992.24,413055755,0
2017-12-08,16:00:00,992.26,996.29,992.26,995.39,216765165,0
2017-12-08,17:00:00,995.39,996.41,994.44,996.41,241678179,0
2017-12-08,18:00:00,996.41,997.14,996.14,996.99,199182577,0
2017-12-08,19:00:00,997,997.7,996.97,997.09,142663176,0
2017-12-08,20:00:00,997.07,997.31,995.93,996.08,134131684,0
2017-12-08,21:00:00,996.13,996.15,994.85,995.59,158681254,0
2017-12-08,22:00:00,995.59,995.85,994.24,995.17,388389760,0
2017-12-11,16:00:00,995.63,997.82,995.63,996.94,205441931,0
2017-12-11,17:00:00,997.04,997.48,995.47,995.75,239486371,0
2017-12-11,18:00:00,995.77,997.01,995.42,996.94,173342473,0
2017-12-11,19:00:00,996.95,997.49,996.65,996.75,140332248,0
2017-12-11,20:00:00,996.74,996.79,995.2,996.17,143560119,0
2017-12-11,21:00:00,996.17,996.26,994.71,994.76,157442543,0
2017-12-11,22:00:00,994.75,994.77,993.49,993.9,406653773,0
2017-12-12,16:00:00,993.83,996.41,993.83,996.13,218920538,0
2017-12-12,17:00:00,996.17,997.24,996.14,996.71,262749835,0
2017-12-12,18:00:00,996.72,996.92,996.08,996.15,177305211,0
2017-12-12,19:00:00,996.15,996.22,994.53,994.67,161431450,0
2017-12-12,20:00:00,994.69,994.69,993.19,993.19,147643728,0
2017-12-12,21:00:00,993.17,993.5,992.63,992.66,158511004,0
2017-12-12,22:00:00,992.66,992.8,990.77,990.77,422361908,0
2017-12-13,16:00:00,990.78,996.39,990.78,996.34,209085896,0
2017-12-13,17:00:00,996.3,996.3,994.86,995.62,246164615,0
2017-12-13,18:00:00,995.64,997.74,995.19,997.74,191271831,0
2017-12-13,19:00:00,997.77,997.86,995.26,995.98,152704718,0
2017-12-13,20:00:00,995.97,995.97,994.56,994.91,142413483,0
2017-12-13,21:00:00,994.92,996.78,994.92,996.76,180406315,0
2017-12-13,22:00:00,996.74,997.03,995.33,995.33,445538940,0
2017-12-14,16:00:00,995.39,997.81,995.39,997.78,189659377,0
2017-12-14,17:00:00,997.78,997.78,995.72,996.65,263566562,0
2017-12-14,18:00:00,996.62,996.68,994.31,996.21,192239810,0
2017-12-14,19:00:00,996.19,996.2,993.74,993.81,154246772,0
2017-12-14,20:00:00,993.8,993.81,989.83,989.83,166393594,0
2017-12-14,21:00:00,989.81,991.33,988.35,989.95,176458202,0
2017-12-14,22:00:00,990,991.15,988.68,988.68,455159353,0
2017-12-15,16:00:00,988.94,992.15,988.94,991.98,406500207,0
2017-12-15,17:00:00,991.97,995.18,991.97,994.57,301628244,0
2017-12-15,18:00:00,994.56,996.3,994.46,995.78,229037684,0
2017-12-15,19:00:00,995.81,997.35,995.73,997.24,182031749,0
2017-12-15,20:00:00,997.24,998.08,996.58,997.97,160938663,0
2017-12-15,21:00:00,997.81,1000.17,997.79,999.68,197031595,0
2017-12-15,22:00:00,999.72,1000.86,997.52,997.52,1134768968,0
2017-12-18,16:00:00,997.91,1006.46,997.91,1006.46,248978852,0
2017-12-18,17:00:00,1006.49,1007.19,1004.98,1005.31,289266716,0
2017-12-18,18:00:00,1005.3,1006.29,1004.96,1006.28,213121291,0
2017-12-18,19:00:00,1006.28,1006.83,1004.33,1004.38,183415216,0
2017-12-18,20:00:00,1004.38,1004.76,1003.92,1004.12,157475974,0
2017-12-18,21:00:00,1004.12,1004.71,1003.9,1004.71,171284117,0
2017-12-18,22:00:00,1004.7,1004.82,1003.81,1004.61,478835721,0
2017-12-19,16:00:00,1004.48,1005.65,1004.02,1004.58,235507869,0
2017-12-19,17:00:00,1004.57,1006.2,1004.55,1005.78,262434395,0
2017-12-19,18:00:00,1005.78,1005.89,1004.01,1004.09,207457878,0
2017-12-19,19:00:00,1004.12,1004.15,1002.2,1002.8,161301007,0
2017-12-19,20:00:00,1002.81,1003.89,1002.81,1003.49,171741364,0
2017-12-19,21:00:00,1003.49,1003.49,1001.22,1001.45,181098022,0
2017-12-19,22:00:00,1001.45,1001.86,999.98,1000.76,401303199,0
2017-12-20,16:00:00,1001.39,1005.27,1001.39,1003.46,242458132,0
2017-12-20,17:00:00,1003.51,1003.82,1002.23,1002.95,256431158,0
2017-12-20,18:00:00,1002.98,1003.8,1002.93,1003.51,187466824,0
2017-12-20,19:00:00,1003.5,1004.47,1003.43,1004.33,147735930,0
2017-12-20,20:00:00,1004.27,1005.25,1004.04,1004.63,141518411,0
2017-12-20,21:00:00,1004.65,1004.79,1003.63,1003.84,155112082,0
2017-12-20,22:00:00,1003.86,1004.39,1003.54,1003.68,396966933,0
2017-12-21,16:00:00,1003.68,1006.89,1003.68,1006.32,198686957,0
2017-12-21,17:00:00,1006.29,1009.37,1006.29,1009.37,254396952,0
2017-12-21,18:00:00,1009.36,1011.23,1009.17,1011.14,198713542,0
2017-12-21,19:00:00,1011.11,1011.14,1010.13,1010.45,146241741,0
2017-12-21,20:00:00,1010.48,1011.01,1010.23,1010.25,149919022,0
2017-12-21,21:00:00,1010.26,1010.35,1009.25,1009.71,162134435,0
2017-12-21,22:00:00,1009.72,1009.91,1008.41,1008.62,402011315,0
2017-12-22,16:00:00,1008.62,1008.62,1005.64,1006.59,202293334,0
2017-12-22,17:00:00,1006.58,1008,1005.91,1007.79,210495922,0
2017-12-22,18:00:00,1007.77,1007.96,1006.92,1007.08,152195173,0
2017-12-22,19:00:00,1007.08,1007.24,1006.69,1007.06,121113298,0
2017-12-22,20:00:00,1007.05,1007.81,1007.05,1007.75,113053679,0
2017-12-22,21:00:00,1007.75,1008.58,1007.25,1008.19,127418324,0
2017-12-22,22:00:00,1008.2,1008.3,1006.91,1007.79,341881782,0
2017-12-26,16:00:00,1007.84,1009.13,1007.78,1009.05,161247032,0
2017-12-26,17:00:00,1009.03,1009.26,1008.51,1008.74,174456812,0
2017-12-26,18:00:00,1008.71,1009.66,1008.55,1009.58,130509797,0
2017-12-26,19:00:00,1009.58,1009.79,1009.04,1009.3,105256505,0
2017-12-26,20:00:00,1009.29,1010.18,1009.29,1010.01,102688923,0
2017-12-26,21:00:00,1010,1010.14,1009.24,1009.45,105465519,0
2017-12-26,22:00:00,1009.36,1009.55,1008.21,1008.5,293119666,0
2017-12-27,16:00:00,1008.5,1012.67,1008.5,1012.64,151852174,0
2017-12-27,17:00:00,1012.64,1013.77,1012.43,1013.33,194682749,0
2017-12-27,18:00:00,1013.34,1013.45,1012.85,1012.98,130437877,0
2017-12-27,19:00:00,1012.97,1013.34,1011.95,1011.95,109942051,0
2017-12-27,20:00:00,1011.92,1011.92,1009.75,1010.52,103664525,0
2017-12-27,21:00:00,1010.56,1011.09,1010.46,1010.79,116083943,0
2017-12-27,22:00:00,1010.8,1011.24,1009.68,1010.49,300038462,0
2017-12-28,16:00:00,1010.58,1011.77,1010.56,1010.62,156109221,0
2017-12-28,17:00:00,1010.61,1010.72,1009.24,1009.32,179964392,0
2017-12-28,18:00:00,1009.31,1010.7,1009.23,1010.66,131846739,0
2017-12-28,19:00:00,1010.66,1011.59,1010.51,1011.46,105855296,0
2017-12-28,20:00:00,1011.46,1011.62,1010.98,1011.18,102892487,0
2017-12-28,21:00:00,1011.18,1011.72,1010.81,1011.54,115337190,0
2017-12-28,22:00:00,1011.52,1012.22,1011.3,1011.78,287682065,0
2017-12-29,16:00:00,1011.78,1013.19,1011.54,1011.73,147288058,0
2017-12-29,17:00:00,1011.71,1012.61,1011.55,1012.02,186237133,0
2017-12-29,18:00:00,1012,1012.09,1011.25,1011.42,143900693,0
2017-12-29,19:00:00,1011.42,1012.32,1011.42,1011.68,114751081,0
2017-12-29,20:00:00,1011.69,1012.42,1010.66,1010.66,106885684,0
2017-12-29,21:00:00,1010.64,1010.65,1008.96,1009.11,121012135,0
2017-12-29,22:00:00,1009.09,1009.78,1007.29,1007.59,456647166,0
2018-01-02,16:00:00,1007.62,1014.58,1007.62,1014.58,204397297,0
2018-01-02,17:00:00,1014.57,1017.62,1014.57,1017.38,256035280,0
2018-01-02,18:00:00,1017.39,1017.93,1016.35,1017.02,186396906,0
2018-01-02,19:00:00,1017.03,1017.78,1016.64,1017.04,148938732,0
2018-01-02,20:00:00,1017.04,1017.83,1017.03,1017.83,139402032,0
2018-01-02,21:00:00,1017.83,1018.73,1017.78,1018.64,169020407,0
2018-01-02,22:00:00,1018.66,1021.41,1018.36,1020.39,431732897,0
2018-01-03,16:00:00,1020.7,1023.21,1020.7,1023.21,242532701,0
2018-01-03,17:00:00,1023.23,1024.66,1023.09,1023.81,279132132,0
2018-01-03,18:00:00,1023.83,1024.61,1023.14,1023.2,227443831,0
2018-01-03,19:00:00,1023.2,1024.38,1023.1,1024.2,180637085,0
2018-01-03,20:00:00,1024.22,1024.9,1024.03,1024.77,170033841,0
2018-01-03,21:00:00,1024.76,1025.75,1024.55,1025.75,192085625,0
2018-01-03,22:00:00,1025.76,1026.6,1025.49,1025.63,476489345,0
2018-01-04,16:00:00,1026.58,1031.1,1026.58,1028.03,275479994,0
2018-01-04,17:00:00,1028.05,1028.1,1026.4,1027.11,292891512,0
2018-01-04,18:00:00,1027.1,1027.1,1025.46,1026.05,218606657,0
2018-01-04,19:00:00,1026.05,1028.24,1026.04,1028.21,180367104,0
2018-01-04,20:00:00,1028.19,1030.86,1028.19,1030.62,162793842,0
2018-01-04,21:00:00,1030.62,1031.55,1030.55,1031.5,185963314,0
2018-01-04,22:00:00,1031.49,1031.79,1031.07,1031.13,438504020,0
2018-01-05,16:00:00,1031.45,1033.98,1031.45,1033.61,257876240,0
2018-01-05,17:00:00,1033.59,1033.82,1032.86,1033.64,300536582,0
2018-01-05,18:00:00,1033.57,1034.48,1033.57,1033.98,211716466,0
2018-01-05,19:00:00,1033.96,1034.19,1032.67,1033.06,171978364,0
2018-01-05,20:00:00,1033.06,1033.92,1032.61,1033.6,146351077,0
2018-01-05,21:00:00,1033.62,1034.25,1033.39,1033.69,170829789,0
2018-01-05,22:00:00,1033.66,1035.39,1033.59,1035.39,442439141,0
2018-01-08,16:00:00,1035.27,1036.91,1031.65,1031.65,267810753,0
2018-01-08,17:00:00,1031.61,1033.26,1030.3,1030.36,304685948,0
2018-01-08,18:00:00,1030.36,1030.8,1030.07,1030.57,201907989,0
2018-01-08,19:00:00,1030.58,1031.79,1030.58,1031.7,154704345,0
2018-01-08,20:00:00,1031.69,1033.25,1031.68,1033.24,164379399,0
2018-01-08,21:00:00,1033.26,1033.81,1033.26,1033.64,168028381,0
2018-01-08,22:00:00,1033.61,1033.69,1032.72,1032.76,423466274,0
2018-01-09,16:00:00,1032.79,1034.85,1032.79,1033.39,283519667,0
2018-01-09,17:00:00,1033.4,1033.43,1031.16,1031.6,316845057,0
2018-01-09,18:00:00,1031.61,1032.62,1031.55,1032.41,204707645,0
2018-01-09,19:00:00,1032.39,1032.48,1031.99,1032.34,170942471,0
2018-01-09,20:00:00,1032.35,1032.82,1032.32,1032.82,160540670,0
2018-01-09,21:00:00,1032.82,1032.9,1032.06,1032.18,184607942,0
2018-01-09,22:00:00,1032.17,1032.34,1030.73,1030.74,464944917,0
2018-01-10,16:00:00,1030.94,1030.94,1027.93,1028.57,247632416,0
2018-01-10,17:00:00,1028.74,1029.86,1028.08,1029.16,296068521,0
2018-01-10,18:00:00,1029.13,1031.22,1029.13,1031.19,228363283,0
2018-01-10,19:00:00,1031.21,1032.36,1031.2,1032.36,179880794,0
2018-01-10,20:00:00,1032.37,1033.49,1032.36,1033.45,160636620,0
2018-01-10,21:00:00,1033.46,1033.69,1032.4,1032.45,187761693,0
2018-01-10,22:00:00,1032.45,1033.43,1032.36,1033.43,433395962,0
2018-01-11,16:00:00,1033.69,1037.73,1033.69,1037.68,231163230,0
2018-01-11,17:00:00,1037.7,1041.77,1037.68,1041.77,288849063,0
2018-01-11,18:00:00,1041.78,1043.23,1041.78,1043.19,221650192,0
2018-01-11,19:00:00,1043.2,1045.32,1042.82,1045.32,175393402,0
2018-01-11,20:00:00,1045.32,1045.48,1044.25,1044.42,153988527,0
2018-01-11,21:00:00,1044.43,1045.88,1044.32,1045.79,176743640,0
2018-01-11,22:00:00,1045.8,1045.96,1044.94,1045.82,434661720,0
2018-01-12,16:00:00,1045.72,1048.01,1045.62,1047.62,240205540,0
2018-01-12,17:00:00,1047.63,1049.08,1047.11,1049.08,279805867,0
2018-01-12,18:00:00,1049.16,1051,1049.12,1050.56,207873552,0
2018-01-12,19:00:00,1050.58,1050.68,1048.94,1049.18,168446383,0
2018-01-12,20:00:00,1049.18,1049.29,1048.13,1048.16,153357620,0
2018-01-12,21:00:00,1048.17,1048.19,1047.58,1047.71,160799971,0
2018-01-12,22:00:00,1047.69,1048.22,1046.96,1048.21,451113063,0
2018-01-16,16:00:00,1048.22,1052.79,1048.22,1052.39,278918833,0
2018-01-16,17:00:00,1052.41,1053.49,1051.46,1051.46,314993194,0
2018-01-16,18:00:00,1051.43,1051.43,1048.04,1048.05,230158174,0
2018-01-16,19:00:00,1048.04,1048.18,1044.14,1044.14,182261589,0
2018-01-16,20:00:00,1044.13,1044.15,1041.85,1041.85,179060648,0
2018-01-16,21:00:00,1041.82,1041.85,1035.75,1036.96,253384249,0
2018-01-16,22:00:00,1036.94,1038.74,1036.49,1037.78,473182209,0
2018-01-17,16:00:00,1038.13,1042.07,1038.13,1039.4,239825930,0
2018-01-17,17:00:00,1039.4,1040.12,1038.57,1039.11,355512511,0
2018-01-17,18:00:00,1039.1,1039.7,1038.28,1038.57,225914997,0
2018-01-17,19:00:00,1038.6,1041.17,1038.53,1041.17,167722377,0
2018-01-17,20:00:00,1041.17,1041.5,1040.58,1040.86,174173698,0
2018-01-17,21:00:00,1040.86,1043.53,1040.83,1043.39,204850646,0
2018-01-17,22:00:00,1043.38,1043.65,1042.15,1043.38,481816400,0
2018-01-18,16:00:00,1043.39,1043.54,1039.58,1041.12,246993769,0
2018-01-18,17:00:00,1041.08,1041.65,1040.15,1040.15,279033451,0
2018-01-18,18:00:00,1040.16,1041.55,1040.08,1040.94,211036054,0
2018-01-18,19:00:00,1040.94,1042.02,1040.81,1041.56,158385698,0
2018-01-18,20:00:00,1041.55,1041.68,1041.1,1041.6,144978012,0
2018-01-18,21:00:00,1041.58,1041.92,1041.36,1041.42,162189356,0
2018-01-18,22:00:00,1041.4,1041.51,1039.58,1039.83,439668629,0
2018-01-19,16:00:00,1039.9,1041.38,1039.74,1040.09,264321373,0
2018-01-19,17:00:00,1040.07,1043.61,1039.8,1043.41,268807858,0
2018-01-19,18:00:00,1043.43,1045.16,1042.98,1044.97,190258490,0
2018-01-19,19:00:00,1044.98,1046.6,1044.88,1046.41,136274861,0
2018-01-19,20:00:00,1046.4,1046.9,1046.21,1046.87,129699452,0
2018-01-19,21:00:00,1046.89,1048.42,1046.89,1048.13,160394748,0
2018-01-19,22:00:00,1048.12,1048.76,1047.61,1048.76,482327549,0
2018-01-22,16:00:00,1048.8,1051.04,1048.8,1050.21,256482510,0
2018-01-22,17:00:00,1050.18,1051.25,1049.61,1050.28,301813863,0
2018-01-22,18:00:00,1050.25,1050.5,1049.65,1050.43,221294974,0
2018-01-22,19:00:00,1050.45,1052.32,1050.45,1051.52,177130060,0
2018-01-22,20:00:00,1051.54,1051.65,1051.24,1051.63,151810114,0
2018-01-22,21:00:00,1051.65,1051.82,1051.16,1051.47,162629365,0
2018-01-22,22:00:00,1051.5,1053.36,1051.44,1053.36,460626145,0
2018-01-23,16:00:00,1053.37,1054.49,1052.56,1052.56,260679831,0
2018-01-23,17:00:00,1052.53,1053.18,1051.85,1053.17,304391564,0
2018-01-23,18:00:00,1053.16,1054.16,1053.06,1053.87,215014494,0
2018-01-23,19:00:00,1053.88,1054.52,1053.8,1053.99,170212603,0
2018-01-23,20:00:00,1053.99,1054.95,1053.91,1054.41,161436361,0
2018-01-23,21:00:00,1054.42,1056.2,1053.98,1056.1,196863493,0
2018-01-23,22:00:00,1056.1,1056.1,1054.97,1055.35,438345865,0
2018-01-24,16:00:00,1055.67,1059.41,1055.67,1058.61,262241115,0
2018-01-24,17:00:00,1058.62,1058.86,1055.38,1055.52,294529581,0
2018-01-24,18:00:00,1055.51,1055.7,1049.9,1050.71,269971888,0
2018-01-24,19:00:00,1050.7,1050.81,1048.91,1049.39,178272076,0
2018-01-24,20:00:00,1049.39,1051.46,1048.16,1051.2,191185064,0
2018-01-24,21:00:00,1051.18,1052.16,1050.69,1051.96,181434938,0
2018-01-24,22:00:00,1051.96,1051.96,1050.35,1050.35,455158710,0
2018-01-25,16:00:00,1050.38,1054.58,1050.38,1050.62,210814039,0
2018-01-25,17:00:00,1050.77,1051.4,1050.07,1050.91,258110051,0
2018-01-25,18:00:00,1050.9,1052.86,1050.71,1052.78,210042753,0
2018-01-25,19:00:00,1052.8,1053.04,1051.83,1052.36,163727482,0
2018-01-25,20:00:00,1052.35,1053.5,1051.91,1053.39,155726066,0
2018-01-25,21:00:00,1053.41,1053.47,1050.12,1050.66,200538529,0
2018-01-25,22:00:00,1050.68,1052.05,1050.01,1052.05,426669063,0
2018-01-26,16:00:00,1052.07,1056.19,1052.07,1054.56,252344380,0
2018-01-26,17:00:00,1054.54,1055.59,1054.07,1054.5,285935946,0
2018-01-26,18:00:00,1054.51,1054.82,1053.67,1053.78,201597228,0
2018-01-26,19:00:00,1053.81,1053.99,1052.69,1053.7,169341388,0
2018-01-26,20:00:00,1053.71,1054.34,1053.71,1054.32,163343800,0
2018-01-26,21:00:00,1054.32,1054.61,1054.07,1054.27,171037224,0
2018-01-26,22:00:00,1054.26,1056.41,1054.15,1056.41,472060623,0
2018-01-29,16:00:00,1056.42,1056.42,1053.57,1055.24,255091932,0
2018-01-29,17:00:00,1055.26,1056.08,1053.72,1053.9,297902846,0
2018-01-29,18:00:00,1053.89,1053.99,1051.54,1051.54,221011385,0
2018-01-29,19:00:00,1051.53,1053.05,1051.35,1053.03,161200427,0
2018-01-29,20:00:00,1053.04,1053.59,1052.53,1052.54,155759337,0
2018-01-29,21:00:00,1052.55,1052.99,1051.95,1052.4,176305685,0
2018-01-29,22:00:00,1052.38,1052.41,1049.36,1049.47,441237800,0
2018-01-30,16:00:00,1049.28,1049.28,1039.77,1040.38,256021179,0
2018-01-30,17:00:00,1040.36,1043.25,1038.93,1043.21,288123326,0
2018-01-30,18:00:00,1043.24,1043.47,1041.43,1041.43,200556056,0
2018-01-30,19:00:00,1041.4,1041.41,1039.86,1039.93,151694422,0
2018-01-30,20:00:00,1039.96,1039.97,1037.88,1039.95,161966121,0
2018-01-30,21:00:00,1039.93,1039.98,1037.62,1038.12,167097706,0
2018-01-30,22:00:00,1038.11,1039.53,1037.97,1038.39,436423521,0
2018-01-31,16:00:00,1038.42,1043.86,1038.42,1042.28,269920470,0
2018-01-31,17:00:00,1042.26,1042.37,1037.22,1037.29,308800260,0
2018-01-31,18:00:00,1037.32,1037.41,1035.95,1036.22,202576676,0
2018-01-31,19:00:00,1036.19,1036.95,1035.91,1036.45,166254576,0
2018-01-31,20:00:00,1036.44,1037.68,1036.38,1036.75,163453809,0
2018-01-31,21:00:00,1036.76,1037.35,1032.67,1033.62,237795828,0
2018-01-31,22:00:00,1033.62,1034.53,1032.32,1033,572715449,0
2018-02-01,16:00:00,1032.97,1032.97,1029.77,1032.04,281312819,0
2018-02-01,17:00:00,1032.01,1032.73,1031.11,1031.14,290720344,0
2018-02-01,18:00:00,1031.17,1031.7,1029.61,1031.52,230670757,0
2018-02-01,19:00:00,1031.52,1033.27,1031.23,1033.27,170593622,0
2018-02-01,20:00:00,1033.3,1034.68,1032.63,1032.67,172978869,0
2018-02-01,21:00:00,1032.64,1032.75,1030.57,1032.05,183866577,0
2018-02-01,22:00:00,1032.08,1032.34,1029.82,1031.87,457259356,0
2018-02-02,16:00:00,1031.84,1031.84,1021.95,1021.97,280995558,0
2018-02-02,17:00:00,1021.96,1022,1018.25,1020.21,275670579,0
2018-02-02,18:00:00,1020.23,1020.28,1018.18,1018.18,249630665,0
2018-02-02,19:00:00,1018.12,1020.27,1017.32,1019.14,181905229,0
2018-02-02,20:00:00,1019.13,1019.46,1017.91,1018.57,181251528,0
2018-02-02,21:00:00,1018.48,1018.48,1014.69,1014.78,221333753,0
2018-02-02,22:00:00,1014.77,1015.55,1012.97,1013.04,540405117,0
2018-02-05,16:00:00,1012.99,1012.99,1004.25,1006.98,275832619,0
2018-02-05,17:00:00,1007,1011.22,1006.98,1010.36,287834445,0
2018-02-05,18:00:00,1010.42,1010.59,1007.47,1008.27,215252763,0
2018-02-05,19:00:00,1008.28,1008.31,1005.79,1005.79,183238308,0
2018-02-05,20:00:00,1005.8,1005.8,1001.07,1003.22,217167858,0
2018-02-05,21:00:00,1003.24,1003.29,994.2,994.21,250212766,0
2018-02-05,22:00:00,994.1,994.1,984.73,984.74,763388781,0
2018-02-06,16:00:00,984.09,988.14,970.84,986.36,321125860,0
2018-02-06,17:00:00,986.49,989.19,979.49,981.62,364015472,0
2018-02-06,18:00:00,981.53,981.53,977.38,980.2,267951161,0
2018-02-06,19:00:00,980.21,985.43,980.21,983.38,229244122,0
2018-02-06,20:00:00,983.38,983.38,979.95,980.1,197590759,0
2018-02-06,21:00:00,980.04,987.4,979.87,987.4,238530963,0
2018-02-06,22:00:00,987.36,992.92,987.36,991.96,615103013,0
2018-02-07,16:00:00,991.95,994.94,991.45,994.39,217882314,0
2018-02-07,17:00:00,994.32,996.46,993.1,996.26,247299060,0
2018-02-07,18:00:00,996.24,997.74,995.11,995.58,208668464,0
2018-02-07,19:00:00,995.59,997,995.1,995.11,175543176,0
2018-02-07,20:00:00,995.1,995.32,991.97,993.8,201401463,0
2018-02-07,21:00:00,993.84,995.56,992.11,992.8,189015350,0
2018-02-07,22:00:00,992.83,996.6,992.83,993.75,425742231,0
2018-02-08,16:00:00,993.76,996.22,991.12,993.21,192194143,0
2018-02-08,17:00:00,993.16,993.35,986.71,986.99,237530389,0
2018-02-08,18:00:00,986.96,987.48,982.52,984.19,235604374,0
2018-02-08,19:00:00,984.14,984.31,976.33,977.13,230399618,0
2018-02-08,20:00:00,977.12,982.44,976.29,981.84,217945228,0
2018-02-08,21:00:00,981.82,981.82,978.33,978.92,205464807,0
2018-02-08,22:00:00,978.93,979.55,970.8,970.8,583991362,0
2018-02-09,16:00:00,970.82,977.3,970.82,975.76,231113556,0
2018-02-09,17:00:00,975.73,976.11,965.62,966.67,302398042,0
2018-02-09,18:00:00,966.72,968.6,963.24,963.24,241864557,0
2018-02-09,19:00:00,963.2,963.2,951.72,955.06,340067406,0
2018-02-09,20:00:00,955.1,958.33,951.35,957.78,277307849,0
2018-02-09,21:00:00,957.79,967.96,957.75,965.78,311015729,0
2018-02-09,22:00:00,965.76,973.93,963.28,971.29,626951770,0
2018-02-12,16:00:00,971.31,978.23,971.31,974.99,233930597,0
2018-02-12,17:00:00,974.99,976.04,970.98,973.21,264579188,0
2018-02-12,18:00:00,973.23,978.75,972.25,978.75,193423206,0
2018-02-12,19:00:00,978.81,980.18,978.4,979.02,165232963,0
2018-02-12,20:00:00,979.06,982.69,978.42,982.37,148031620,0
2018-02-12,21:00:00,982.37,983.33,981.54,981.71,180984765,0
2018-02-12,22:00:00,981.72,983.08,979.03,979.12,403258255,0
2018-02-13,16:00:00,978.98,978.98,975.95,976.07,176728401,0
2018-02-13,17:00:00,976.11,979.74,975.75,979.69,215111614,0
2018-02-13,18:00:00,979.68,979.68,978.17,979.19,164483595,0
2018-02-13,19:00:00,979.16,979.44,978.07,978.9,135164109,0
2018-02-13,20:00:00,978.91,980.89,978.81,980.5,152815860,0
2018-02-13,21:00:00,980.51,982.51,980.51,981.95,156956033,0
2018-02-13,22:00:00,981.97,983.06,981.19,982.57,419659583,0
2018-02-14,16:00:00,982.57,983,978.22,982.33,197164303,0
2018-02-14,17:00:00,982.41,988.6,981.91,987.63,249253732,0
2018-02-14,18:00:00,987.63,989.66,987.21,989.05,190433035,0
2018-02-14,19:00:00,989.03,990.08,989.02,990.01,165996761,0
2018-02-14,20:00:00,990,992.89,989.87,992.66,180700972,0
2018-02-14,21:00:00,992.65,994.33,992.65,993.31,204670356,0
2018-02-14,22:00:00,993.3,995.37,993.28,994.7,488521457,0
2018-02-15,16:00:00,995.4,999.01,995.4,998.5,259801225,0
2018-02-15,17:00:00,998.49,998.61,993.33,993.33,294821458,0
2018-02-15,18:00:00,993.24,995.37,991.95,995.22,202216246,0
2018-02-15,19:00:00,995.25,996.82,995.25,996.82,155531632,0
2018-02-15,20:00:00,996.83,997.78,996.83,997.43,171048999,0
2018-02-15,21:00:00,997.44,999.53,997.14,999.52,177342014,0
2018-02-15,22:00:00,999.51,1000.86,999.41,1000.86,432342560,0
2018-02-16,16:00:00,1000.43,1003.58,998.8,1002.7,221047330,0
2018-02-16,17:00:00,1002.66,1004.35,1002.27,1003.77,256633811,0
2018-02-16,18:00:00,1003.7,1004.96,1003.4,1004.88,196809377,0
2018-02-16,19:00:00,1004.85,1005.35,1003.85,1004.28,170052896,0
2018-02-16,20:00:00,1004.29,1004.55,1000.77,1001.81,168348435,0
2018-02-16,21:00:00,1001.82,1002.18,999.56,1001.4,165951471,0
2018-02-16,22:00:00,1001.41,1002.05,1000.86,1000.86,354392232,0
2018-02-20,16:00:00,1000.86,1003.04,999.25,1002.48,193865116,0
2018-02-20,17:00:00,1002.5,1003.28,1000.26,1000.32,234056955,0
2018-02-20,18:00:00,1000.32,1003.43,1000.32,1003.43,183110461,0
2018-02-20,19:00:00,1003.45,1003.59,1002.27,1002.46,136646929,0
2018-02-20,20:00:00,1002.41,1002.41,999.52,1001.08,135103704,0
2018-02-20,21:00:00,1001.13,1001.48,998.23,998.25,160230106,0
2018-02-20,22:00:00,998.22,998.4,995.17,995.82,395367153,0
2018-02-21,16:00:00,995.83,1000.13,995.83,1000.11,185509622,0
2018-02-21,17:00:00,1000.12,1003.32,999.77,1003.07,248508694,0
2018-02-21,18:00:00,1003.1,1004.21,1003.04,1003.58,177941373,0
2018-02-21,19:00:00,1003.56,1003.64,1002.67,1003.1,144628965,0
2018-02-21,20:00:00,1003.1,1004.34,1003.03,1003.9,132813203,0
2018-02-21,21:00:00,1003.88,1006.07,1003.52,1003.52,197365273,0
2018-02-21,22:00:00,1003.51,1003.51,996.82,996.98,462373830,0
2018-02-22,16:00:00,996.9,999.42,996.9,997.36,220250527,0
2018-02-22,17:00:00,997.39,999.33,997.39,998.23,252936889,0
2018-02-22,18:00:00,997.9,1001.19,997.89,1000.78,181669294,0
2018-02-22,19:00:00,1000.77,1000.83,998.4,998.6,154173441,0
2018-02-22,20:00:00,998.51,998.96,994.76,995.74,154924378,0
2018-02-22,21:00:00,995.73,997.05,994.47,994.47,152667773,0
2018-02-22,22:00:00,994.47,995.09,993.41,993.57,402063410,0
2018-02-23,16:00:00,993.53,997.9,993.53,997.04,197876240,0
2018-02-23,17:00:00,997.11,997.16,993.65,994.14,244252399,0
2018-02-23,18:00:00,994.16,995.67,994.15,995.67,179716264,0
2018-02-23,19:00:00,995.67,996.84,995.67,996.73,148381622,0
2018-02-23,20:00:00,996.74,998.13,996.46,998.11,134729156,0
2018-02-23,21:00:00,998.11,1000.2,997.96,999.97,168921262,0
2018-02-23,22:00:00,999.96,1002.04,999.96,1002.04,431842797,0
2018-02-26,16:00:00,1002.04,1006.96,1002.04,1004.12,216594938,0
2018-02-26,17:00:00,1004.13,1004.31,1002.21,1002.94,240169970,0
2018-02-26,18:00:00,1002.87,1004.13,1002.75,1003.29,174992899,0
2018-02-26,19:00:00,1003.29,1006.1,1003.2,1006.08,156943619,0
2018-02-26,20:00:00,1006.08,1006.42,1005.61,1006.38,141413462,0
2018-02-26,21:00:00,1006.38,1007.16,1006.27,1006.5,166057645,0
2018-02-26,22:00:00,1006.52,1008.61,1006.46,1007.21,427902305,0
2018-02-27,16:00:00,1007.21,1008.27,1005.93,1006.5,240834184,0
2018-02-27,17:00:00,1006.55,1007.62,1002.96,1003.33,276225675,0
2018-02-27,18:00:00,1003.31,1003.44,1000.23,1000.25,206184021,0
2018-02-27,19:00:00,1000.24,1000.67,998.62,1000.67,168468341,0
2018-02-27,20:00:00,1000.7,1001.01,999.66,999.72,146732519,0
2018-02-27,21:00:00,999.7,999.77,997.97,998.63,173452267,0
2018-02-27,22:00:00,998.61,998.61,995.6,995.6,484511895,0
2018-02-28,16:00:00,995.6,997.72,995.6,996.59,242482671,0
2018-02-28,17:00:00,996.59,996.65,993.03,993.2,299363388,0
2018-02-28,18:00:00,993.23,993.65,991.99,993.12,199516474,0
2018-02-28,19:00:00,993.14,996.41,993.14,996.05,163852617,0
2018-02-28,20:00:00,996.06,996.24,994.83,995.56,163154840,0
2018-02-28,21:00:00,995.57,996.32,991.87,991.87,202316426,0
2018-02-28,22:00:00,991.89,992.01,986.44,986.44,552400818,0
2018-03-01,16:00:00,986.44,986.85,982.13,982.32,225651723,0
2018-03-01,17:00:00,982.29,987.99,982.29,985.69,260431689,0
2018-03-01,18:00:00,985.69,990.09,985.47,990.05,188034451,0
2018-03-01,19:00:00,990.05,990.41,987.37,987.42,174603817,0
2018-03-01,20:00:00,987.4,987.4,982.03,982.03,221037342,0
2018-03-01,21:00:00,981.98,982.38,978.85,982.36,261669377,0
2018-03-01,22:00:00,982.36,985.04,981.66,983.36,466939547,0
2018-03-02,16:00:00,983.34,983.34,977.06,978.94,226815361,0
2018-03-02,17:00:00,978.99,984.13,978.99,983.71,254126198,0
2018-03-02,18:00:00,983.71,989.62,983.67,989.62,218918001,0
2018-03-02,19:00:00,989.64,993.67,989.32,993.65,195542414,0
2018-03-02,20:00:00,993.6,993.6,990.81,992.62,175960206,0
2018-03-02,21:00:00,992.61,994.89,992.61,994.46,181477825,0
2018-03-02,22:00:00,994.42,997.67,993.3,997.3,484828872,0
2018-03-05,16:00:00,997.06,997.99,995.14,996.95,176363008,0
2018-03-05,17:00:00,996.96,1000.74,996.33,1000.74,232634358,0
2018-03-05,18:00:00,1000.77,1004.23,1000.77,1003.89,204479115,0
2018-03-05,19:00:00,1003.88,1004.75,1003.24,1004.75,163969828,0
2018-03-05,20:00:00,1004.76,1005.86,1004.76,1005.16,154673327,0
2018-03-05,21:00:00,1005.15,1006.37,1003.95,1006.33,171345980,0
2018-03-05,22:00:00,1006.3,1007.69,1005.64,1005.67,463257067,0
2018-03-06,16:00:00,1005.67,1008.75,1005.67,1008.59,214960013,0
2018-03-06,17:00:00,1008.56,1008.78,1004.18,1004.26,272229068,0
2018-03-06,18:00:00,1004.2,1006.71,1003.87,1006.71,188513588,0
2018-03-06,19:00:00,1006.7,1010.85,1006.7,1010.85,163090886,0
2018-03-06,20:00:00,1010.86,1011.31,1009.09,1009.41,160784219,0
2018-03-06,21:00:00,1009.41,1011.8,1009.41,1011.71,164785566,0
2018-03-06,22:00:00,1011.71,1012.67,1011.1,1011.1,497453628,0
2018-03-07,16:00:00,1011.07,1011.07,1006.22,1010.63,228390692,0
2018-03-07,17:00:00,1010.62,1015.38,1010.46,1015.27,299253639,0
2018-03-07,18:00:00,1015.25,1015.26,1012.63,1012.63,212081910,0
2018-03-07,19:00:00,1012.59,1014.33,1011.54,1014.26,185162443,0
2018-03-07,20:00:00,1014.26,1015.06,1013.07,1014.91,171091692,0
2018-03-07,21:00:00,1014.93,1016.92,1014.74,1016.75,179147120,0
2018-03-07,22:00:00,1016.79,1019.51,1016.79,1016.87,508590033,0
2018-03-08,16:00:00,1016.86,1020.26,1016.86,1018.2,220950877,0
2018-03-08,17:00:00,1018.21,1018.6,1016.7,1017.21,310091377,0
2018-03-08,18:00:00,1017.2,1018.9,1016.99,1018.77,272931205,0
2018-03-08,19:00:00,1018.75,1018.82,1016.51,1017.98,203073920,0
2018-03-08,20:00:00,1017.95,1018.31,1016.29,1017.13,181477718,0
2018-03-08,21:00:00,1017.12,1018.25,1016.37,1018.08,191815770,0
2018-03-08,22:00:00,1018.09,1019.44,1017.78,1018.6,457886086,0
2018-03-09,16:00:00,1018.65,1023.58,1018.64,1022.27,295893276,0
2018-03-09,17:00:00,1022.28,1023.43,1022.28,1023.22,332674581,0
2018-03-09,18:00:00,1023.24,1025.99,1023.22,1025.97,250978204,0
2018-03-09,19:00:00,1025.98,1027.01,1025.94,1026.96,187634775,0
2018-03-09,20:00:00,1026.97,1027.12,1026.26,1026.68,165528962,0
2018-03-09,21:00:00,1026.68,1028.48,1026.68,1028.31,193860440,0
2018-03-09,22:00:00,1028.31,1029.03,1027.93,1028.93,508409037,0
2018-03-12,15:00:00,1028.95,1031.27,1028.95,1030.22,276071211,0
2018-03-12,16:00:00,1030.24,1031.24,1029.19,1029.88,349141403,0
2018-03-12,17:00:00,1029.9,1030.34,1028.43,1030.12,252665518,0
2018-03-12,18:00:00,1030.13,1031.58,1030.13,1031.42,186936185,0
2018-03-12,19:00:00,1031.42,1033.11,1031.33,1031.59,181485069,0
2018-03-12,20:00:00,1031.59,1031.95,1030.89,1031.67,205101933,0
2018-03-12,21:00:00,1031.67,1033.23,1031.67,1032.49,471516312,0
2018-03-13,15:00:00,1032.49,1035.71,1032.49,1034.39,283387899,0
2018-03-13,16:00:00,1034.4,1035.69,1032.97,1032.98,367027152,0
2018-03-13,17:00:00,1032.98,1033.01,1029.6,1030.04,276867592,0
2018-03-13,18:00:00,1030.01,1031.03,1027.7,1030.92,214029962,0
2018-03-13,19:00:00,1030.91,1031.75,1030.19,1030.19,185431713,0
2018-03-13,20:00:00,1030.18,1030.33,1028.55,1028.95,194468987,0
2018-03-13,21:00:00,1028.87,1029.09,1027.15,1027.63,501091644,0
2018-03-14,15:00:00,1027.62,1030.89,1027.51,1027.98,229664977,0
2018-03-14,16:00:00,1028.03,1029.47,1026.04,1026.67,283524862,0
2018-03-14,17:00:00,1026.64,1026.71,1023.55,1024.02,234818468,0
2018-03-14,18:00:00,1024.02,1025.29,1023.56,1025.06,166235907,0
2018-03-14,19:00:00,1025.07,1026.89,1023.94,1026.46,158473787,0
2018-03-14,20:00:00,1026.46,1026.5,1024.03,1025.48,182526098,0
2018-03-14,21:00:00,1025.52,1025.58,1024.17,1024.78,466093254,0
2018-03-15,15:00:00,1024.78,1026.87,1023.9,1024.21,226388585,0
2018-03-15,16:00:00,1024.21,1024.76,1023.44,1023.98,279134123,0
2018-03-15,17:00:00,1023.96,1025.52,1023.51,1023.72,212318442,0
2018-03-15,18:00:00,1023.7,1023.82,1021.61,1022.2,171512826,0
2018-03-15,19:00:00,1022.18,1022.53,1020.97,1020.97,151969824,0
2018-03-15,20:00:00,1020.91,1020.91,1019.3,1020.21,166752492,0
2018-03-15,21:00:00,1020.22,1020.25,1019.32,1019.97,446503040,0
2018-03-16,15:00:00,1019.97,1020.42,1019.14,1019.46,344126691,0
2018-03-16,16:00:00,1019.43,1023.58,1019.3,1023.49,264749879,0
2018-03-16,17:00:00,1023.47,1023.98,1022.36,1023.37,214138266,0
2018-03-16,18:00:00,1023.37,1024.93,1023.2,1024.93,171635016,0
2018-03-16,19:00:00,1024.92,1025.12,1023.02,1023.04,147252962,0
2018-03-16,20:00:00,1023.12,1023.19,1022.35,1023.03,183830018,0
2018-03-16,21:00:00,1023.12,1025.17,1022.74,1025.17,769637387,0
2018-03-19,15:00:00,1025.16,1025.16,1019.75,1021.06,247869423,0
2018-03-19,16:00:00,1021.04,1021.04,1016.67,1016.81,281392007,0
2018-03-19,17:00:00,1016.86,1016.87,1012.25,1012.4,255899141,0
2018-03-19,18:00:00,1012.4,1013.48,1011.16,1012.36,200932686,0
2018-03-19,19:00:00,1012.35,1012.49,1009.56,1012.49,182484197,0
2018-03-19,20:00:00,1012.51,1013.33,1011.3,1012.82,181635813,0
2018-03-19,21:00:00,1012.82,1016.52,1012.17,1016.1,501046780,0
2018-03-20,15:00:00,1016.1,1017.96,1016.1,1016.3,222474540,0
2018-03-20,16:00:00,1016.26,1017.3,1014.76,1015.09,273417620,0
2018-03-20,17:00:00,1015.15,1015.33,1013.22,1013.53,213222604,0
2018-03-20,18:00:00,1013.54,1014.83,1013.38,1013.97,166267102,0
2018-03-20,19:00:00,1013.98,1014.13,1012.14,1012.23,146875918,0
2018-03-20,20:00:00,1012.21,1014.5,1011.89,1014.34,169239831,0
2018-03-20,21:00:00,1014.35,1015.03,1012.93,1013.01,427456076,0
2018-03-21,15:00:00,1013.01,1015.72,1012.99,1015.71,196098017,0
2018-03-21,16:00:00,1015.74,1018.5,1015.71,1018.2,261466638,0
2018-03-21,17:00:00,1018.27,1020.05,1017.97,1019.7,192243732,0
2018-03-21,18:00:00,1019.71,1019.79,1019.07,1019.55,162077917,0
2018-03-21,19:00:00,1019.57,1019.57,1018.84,1019.26,147232073,0
2018-03-21,20:00:00,1019.26,1021.49,1017.5,1018,238295073,0
2018-03-21,21:00:00,1018.02,1020.1,1017.74,1017.93,417239817,0
2018-03-22,15:00:00,1017.93,1017.94,1012.43,1014.6,227700579,0
2018-03-22,16:00:00,1014.65,1016.41,1010.39,1010.47,291071202,0
2018-03-22,17:00:00,1010.48,1011.21,1007.27,1008.04,273747408,0
2018-03-22,18:00:00,1008.05,1011.72,1007.69,1011.41,190649075,0
2018-03-22,19:00:00,1011.38,1013.61,1010.24,1012.73,162757045,0
2018-03-22,20:00:00,1012.72,1012.77,1008.8,1008.86,170557543,0
2018-03-22,21:00:00,1008.86,1009.22,1002.16,1002.3,536964977,0
2018-03-23,15:00:00,1002.3,1005.35,1000.6,1001.04,264557191,0
2018-03-23,16:00:00,1001.03,1003.16,1000.72,1003.13,264878419,0
2018-03-23,17:00:00,1003.16,1003.27,998.21,998.21,248568491,0
2018-03-23,18:00:00,998.19,999.81,998.12,998.16,172914984,0
2018-03-23,19:00:00,998.13,999.17,997.67,999,161197803,0
2018-03-23,20:00:00,998.98,999.2,992.3,992.38,192759280,0
2018-03-23,21:00:00,992.28,992.3,987.41,987.7,574517186,0
2018-03-26,16:00:00,987.72,998.39,987.72,993.94,267285390,0
2018-03-26,17:00:00,993.95,994.51,990.17,990.19,283179545,0
2018-03-26,18:00:00,990.18,990.18,986.39,988.24,243581469,0
2018-03-26,19:00:00,988.23,989.22,986.13,986.29,175257869,0
2018-03-26,20:00:00,986.26,988.23,986.25,988.23,157481395,0
2018-03-26,21:00:00,988.24,993.17,988.24,992.54,204238620,0
2018-03-26,22:00:00,992.51,996.63,992.44,996.63,486132588,0
2018-03-27,16:00:00,996.63,998.15,994.14,995.66,211472258,0
2018-03-27,17:00:00,995.72,996.71,993.95,994.45,242583349,0
2018-03-27,18:00:00,994.47,996.18,992.58,996.13,180662289,0
2018-03-27,19:00:00,996.14,996.34,993.18,994.1,181659078,0
2018-03-27,20:00:00,994.12,995.74,990.89,991.47,161231706,0
2018-03-27,21:00:00,991.5,991.5,987.57,987.57,216625952,0
2018-03-27,22:00:00,987.57,987.57,978.98,980.53,584664543,0
2018-03-28,16:00:00,980.53,980.53,975.47,978.48,259205179,0
2018-03-28,17:00:00,978.49,980.16,972.12,972.82,328289878,0
2018-03-28,18:00:00,972.88,974.17,971.11,973.14,271321270,0
2018-03-28,19:00:00,973.13,976.54,972.89,973.88,205942969,0
2018-03-28,20:00:00,973.84,977.01,973.17,976.01,180397496,0
2018-03-28,21:00:00,975.98,976.67,974.53,974.61,185943650,0
2018-03-28,22:00:00,974.6,974.65,972.17,973.34,465770071,0
2018-03-29,16:00:00,973.35,976.64,973.35,974.16,237872698,0
2018-03-29,17:00:00,974.2,980.1,974.01,980.1,308062708,0
2018-03-29,18:00:00,980.19,980.99,978.9,980.06,287929035,0
2018-03-29,19:00:00,980.09,981.46,978.73,981.41,183457065,0
2018-03-29,20:00:00,981.4,983.1,980.48,982.9,182896065,0
2018-03-29,21:00:00,982.89,984.65,982.32,984.29,202155886,0
2018-03-29,22:00:00,984.26,984.8,980.38,980.38,585344362,0
