Date,Time,Open,High,Low,Close,Volume,OpenInt
2017-09-05,16:00:00,982.84,983.04,982.01,983.04,622937009,0
2017-09-05,17:00:00,983.04,983.17,980.83,980.94,743891610,0
2017-09-05,18:00:00,980.95,981.14,980.07,980.28,524623219,0
2017-09-05,19:00:00,980.28,980.28,975.74,976.15,563401873,0
2017-09-05,20:00:00,976.13,976.15,974.7,976.15,468969205,0
2017-09-05,21:00:00,976.17,977.12,976.1,976.41,495672686,0
2017-09-05,22:00:00,976.43,977.55,976.21,977.07,1341261455,0
2017-09-06,16:00:00,977.44,980.23,977.44,980.21,537649128,0
2017-09-06,17:00:00,980.23,981.35,980.08,980.28,743953730,0
2017-09-06,18:00:00,980.3,980.38,979.05,979.25,539690131,0
2017-09-06,19:00:00,979.28,979.38,978.9,979.24,497618192,0
2017-09-06,20:00:00,979.24,980.48,979.24,980.07,460147118,0
2017-09-06,21:00:00,980.07,980.58,979.95,980.11,489358118,0
2017-09-06,22:00:00,980.11,980.8,979.84,980.05,1410532470,0
2017-09-07,16:00:00,980.04,981.5,979.82,979.85,570303207,0
2017-09-07,17:00:00,979.87,980.93,978.77,980.84,799431402,0
2017-09-07,18:00:00,980.84,981.07,979.38,979.88,625868268,0
2017-09-07,19:00:00,979.75,980.62,979.59,980.59,522880054,0
2017-09-07,20:00:00,980.58,980.68,979.72,979.84,478056806,0
2017-09-07,21:00:00,979.85,980.12,979.74,979.95,494226838,0
2017-09-07,22:00:00,979.97,980.64,979.96,980.63,1282322533,0
2017-09-08,16:00:00,980.53,980.53,978.64,978.85,543756973,0
2017-09-08,17:00:00,978.88,979.81,978.62,979.51,791603389,0
2017-09-08,18:00:00,979.55,980.43,979.55,980.02,585946761,0
2017-09-08,19:00:00,980.02,980.05,979,979.87,460652969,0
2017-09-08,20:00:00,979.87,979.88,978.5,978.91,428622674,0
2017-09-08,21:00:00,978.91,979.51,978.89,979.37,472704359,0
2017-09-08,22:00:00,979.38,979.79,978.54,979.19,1278571889,0
2017-09-11,16:00:00,979.2,985.1,979.2,984.71,587481062,0
2017-09-11,17:00:00,984.71,985.22,984.29,984.57,714837162,0
2017-09-11,18:00:00,984.58,985.92,984.45,985.88,556196987,0
2017-09-11,19:00:00,985.9,986.68,985.82,986.32,430727187,0
2017-09-11,20:00:00,986.32,986.64,986.15,986.29,413567185,0
2017-09-11,21:00:00,986.29,986.52,986.17,986.17,464371734,0
2017-09-11,22:00:00,986.16,986.8,986.09,986.72,1345122647,0
2017-09-12,16:00:00,986.8,988.4,986.8,988.4,551225392,0
2017-09-12,17:00:00,988.41,989.07,988.39,988.84,733106806,0
2017-09-12,18:00:00,988.83,990.19,988.66,990.18,572685279,0
2017-09-12,19:00:00,990.19,990.68,990.17,990.68,466419130,0
2017-09-12,20:00:00,990.68,991.21,990.65,990.73,443241990,0
2017-09-12,21:00:00,990.71,990.85,990.55,990.72,499734507,0
2017-09-12,22:00:00,990.7,990.77,990.3,990.76,1227328427,0
2017-09-13,16:00:00,990.62,991.55,990.15,991.55,581719741,0
2017-09-13,17:00:00,991.55,992.55,991.55,992.41,795712412,0
2017-09-13,18:00:00,992.41,993.09,992.36,993.02,621663171,0
2017-09-13,19:00:00,993.02,993.37,992.85,993.2,444503666,0
2017-09-13,20:00:00,993.2,993.5,992.93,993.5,441235891,0
2017-09-13,21:00:00,993.48,993.73,993.15,993.71,505896458,0
2017-09-13,22:00:00,993.7,993.74,993.15,993.16,1402967476,0
2017-09-14,16:00:00,993.16,993.16,991.23,992.44,596230599,0
2017-09-14,17:00:00,992.45,993.57,992.45,993.52,739708824,0
2017-09-14,18:00:00,993.52,993.99,993.1,993.23,606502159,0
2017-09-14,19:00:00,993.22,993.58,992.92,992.92,432012210,0
2017-09-14,20:00:00,992.92,992.94,992.48,992.74,444700478,0
2017-09-14,21:00:00,992.73,992.97,992.7,992.88,467337352,0
2017-09-14,22:00:00,992.91,993.08,992.47,992.78,1418012255,0
2017-09-15,16:00:00,992.98,993.25,991.53,993.05,986806776,0
2017-09-15,17:00:00,993.03,993.48,992.72,993.32,678464049,0
2017-09-15,18:00:00,993.31,993.91,993.17,993.9,507455779,0
2017-09-15,19:00:00,993.9,994.14,993.79,993.97,408694232,0
2017-09-15,20:00:00,993.99,994.27,993.98,994.24,381704925,0
2017-09-15,21:00:00,994.3,994.74,994.29,994.5,455341446,0
2017-09-15,22:00:00,994.51,994.94,994.22,994.29,3161660307,0
2017-09-18,16:00:00,994.45,998.17,994.45,997.95,538099826,0
2017-09-18,17:00:00,997.95,998.84,997.66,997.66,695167161,0
2017-09-18,18:00:00,997.66,997.69,997.09,997.25,560750809,0
2017-09-18,19:00:00,997.28,997.84,997.23,997.83,430211035,0
2017-09-18,20:00:00,997.84,998.58,997.81,998.47,423019627,0
2017-09-18,21:00:00,998.48,998.49,996.94,997.27,535551068,0
2017-09-18,22:00:00,997.26,997.43,996.84,997.08,1311273823,0
2017-09-19,16:00:00,997.29,997.95,996.9,997.18,545397110,0
2017-09-19,17:00:00,997.13,997.3,996.62,996.66,750629653,0
2017-09-19,18:00:00,996.64,996.64,995.91,995.97,542214702,0
2017-09-19,19:00:00,995.97,996.59,995.97,996.48,452659760,0
2017-09-19,20:00:00,996.49,996.77,996.44,996.7,407664109,0
2017-09-19,21:00:00,996.7,996.99,996.63,996.71,484383549,0
2017-09-19,22:00:00,996.72,996.95,996.57,996.89,1388593310,0
2017-09-20,16:00:00,996.72,997.97,996.72,997.97,557400851,0
2017-09-20,17:00:00,997.98,998.53,997.84,998.31,740676076,0
2017-09-20,18:00:00,998.3,999.14,998.3,999.14,590957487,0
2017-09-20,19:00:00,999.15,1000.12,999.11,1000.09,431211400,0
2017-09-20,20:00:00,1000.09,1000.14,999.58,999.75,453413303,0
2017-09-20,21:00:00,999.76,999.76,997.45,998.8,799790188,0
2017-09-20,22:00:00,998.8,998.95,998.18,998.88,1402651289,0
2017-09-21,16:00:00,998.87,999.05,996.86,997.32,562616544,0
2017-09-21,17:00:00,997.32,998.21,997.23,998.04,710496219,0
2017-09-21,18:00:00,998.03,998.74,997.93,998.51,520073594,0
2017-09-21,19:00:00,998.51,999.37,998.4,999.34,416437216,0
2017-09-21,20:00:00,999.35,999.46,999,999.17,385210403,0
2017-09-21,21:00:00,999.17,999.2,997.87,998.24,448620394,0
2017-09-21,22:00:00,998.25,998.42,997.59,997.7,1147684316,0
2017-09-22,16:00:00,997.84,999.44,997.19,999.23,499688788,0
2017-09-22,17:00:00,999.24,1000.86,999.24,1000.31,651235401,0
2017-09-22,18:00:00,1000.31,1000.74,999.85,1000.06,436425914,0
2017-09-22,19:00:00,1000.05,1000.3,999.93,1000.2,462719836,0
2017-09-22,20:00:00,1000.2,1000.96,1000.13,1000.91,374561880,0
2017-09-22,21:00:00,1000.91,1000.97,999.35,999.46,416131548,0
2017-09-22,22:00:00,999.46,1000.94,999.45,1000.94,1201888505,0
2017-09-25,16:00:00,1000.81,1001.76,1000.74,1001.64,577074839,0
2017-09-25,17:00:00,1001.66,1002.57,1000.45,1000.45,781174394,0
2017-09-25,18:00:00,1000.44,1000.46,999.09,999.34,630708097,0
2017-09-25,19:00:00,999.35,1000,998.32,999.91,471196482,0
2017-09-25,20:00:00,999.89,1000.35,999.88,1000.33,403392114,0
2017-09-25,21:00:00,1000.33,1000.72,1000.01,1000.35,492944979,0
2017-09-25,22:00:00,1000.35,1000.88,1000.22,1000.33,1378667197,0
2017-09-26,16:00:00,1000.33,1001.66,1000.33,1001.18,550809003,0
2017-09-26,17:00:00,1001.2,1002.07,1001.2,1001.35,702655491,0
2017-09-26,18:00:00,1001.35,1001.62,1001.1,1001.53,581951267,0
2017-09-26,19:00:00,1001.54,1001.96,1001.47,1001.6,446153786,0
2017-09-26,20:00:00,1001.61,1002.93,1001.56,1002.92,420505449,0
2017-09-26,21:00:00,1002.94,1003,1002.32,1002.54,455312683,0
2017-09-26,22:00:00,1002.54,1002.85,1001.73,1001.79,1263499907,0
2017-09-27,16:00:00,1002.1,1005.5,1002.1,1004.27,597473883,0
2017-09-27,17:00:00,1004.28,1004.76,1002.84,1003.05,790371911,0
2017-09-27,18:00:00,1003.04,1003.47,1002.86,1003.17,555257175,0
2017-09-27,19:00:00,1003.2,1005.85,1002.97,1005.85,459789397,0
2017-09-27,20:00:00,1005.85,1009.13,1005.85,1009.12,508965014,0
2017-09-27,21:00:00,1009.13,1009.59,1008.87,1009.59,592970672,0
2017-09-27,22:00:00,1009.58,1010.18,1009.09,1009.14,1417820860,0
2017-09-28,16:00:00,1009.14,1009.31,1007.84,1007.86,573619584,0
2017-09-28,17:00:00,1007.87,1008.28,1007.19,1007.8,729650455,0
2017-09-28,18:00:00,1007.78,1008.22,1007.58,1007.78,573830769,0
2017-09-28,19:00:00,1007.79,1009.22,1007.76,1009.18,445339573,0
2017-09-28,20:00:00,1009.17,1009.81,1008.94,1009.78,420511944,0
2017-09-28,21:00:00,1009.79,1010.09,1009.41,1009.68,488356006,0
2017-09-28,22:00:00,1009.67,1010.71,1009.58,1010.7,1270309293,0
2017-09-29,16:00:00,1010.8,1011.85,1010.8,1011.39,531165531,0
2017-09-29,17:00:00,1011.44,1012.66,1011.44,1012.66,683275816,0
2017-09-29,18:00:00,1012.67,1013.05,1012.63,1012.87,537723761,0
2017-09-29,19:00:00,1012.87,1013.53,1012.87,1013.46,416350142,0
2017-09-29,20:00:00,1013.47,1013.47,1012.88,1012.98,410943883,0
2017-09-29,21:00:00,1012.99,1013.2,1012.81,1013.1,446729788,0
2017-09-29,22:00:00,1013.11,1013.36,1012.73,1012.85,1550271482,0
2017-10-02,16:00:00,1012.88,1014.55,1012.88,1014.53,565154234,0
2017-10-02,17:00:00,1014.54,1016.29,1014.51,1015.29,763794677,0
2017-10-02,18:00:00,1015.3,1015.91,1014.71,1015.43,584582344,0
2017-10-02,19:00:00,1015.42,1016.83,1015.06,1016.83,454180673,0
2017-10-02,20:00:00,1016.83,1017.82,1016.75,1017.81,420401521,0
2017-10-02,21:00:00,1017.81,1017.86,1017.42,1017.69,483009378,0
2017-10-02,22:00:00,1017.68,1018.95,1017.59,1018.95,1269070454,0
2017-10-03,16:00:00,1019.04,1020.24,1019.04,1020.1,560980014,0
2017-10-03,17:00:00,1020.11,1020.17,1018.73,1019.17,756364046,0
2017-10-03,18:00:00,1019.15,1019.5,1018.58,1019.4,542570126,0
2017-10-03,19:00:00,1019.39,1019.8,1019.33,1019.79,429269909,0
2017-10-03,20:00:00,1019.79,1020.38,1019.78,1020.37,425290554,0
2017-10-03,21:00:00,1020.38,1020.95,1020.36,1020.73,492807874,0
2017-10-03,22:00:00,1020.74,1021.93,1020.65,1021.02,1302574351,0
2017-10-04,16:00:00,1021.03,1021.8,1021.02,1021.43,552733667,0
2017-10-04,17:00:00,1021.47,1022.77,1021.26,1022.77,737799527,0
2017-10-04,18:00:00,1022.78,1023.98,1022.78,1023.77,548186072,0
2017-10-04,19:00:00,1023.78,1023.79,1022.26,1022.46,446635128,0
2017-10-04,20:00:00,1022.45,1022.57,1020.83,1020.85,439561051,0
2017-10-04,21:00:00,1020.84,1021.6,1020.79,1021.58,443995973,0
2017-10-04,22:00:00,1021.58,1021.67,1021.26,1021.33,1247384335,0
2017-10-05,16:00:00,1021.61,1023.36,1021.61,1023.01,533090027,0
2017-10-05,17:00:00,1022.99,1024.39,1022.84,1024.25,704616494,0
2017-10-05,18:00:00,1024.25,1025.23,1024.17,1025.12,562289365,0
2017-10-05,19:00:00,1025.12,1025.59,1024.67,1024.73,460550701,0
2017-10-05,20:00:00,1024.73,1024.97,1024.48,1024.84,397583401,0
2017-10-05,21:00:00,1024.85,1024.85,1024.44,1024.77,451805400,0
2017-10-05,22:00:00,1024.78,1024.98,1024.31,1024.84,1259226388,0
2017-10-06,16:00:00,1025.24,1025.24,1023.45,1024.05,525794931,0
2017-10-06,17:00:00,1024.05,1024.7,1023.42,1023.46,677145426,0
2017-10-06,18:00:00,1023.44,1023.66,1023.14,1023.36,495503918,0
2017-10-06,19:00:00,1023.34,1024.02,1023.1,1024,383886893,0
2017-10-06,20:00:00,1024,1024.02,1023.48,1023.66,357282505,0
2017-10-06,21:00:00,1023.64,1023.8,1022.39,1022.64,427811017,0
2017-10-06,22:00:00,1022.65,1023.64,1022.48,1023.64,1247200694,0
2017-10-09,16:00:00,1023.77,1024.59,1023.29,1023.3,322586030,0
2017-10-09,17:00:00,1023.3,1023.38,1022.19,1022.46,497837020,0
2017-10-09,18:00:00,1022.46,1022.76,1022.17,1022.68,417061689,0
2017-10-09,19:00:00,1022.66,1022.71,1021.91,1021.95,349721903,0
2017-10-09,20:00:00,1021.94,1022.07,1021.74,1021.97,318608029,0
2017-10-09,21:00:00,1021.96,1021.98,1021.38,1021.53,378624192,0
2017-10-09,22:00:00,1021.5,1021.5,1020.72,1021.11,1068085656,0
2017-10-10,16:00:00,1021.45,1025.45,1021.45,1024.69,554887855,0
2017-10-10,17:00:00,1024.68,1024.72,1023.73,1024.46,697268005,0
2017-10-10,18:00:00,1024.46,1024.83,1023.75,1023.83,524004829,0
2017-10-10,19:00:00,1023.83,1023.84,1023.25,1023.4,417667001,0
2017-10-10,20:00:00,1023.42,1023.75,1023.38,1023.45,402647351,0
2017-10-10,21:00:00,1023.44,1023.48,1022.94,1023.15,429923791,0
2017-10-10,22:00:00,1023.14,1024.23,1023.14,1023.99,1186372362,0
2017-10-11,16:00:00,1024.14,1024.61,1023.9,1024.12,515380159,0
2017-10-11,17:00:00,1024.13,1024.94,1024,1024.52,672187460,0
2017-10-11,18:00:00,1024.51,1025.06,1024.44,1024.72,530704489,0
2017-10-11,19:00:00,1024.72,1024.91,1024.15,1024.15,404255502,0
2017-10-11,20:00:00,1024.14,1024.59,1024,1024.13,387946282,0
2017-10-11,21:00:00,1024.13,1024.69,1024.1,1024.34,490549020,0
2017-10-11,22:00:00,1024.34,1025.07,1024.32,1024.63,1332996753,0
2017-10-12,16:00:00,1024.6,1024.6,1021.71,1021.85,612390955,0
2017-10-12,17:00:00,1021.84,1023.89,1021.75,1023.88,743841255,0
2017-10-12,18:00:00,1023.87,1024.6,1023.87,1024.43,573546940,0
2017-10-12,19:00:00,1024.43,1024.63,1023.77,1023.8,431339574,0
2017-10-12,20:00:00,1023.79,1023.88,1023.49,1023.63,423849058,0
2017-10-12,21:00:00,1023.63,1023.82,1022.97,1023.19,511492592,0
2017-10-12,22:00:00,1023.21,1023.86,1022.07,1022.08,1398201129,0
2017-10-13,16:00:00,1022.14,1024.04,1022.14,1023.14,636075321,0
2017-10-13,17:00:00,1023.1,1024.23,1023.06,1023.63,758541480,0
2017-10-13,18:00:00,1023.65,1023.93,1022.99,1023.03,533584009,0
2017-10-13,19:00:00,1023.02,1023.11,1022.6,1022.88,399991000,0
2017-10-13,20:00:00,1022.89,1022.98,1022.33,1022.36,395302009,0
2017-10-13,21:00:00,1022.36,1022.43,1022.09,1022.4,435157472,0
2017-10-13,22:00:00,1022.41,1022.7,1021.26,1021.69,1257087214,0
2017-10-16,16:00:00,1021.98,1024.03,1021.98,1023.94,552175138,0
2017-10-16,17:00:00,1023.96,1024.34,1021.43,1021.44,687886193,0
2017-10-16,18:00:00,1021.43,1021.57,1020.71,1020.71,501801454,0
2017-10-16,19:00:00,1020.71,1020.72,1019.65,1019.72,406555109,0
2017-10-16,20:00:00,1019.73,1020.1,1019.3,1019.82,379560660,0
2017-10-16,21:00:00,1019.81,1019.94,1019.02,1019.18,433591114,0
2017-10-16,22:00:00,1019.17,1019.5,1019.09,1019.49,1217969947,0
2017-10-17,16:00:00,1019.5,1019.87,1018.89,1019.42,516497474,0
2017-10-17,17:00:00,1019.41,1020.11,1017.58,1017.93,698479856,0
2017-10-17,18:00:00,1017.92,1019.18,1017.91,1018.61,526201266,0
2017-10-17,19:00:00,1018.6,1018.62,1017.95,1017.95,391671523,0
2017-10-17,20:00:00,1017.94,1017.97,1016.31,1016.39,405918626,0
2017-10-17,21:00:00,1016.4,1016.91,1016.34,1016.85,475284916,0
2017-10-17,22:00:00,1016.86,1016.88,1016.05,1016.62,1210826879,0
2017-10-18,16:00:00,1016.69,1018.53,1016.69,1018.17,549356634,0
2017-10-18,17:00:00,1018.17,1018.22,1016.77,1017,714670160,0
2017-10-18,18:00:00,1016.99,1017.12,1016.13,1016.52,535020640,0
2017-10-18,19:00:00,1016.52,1017.66,1016.52,1017.47,431032281,0
2017-10-18,20:00:00,1017.45,1017.86,1017.45,1017.78,391058333,0
2017-10-18,21:00:00,1017.79,1018,1017.77,1017.84,449658754,0
2017-10-18,22:00:00,1017.84,1017.95,1016.85,1016.92,1218485027,0
2017-10-19,16:00:00,1016.92,1016.92,1011.69,1011.8,608155018,0
2017-10-19,17:00:00,1011.8,1013.46,1010.95,1013.46,714935394,0
2017-10-19,18:00:00,1013.47,1013.51,1012.27,1012.28,503087135,0
2017-10-19,19:00:00,1012.3,1012.52,1012.02,1012.51,394223366,0
2017-10-19,20:00:00,1012.5,1013.82,1012.5,1013.53,410440533,0
2017-10-19,21:00:00,1013.53,1014.34,1013.53,1014.21,471263865,0
2017-10-19,22:00:00,1014.22,1015.13,1014.2,1015.1,1224416864,0
2017-10-20,16:00:00,1015.13,1018.02,1015.13,1016.9,667881997,0
2017-10-20,17:00:00,1016.91,1017.4,1016.88,1017.32,707632668,0
2017-10-20,18:00:00,1017.32,1017.89,1017.29,1017.88,574726777,0
2017-10-20,19:00:00,1017.88,1018.09,1017.71,1018.09,445782865,0
2017-10-20,20:00:00,1018.08,1018.38,1017.88,1017.96,413551905,0
2017-10-20,21:00:00,1017.96,1018.23,1017.62,1017.65,468488980,0
2017-10-20,22:00:00,1017.63,1017.76,1017.3,1017.76,1422650117,0
2017-10-23,16:00:00,1017.74,1018.39,1016.81,1017.47,559112960,0
2017-10-23,17:00:00,1017.46,1017.46,1015.36,1015.5,707877388,0
2017-10-23,18:00:00,1015.5,1015.58,1014.34,1014.74,548612258,0
2017-10-23,19:00:00,1014.76,1015.14,1014.65,1015.08,446846830,0
2017-10-23,20:00:00,1015.08,1015.08,1013.92,1014.02,404086617,0
2017-10-23,21:00:00,1014.04,1014.21,1013.36,1013.5,485493703,0
2017-10-23,22:00:00,1013.49,1013.58,1011.7,1011.71,1360318219,0
2017-10-24,16:00:00,1011.75,1014.48,1011.75,1013.07,582409530,0
2017-10-24,17:00:00,1013.05,1014.24,1012.99,1013.3,751305128,0
2017-10-24,18:00:00,1013.3,1013.56,1012.77,1013.07,593783299,0
2017-10-24,19:00:00,1013.05,1013.29,1012.76,1013.08,441275983,0
2017-10-24,20:00:00,1013.06,1013.69,1012.88,1013.68,447094166,0
2017-10-24,21:00:00,1013.68,1013.78,1013.07,1013.09,522602717,0
2017-10-24,22:00:00,1013.09,1013.34,1011.56,1011.56,1357753310,0
2017-10-25,16:00:00,1011.59,1011.59,1009.22,1009.22,620600882,0
2017-10-25,17:00:00,1009.22,1009.5,1005.56,1005.56,918693268,0
2017-10-25,18:00:00,1005.57,1005.57,1002.16,1002.79,797971365,0
2017-10-25,19:00:00,1002.78,1003.16,1001.58,1003.16,579768858,0
2017-10-25,20:00:00,1003.18,1005.2,1002.88,1005.18,498443145,0
2017-10-25,21:00:00,1005.17,1005.36,1004.2,1004.48,540955290,0
2017-10-25,22:00:00,1004.48,1005.7,1004.47,1005.44,1472930116,0
2017-10-26,16:00:00,1005.48,1006.31,1005.19,1005.84,675344680,0
2017-10-26,17:00:00,1005.84,1006.47,1004.84,1006.26,874202179,0
2017-10-26,18:00:00,1006.26,1006.97,1006.26,1006.7,704047852,0
2017-10-26,19:00:00,1006.7,1006.84,1005.19,1005.21,519833762,0
2017-10-26,20:00:00,1005.21,1005.83,1005.13,1005.62,496758356,0
2017-10-26,21:00:00,1005.63,1005.74,1004.9,1004.9,582176870,0
2017-10-26,22:00:00,1004.91,1005.02,1003.91,1004.48,1515426754,0
2017-10-27,16:00:00,1004.48,1004.48,1002.32,1003.2,728592443,0
2017-10-27,17:00:00,1003.17,1004.12,1002.83,1003.94,1023546054,0
2017-10-27,18:00:00,1003.92,1006.02,1003.79,1005.84,760263163,0
2017-10-27,19:00:00,1005.85,1006.37,1005.53,1006.2,546829743,0
2017-10-27,20:00:00,1006.19,1006.5,1006.04,1006.48,488237802,0
2017-10-27,21:00:00,1006.48,1006.84,1006.34,1006.55,580617970,0
2017-10-27,22:00:00,1006.54,1007.88,1006.5,1007.88,1492320174,0
2017-10-30,17:00:00,1005.13,1005.13,1003.88,1004.07,2032272663,0
2017-10-30,18:00:00,1004.11,1004.23,1002.79,1002.92,537116117,0
2017-10-30,19:00:00,1002.94,1003.4,1001.52,1001.53,556224726,0
2017-10-30,20:00:00,1001.54,1002.75,1001.11,1002.34,558688280,0
2017-10-30,21:00:00,1002.34,1003.1,1001.51,1002.94,1996748933,0
2017-10-31,17:00:00,1004.82,1005.12,1004.76,1005.12,2115857006,0
2017-10-31,18:00:00,1005.17,1005.3,1004.69,1005.07,508795780,0
2017-10-31,19:00:00,1005.07,1005.84,1005.03,1005.84,475958584,0
2017-10-31,20:00:00,1005.83,1006.9,1005.75,1006.9,575765582,0
2017-10-31,21:00:00,1006.9,1007.19,1006.6,1006.8,2309761704,0
2017-11-01,16:00:00,1009.65,1009.65,1007.69,1007.69,1613806111,0
2017-11-01,17:00:00,1007.67,1007.77,1004.76,1004.9,668701410,0
2017-11-01,18:00:00,1004.9,1005.11,1003.91,1003.91,511207950,0
2017-11-01,19:00:00,1003.91,1003.91,1002.22,1002.98,526014075,0
2017-11-01,20:00:00,1002.99,1004.1,1002.89,1003.88,594733093,0
2017-11-01,21:00:00,1003.91,1004.63,1003.71,1004.03,1404122646,0
2017-11-02,16:00:00,1002.95,1004.83,1002.95,1004.01,1658976268,0
2017-11-02,17:00:00,1004.01,1004.31,1003.22,1004.07,734647986,0
2017-11-02,18:00:00,1004.15,1005.56,1003.97,1004.55,622105458,0
2017-11-02,19:00:00,1004.55,1004.68,1002.93,1002.94,535245247,0
2017-11-02,20:00:00,1002.94,1003.37,1002.32,1002.43,635274667,0
2017-11-02,21:00:00,1002.42,1004.19,1002.34,1003.96,1539584298,0
2017-11-03,16:00:00,1003.01,1003.14,1002.3,1002.56,1411243887,0
2017-11-03,17:00:00,1002.57,1003.42,1002.48,1003.41,656750512,0
2017-11-03,18:00:00,1003.39,1003.85,1003.22,1003.7,515399393,0
2017-11-03,19:00:00,1003.7,1003.97,1003.48,1003.84,527144972,0
2017-11-03,20:00:00,1003.87,1004.23,1003.77,1004.04,673810637,0
2017-11-03,21:00:00,1004.02,1004.16,1003.41,1004.15,1422276724,0
2017-11-06,16:00:00,1004.15,1005.72,1004.15,1005.72,667668708,0
2017-11-06,17:00:00,1005.75,1006.71,1005.61,1005.65,797110330,0
2017-11-06,18:00:00,1005.64,1006.28,1005.26,1005.94,669328224,0
2017-11-06,19:00:00,1005.95,1006.89,1005.81,1006.86,486312870,0
2017-11-06,20:00:00,1006.88,1007.44,1006.78,1006.89,498100399,0
2017-11-06,21:00:00,1006.91,1007,1006.72,1006.91,547394369,0
2017-11-06,22:00:00,1006.93,1007.7,1006.91,1007.16,1431863733,0
2017-11-07,16:00:00,1007.32,1007.47,1006.47,1006.96,697167921,0
2017-11-07,17:00:00,1006.95,1006.95,1002.59,1002.82,866451742,0
2017-11-07,18:00:00,1002.83,1003.32,1001.8,1001.81,704953466,0
2017-11-07,19:00:00,1001.82,1002.05,1000.32,1000.66,587258989,0
2017-11-07,20:00:00,1000.67,1001.49,1000.62,1001.45,473644260,0
2017-11-07,21:00:00,1001.47,1001.8,1000.58,1000.58,558131604,0
2017-11-07,22:00:00,1000.56,1000.57,999.5,1000.09,1448368556,0
2017-11-08,16:00:00,999.97,999.97,997.75,998.13,700662182,0
2017-11-08,17:00:00,998.14,998.46,995.79,996.72,920335183,0
2017-11-08,18:00:00,996.72,997.06,996.02,996.52,663497520,0
2017-11-08,19:00:00,996.52,998.47,996.44,998.4,563752305,0
2017-11-08,20:00:00,998.39,998.77,998.05,998.54,496814696,0
2017-11-08,21:00:00,998.54,999.57,998.47,999.47,599896715,0
2017-11-08,22:00:00,999.48,999.58,998.96,998.98,1462053427,0
2017-11-09,16:00:00,998.97,998.97,994.54,995.01,694019231,0
2017-11-09,17:00:00,995.01,999.06,995.01,999.06,914892273,0
2017-11-09,18:00:00,999.06,999.1,995.7,995.94,733879009,0
2017-11-09,19:00:00,995.94,995.94,992.72,993.86,636137414,0
2017-11-09,20:00:00,993.86,996.6,993.8,996.35,535699967,0
2017-11-09,21:00:00,996.36,996.62,995.78,995.88,564982657,0
2017-11-09,22:00:00,995.86,997.07,995.6,997.07,1357946914,0
2017-11-10,16:00:00,997.13,998.3,995.91,998.28,640449553,0
2017-11-10,17:00:00,998.29,998.4,996.78,997.58,782174176,0
2017-11-10,18:00:00,997.6,998.07,997.41,997.92,603061122,0
2017-11-10,19:00:00,997.91,998.01,997.16,997.16,492040581,0
2017-11-10,20:00:00,997.15,997.19,996.65,997.1,446505003,0
2017-11-10,21:00:00,997.1,998.23,997.1,998.22,506801657,0
2017-11-10,22:00:00,998.21,998.63,997.03,997.04,1399228130,0
2017-11-13,16:00:00,996.74,996.74,993.62,995.02,593136100,0
2017-11-13,17:00:00,995.07,995.96,994.73,994.97,750926031,0
2017-11-13,18:00:00,994.97,995.52,994.73,995.04,587574606,0
2017-11-13,19:00:00,995.08,995.41,994.63,994.64,501920414,0
2017-11-13,20:00:00,994.64,995.11,994,995.06,469311420,0
2017-11-13,21:00:00,995.08,995.22,994.69,994.79,515157888,0
2017-11-13,22:00:00,994.79,995.29,994.47,994.56,1371503323,0
2017-11-14,16:00:00,994.39,994.39,992.23,992.62,614484984,0
2017-11-14,17:00:00,992.61,992.62,990.24,991.32,926023050,0
2017-11-14,18:00:00,991.32,991.35,989.39,989.63,631811973,0
2017-11-14,19:00:00,989.64,989.64,988.13,988.38,515329998,0
2017-11-14,20:00:00,988.38,988.94,988.22,988.34,474527849,0
2017-11-14,21:00:00,988.35,989.18,988.3,989.11,534283938,0
2017-11-14,22:00:00,989.11,989.77,989.1,989.77,1391697961,0
2017-11-15,16:00:00,989.74,989.74,982.26,983.04,666791308,0
2017-11-15,17:00:00,983.04,986.39,982.98,986.36,831113354,0
2017-11-15,18:00:00,986.36,987.89,986.36,987.53,593390052,0
2017-11-15,19:00:00,987.53,988.16,987.04,987.9,440603553,0
2017-11-15,20:00:00,987.92,987.99,986.94,986.98,424846982,0
2017-11-15,21:00:00,986.98,988.26,986.98,988.14,474690496,0
2017-11-15,22:00:00,988.15,988.29,986.11,986.31,1375267254,0
2017-11-16,16:00:00,986.67,991.73,986.67,991.72,575437366,0
2017-11-16,17:00:00,991.73,995.81,991.73,995.35,743873345,0
2017-11-16,18:00:00,995.35,996.42,995.35,995.72,580368683,0
2017-11-16,19:00:00,995.71,996.99,995.42,996.99,469707101,0
2017-11-16,20:00:00,996.99,997.57,996.91,996.98,448168454,0
2017-11-16,21:00:00,996.98,997.34,996.6,996.62,508473479,0
2017-11-16,22:00:00,996.64,997.12,996.51,996.66,1376016405,0
2017-11-17,16:00:00,996.67,997.14,995.74,997.03,637572909,0
2017-11-17,17:00:00,997.05,997.96,996.69,997.5,708886761,0
2017-11-17,18:00:00,997.5,999.58,996.99,999.58,569619876,0
2017-11-17,19:00:00,999.57,1000.96,999.57,1000.95,457179485,0
2017-11-17,20:00:00,1000.95,1001.53,1000.87,1000.92,416304146,0
2017-11-17,21:00:00,1000.92,1001.1,1000.18,1000.69,450830793,0
2017-11-17,22:00:00,1000.69,1000.94,1000.35,1000.85,1438418783,0
2017-11-20,16:00:00,1001.11,1001.76,1000.9,1001.37,538296667,0
2017-11-20,17:00:00,1001.39,1002.45,1001,1002.23,715066431,0
2017-11-20,18:00:00,1002.22,1002.42,1001.86,1002.12,529128697,0
2017-11-20,19:00:00,1002.1,1002.24,1001.7,1001.8,403871585,0
2017-11-20,20:00:00,1001.82,1003,1001.72,1002.98,379627428,0
2017-11-20,21:00:00,1003.03,1003.36,1002.74,1003.15,462381612,0
2017-11-20,22:00:00,1003.16,1003.65,1003.12,1003.6,1260890654,0
2017-11-21,16:00:00,1004.13,1007.4,1004.13,1007.34,596743865,0
2017-11-21,17:00:00,1007.33,1009.74,1007.28,1009.06,765277793,0
2017-11-21,18:00:00,1009.05,1009.09,1008.23,1008.58,593637904,0
2017-11-21,19:00:00,1008.58,1008.6,1007.6,1007.94,456740869,0
2017-11-21,20:00:00,1007.93,1008.09,1007.77,1007.78,421102308,0
2017-11-21,21:00:00,1007.76,1008.15,1007.4,1008.15,476900724,0
2017-11-21,22:00:00,1008.21,1008.64,1007.85,1008.1,1358227719,0
2017-11-22,16:00:00,1008.27,1010.84,1008.27,1010.45,544083094,0
2017-11-22,17:00:00,1010.32,1010.69,1009.41,1010.22,681977514,0
2017-11-22,18:00:00,1010.24,1010.44,1009.87,1010.22,500109960,0
2017-11-22,19:00:00,1010.21,1010.27,1009.69,1010.06,378306959,0
2017-11-22,20:00:00,1010.06,1010.41,1009.88,1010.41,347048208,0
2017-11-22,21:00:00,1010.41,1010.96,1010.41,1010.9,390448761,0
2017-11-22,22:00:00,1010.91,1010.92,1009.81,1009.84,1078876890,0
2017-11-24,16:00:00,1010.03,1011.88,1010.03,1011.36,421944498,0
2017-11-24,17:00:00,1011.36,1011.74,1010.71,1011.22,503264066,0
2017-11-24,18:00:00,1011.21,1011.6,1010.97,1011.02,383116272,0
2017-11-24,19:00:00,1011.06,1011.18,1010.71,1010.76,590942645,0
2017-11-24,20:00:00,1010.76,1011.96,1010.76,1011.96,131774596,0
2017-11-27,16:00:00,1012,1012.39,1011.16,1011.16,581387913,0
2017-11-27,17:00:00,1011.12,1011.13,1010.04,1010.17,675481324,0
2017-11-27,18:00:00,1010.14,1010.14,1008.1,1008.36,545764709,0
2017-11-27,19:00:00,1008.37,1008.47,1007.74,1008.35,406802324,0
2017-11-27,20:00:00,1008.36,1009.37,1008.36,1009.25,356131837,0
2017-11-27,21:00:00,1009.26,1009.45,1009.13,1009.3,429591355,0
2017-11-27,22:00:00,1009.31,1009.47,1008.05,1008.13,1262324793,0
2017-11-28,16:00:00,1008.19,1008.92,1007.42,1007.55,552416003,0
2017-11-28,17:00:00,1007.56,1008.88,1007.34,1008.74,692540386,0
2017-11-28,18:00:00,1008.74,1009.52,1008.73,1009.43,569176125,0
2017-11-28,19:00:00,1009.44,1010,1009.37,1009.6,465642105,0
2017-11-28,20:00:00,1009.6,1010.15,1008.54,1008.54,495022302,0
2017-11-28,21:00:00,1008.54,1010.9,1007.96,1010.75,565783767,0
2017-11-28,22:00:00,1010.74,1013.26,1010.65,1012.87,1509313159,0
2017-11-29,16:00:00,1013,1016.09,1013,1016.04,714931345,0
2017-11-29,17:00:00,1016.02,1016.12,1013.73,1014.49,1072374930,0
2017-11-29,18:00:00,1014.5,1014.73,1012.52,1012.57,812251239,0
2017-11-29,19:00:00,1012.45,1013.58,1012.15,1013.21,662819959,0
2017-11-29,20:00:00,1013.12,1013.23,1012,1012.3,501072912,0
2017-11-29,21:00:00,1012.29,1013.2,1012.19,1012.59,592160665,0
2017-11-29,22:00:00,1012.54,1013.12,1012.45,1012.65,1428723333,0
2017-11-30,16:00:00,1012.84,1015.17,1012.84,1014.58,699987044,0
2017-11-30,17:00:00,1014.57,1015.59,1013.64,1015.22,903542574,0
2017-11-30,18:00:00,1015.22,1016.75,1014.93,1015.09,712373032,0
2017-11-30,19:00:00,1015.09,1016.62,1015,1015.93,610455812,0
2017-11-30,20:00:00,1015.91,1016.09,1014.51,1014.76,565885123,0
2017-11-30,21:00:00,1014.75,1015.58,1014.74,1014.84,582662432,0
2017-11-30,22:00:00,1014.84,1015.49,1013.83,1014.62,2312995305,0
2017-12-01,16:00:00,1014.63,1015.32,1013.81,1014.2,613826764,0
2017-12-01,17:00:00,1014.1,1015.81,1013.52,1015.44,859468360,0
2017-12-01,18:00:00,1015.41,1015.51,1002.22,1006.02,1079018188,0
2017-12-01,19:00:00,1006.08,1009.81,1006.08,1009.81,567206480,0
2017-12-01,20:00:00,1009.82,1011.74,1008.92,1011.42,463652572,0
2017-12-01,21:00:00,1011.4,1011.65,1010.43,1010.73,482608558,0
2017-12-01,22:00:00,1010.73,1013.36,1010.48,1013.3,1361763747,0
2017-12-04,16:00:00,1014.23,1020.68,1014.23,1019.59,723181994,0
2017-12-04,17:00:00,1019.48,1019.62,1015.98,1016.73,1038585692,0
2017-12-04,18:00:00,1016.71,1017.5,1015.74,1017.26,721958999,0
2017-12-04,19:00:00,1017.26,1017.32,1015.7,1015.78,536350677,0
2017-12-04,20:00:00,1015.79,1016.37,1015.79,1016.01,483011827,0
2017-12-04,21:00:00,1015.92,1016,1013.28,1013.33,609629669,0
2017-12-04,22:00:00,1013.45,1013.6,1010.94,1011.12,1593980609,0
2017-12-05,16:00:00,1011.06,1011.97,1010.55,1010.63,680544572,0
2017-12-05,17:00:00,1010.63,1011.53,1009.2,1009.54,810766733,0
2017-12-05,18:00:00,1009.53,1010.94,1009.52,1009.73,600016754,0
2017-12-05,19:00:00,1009.72,1009.93,1009.24,1009.41,461117373,0
2017-12-05,20:00:00,1009.43,1009.89,1008.94,1009,433428310,0
2017-12-05,21:00:00,1009.03,1009.38,1006.58,1006.67,550856003,0
2017-12-05,22:00:00,1006.8,1007.18,1005.62,1005.9,1472923355,0
2017-12-06,16:00:00,1005.63,1005.63,1003.15,1003.67,588711581,0
2017-12-06,17:00:00,1003.66,1003.88,1001.91,1003.24,726539702,0
2017-12-06,18:00:00,1003.28,1003.36,1001.18,1001.42,570569847,0
2017-12-06,19:00:00,1001.33,1001.33,999.99,1000.61,454788630,0
2017-12-06,20:00:00,1000.61,1001.48,999.97,1001.23,432553747,0
2017-12-06,21:00:00,1001.22,1001.64,1000.83,1000.83,483903320,0
2017-12-06,22:00:00,1000.84,1001.14,999.8,999.8,1323949801,0
2017-12-07,16:00:00,999.74,1002.71,999.34,1002.71,557037899,0
2017-12-07,17:00:00,1002.75,1004.74,1002.15,1004.67,733848980,0
2017-12-07,18:00:00,1004.58,1005.47,1003.91,1005.18,570785909,0
2017-12-07,19:00:00,1005.18,1005.18,1004.16,1004.34,453628354,0
2017-12-07,20:00:00,1004.33,1004.33,1003.13,1003.29,417378318,0
2017-12-07,21:00:00,1003.32,1003.72,1003.17,1003.56,488156946,0
2017-12-07,22:00:00,1003.57,1004.12,1003.43,1003.9,1375018166,0
2017-12-08,16:00:00,1003.93,1007.13,1003.93,1006.6,548632400,0
2017-12-08,17:00:00,1006.6,1007.3,1005.68,1007.3,696635018,0
2017-12-08,18:00:00,1007.31,1008.16,1007.18,1007.99,558511417,0
2017-12-08,19:00:00,1008,1008.81,1007.98,1008.44,428645303,0
2017-12-08,20:00:00,1008.42,1008.65,1007.59,1007.71,397308119,0
2017-12-08,21:00:00,1007.73,1007.82,1006.77,1007.16,468430747,0
2017-12-08,22:00:00,1007.16,1007.36,1006.33,1006.88,1280125002,0
2017-12-11,16:00:00,1007.01,1008.84,1007.01,1008.61,530762408,0
2017-12-11,17:00:00,1008.69,1009.12,1007.67,1008.26,670461783,0
2017-12-11,18:00:00,1008.26,1008.84,1007.88,1008.77,506992234,0
2017-12-11,19:00:00,1008.78,1009.24,1008.6,1008.79,413763411,0
2017-12-11,20:00:00,1008.79,1008.81,1007.63,1008.18,398157760,0
2017-12-11,21:00:00,1008.17,1008.32,1007.37,1007.4,454630493,0
2017-12-11,22:00:00,1007.39,1007.43,1006.62,1007.08,1344757032,0
2017-12-12,16:00:00,1007.04,1008.7,1007.04,1008.24,585209491,0
2017-12-12,17:00:00,1008.3,1009.45,1008.29,1009.21,752959578,0
2017-12-12,18:00:00,1009.21,1009.53,1008.6,1008.6,587266307,0
2017-12-12,19:00:00,1008.59,1008.63,1007.5,1007.85,514627475,0
2017-12-12,20:00:00,1007.86,1007.92,1006.75,1006.75,443605655,0
2017-12-12,21:00:00,1006.73,1007.2,1006.51,1006.63,510425546,0
2017-12-12,22:00:00,1006.62,1006.72,1005.25,1005.25,1455356868,0
2017-12-13,16:00:00,1005.18,1009,1005.18,1008.94,571491864,0
2017-12-13,17:00:00,1008.91,1009.06,1008.24,1008.54,720165368,0
2017-12-13,18:00:00,1008.54,1009.9,1008.3,1009.9,596305688,0
2017-12-13,19:00:00,1009.92,1010.07,1008,1008.5,452086138,0
2017-12-13,20:00:00,1008.49,1008.49,1007.64,1007.95,442782326,0
2017-12-13,21:00:00,1007.85,1009.34,1007.85,1009.25,614399765,0
2017-12-13,22:00:00,1009.25,1009.35,1007.92,1008,1456966100,0
2017-12-14,16:00:00,1008.04,1009.49,1008.04,1009.35,549786396,0
2017-12-14,17:00:00,1009.35,1009.5,1007.84,1008.79,753581238,0
2017-12-14,18:00:00,1008.78,1008.83,1007.15,1008.57,586493730,0
2017-12-14,19:00:00,1008.57,1008.63,1007.04,1007.08,448254596,0
2017-12-14,20:00:00,1007.07,1007.15,1003.81,1003.81,485770372,0
2017-12-14,21:00:00,1003.8,1004.74,1002.43,1003.64,547023948,0
2017-12-14,22:00:00,1003.65,1004.24,1002.45,1002.49,1414282124,0
2017-12-15,16:00:00,1002.69,1005.85,1002.69,1005.61,1105340339,0
2017-12-15,17:00:00,1005.53,1007.56,1005.53,1007.15,808195053,0
2017-12-15,18:00:00,1007.14,1008.81,1006.99,1008.27,633212456,0
2017-12-15,19:00:00,1008.29,1009.14,1008.01,1009.02,490637980,0
2017-12-15,20:00:00,1009.03,1009.56,1008.46,1009.53,454246692,0
2017-12-15,21:00:00,1009.45,1010.96,1009.33,1010.64,572635583,0
2017-12-15,22:00:00,1010.65,1011.4,1008.58,1008.67,3517844510,0
2017-12-18,16:00:00,1008.67,1017.14,1008.67,1017.14,693628821,0
2017-12-18,17:00:00,1017.13,1017.51,1016.5,1016.9,835483995,0
2017-12-18,18:00:00,1016.92,1017.51,1016.6,1017.38,638352521,0
2017-12-18,19:00:00,1017.37,1017.79,1015.83,1015.87,532851665,0
2017-12-18,20:00:00,1015.87,1016.34,1015.75,1015.83,469683711,0
2017-12-18,21:00:00,1015.82,1016.45,1015.75,1016.45,516820598,0
2017-12-18,22:00:00,1016.44,1016.53,1015.67,1016.28,1519939729,0
2017-12-19,16:00:00,1016.23,1017.18,1015.83,1016.08,620883664,0
2017-12-19,17:00:00,1016.08,1017.01,1015.97,1016.83,772891428,0
2017-12-19,18:00:00,1016.83,1016.83,1015.24,1015.25,581339239,0
2017-12-19,19:00:00,1015.27,1015.35,1013.76,1014.26,471173498,0
2017-12-19,20:00:00,1014.26,1014.79,1014.26,1014.46,461245543,0
2017-12-19,21:00:00,1014.45,1014.55,1012.88,1013.02,529141788,0
2017-12-19,22:00:00,1013.02,1013.29,1012,1012.54,1366524048,0
2017-12-20,16:00:00,1012.54,1015.49,1012.54,1014.02,598162147,0
2017-12-20,17:00:00,1014.1,1014.52,1013.04,1013.8,728214533,0
2017-12-20,18:00:00,1013.82,1014.99,1013.82,1014.48,569091833,0
2017-12-20,19:00:00,1014.48,1015.25,1014.39,1015.1,435099589,0
2017-12-20,20:00:00,1015.08,1015.86,1015.08,1015.58,425338038,0
2017-12-20,21:00:00,1015.58,1015.63,1014.75,1014.92,500851946,0
2017-12-20,22:00:00,1014.93,1015.26,1014.63,1014.63,1311290006,0
2017-12-21,16:00:00,1014.69,1016.63,1014.69,1016.31,531271745,0
2017-12-21,17:00:00,1016.25,1019.09,1016.25,1019.09,736477912,0
2017-12-21,18:00:00,1018.94,1020.15,1018.78,1020.08,600423579,0
2017-12-21,19:00:00,1020.06,1020.13,1019.39,1019.75,454908950,0
2017-12-21,20:00:00,1019.87,1020.13,1019.68,1019.7,432969135,0
2017-12-21,21:00:00,1019.71,1019.93,1019.18,1019.57,509248348,0
2017-12-21,22:00:00,1019.58,1019.88,1018.48,1018.73,1319012582,0
2017-12-22,16:00:00,1018.58,1018.6,1016.72,1017.59,485490250,0
2017-12-22,17:00:00,1017.58,1018.28,1016.77,1018,568669458,0
2017-12-22,18:00:00,1017.99,1018.34,1017.79,1017.87,432587481,0
2017-12-22,19:00:00,1017.87,1018.21,1017.73,1018,338343853,0
2017-12-22,20:00:00,1018,1018.63,1017.98,1018.58,325836884,0
2017-12-22,21:00:00,1018.58,1019,1018.16,1018.6,354148150,0
2017-12-22,22:00:00,1018.6,1018.77,1017.84,1018.41,1014295561,0
2017-12-26,16:00:00,1018.41,1019.96,1018.41,1019.69,378086991,0
2017-12-26,17:00:00,1019.8,1020.38,1019.56,1019.82,460572446,0
2017-12-26,18:00:00,1019.81,1020.7,1019.7,1020.7,359088486,0
2017-12-26,19:00:00,1020.7,1020.89,1020.27,1020.39,300346779,0
2017-12-26,20:00:00,1020.38,1020.93,1020.38,1020.57,280797397,0
2017-12-26,21:00:00,1020.57,1020.8,1020.35,1020.55,321273339,0
2017-12-26,22:00:00,1020.51,1020.68,1019.73,1019.95,919961052,0
2017-12-27,16:00:00,1019.97,1022.62,1019.97,1022.51,393384656,0
2017-12-27,17:00:00,1022.51,1023.27,1022.34,1022.81,507779779,0
2017-12-27,18:00:00,1022.81,1023.15,1022.68,1023.03,373727483,0
2017-12-27,19:00:00,1023.03,1023.07,1021.77,1021.77,309689070,0
2017-12-27,20:00:00,1021.76,1021.76,1020.3,1020.84,295962945,0
2017-12-27,21:00:00,1020.86,1021.19,1020.81,1021.05,323310538,0
2017-12-27,22:00:00,1021.06,1021.25,1020.22,1020.76,926207505,0
2017-12-28,16:00:00,1020.81,1021.61,1020.6,1020.7,392597195,0
2017-12-28,17:00:00,1020.71,1020.75,1019.94,1020.19,484998982,0
2017-12-28,18:00:00,1020.19,1021.17,1019.98,1021.16,386320095,0
2017-12-28,19:00:00,1021.16,1021.58,1020.96,1021.31,302990980,0
2017-12-28,20:00:00,1021.32,1021.65,1021.05,1021.23,300866173,0
2017-12-28,21:00:00,1021.24,1021.79,1021.1,1021.74,337441800,0
2017-12-28,22:00:00,1021.73,1022.29,1021.52,1022.08,931299645,0
2017-12-29,16:00:00,1022.08,1023.72,1021.78,1021.95,399602394,0
2017-12-29,17:00:00,1021.95,1022.64,1021.73,1022.5,515251907,0
2017-12-29,18:00:00,1022.5,1022.54,1021.98,1022.13,410657383,0
2017-12-29,19:00:00,1022.14,1022.81,1022.14,1022.35,324758620,0
2017-12-29,20:00:00,1022.34,1022.88,1021.73,1021.75,310280502,0
2017-12-29,21:00:00,1021.74,1021.79,1020.76,1020.91,340196845,0
2017-12-29,22:00:00,1020.9,1021.42,1019.21,1019.34,1320927514,0
2018-01-02,16:00:00,1019.39,1024.77,1019.39,1024.77,579399829,0
2018-01-02,17:00:00,1024.77,1027.4,1024.77,1027.17,767774204,0
2018-01-02,18:00:00,1027.18,1027.57,1026.02,1026.64,557437179,0
2018-01-02,19:00:00,1026.64,1027.3,1026.63,1026.89,451136855,0
2018-01-02,20:00:00,1026.9,1027.5,1026.9,1027.31,436123970,0
2018-01-02,21:00:00,1027.3,1027.69,1026.98,1027.58,527082725,0
2018-01-02,22:00:00,1027.59,1029.66,1027.46,1029.02,1398001474,0
2018-01-03,16:00:00,1029.03,1031.63,1029.03,1031.62,676330191,0
2018-01-03,17:00:00,1031.63,1032.47,1031.42,1031.76,837601591,0
2018-01-03,18:00:00,1031.67,1032.18,1031.1,1031.21,628130664,0
2018-01-03,19:00:00,1031.11,1032.38,1031.09,1032.12,510133058,0
2018-01-03,20:00:00,1032.13,1032.71,1032.07,1032.41,479471411,0
2018-01-03,21:00:00,1032.41,1033.28,1032.26,1033.22,579249773,0
2018-01-03,22:00:00,1033.33,1034.07,1033.24,1033.54,1412797505,0
2018-01-04,16:00:00,1034.14,1037.61,1034.14,1035.9,755800605,0
2018-01-04,17:00:00,1035.89,1035.93,1034.75,1035.3,855794638,0
2018-01-04,18:00:00,1035.29,1035.32,1034.37,1034.82,633568489,0
2018-01-04,19:00:00,1034.84,1036.46,1034.84,1036.34,509395472,0
2018-01-04,20:00:00,1036.33,1037.81,1036.31,1037.77,482500100,0
2018-01-04,21:00:00,1037.77,1038.47,1037.65,1038.4,545880274,0
2018-01-04,22:00:00,1038.41,1038.57,1037.65,1037.67,1460242487,0
2018-01-05,16:00:00,1038.14,1040.19,1038.14,1039.92,643217278,0
2018-01-05,17:00:00,1039.8,1040.06,1039.06,1039.64,800425248,0
2018-01-05,18:00:00,1039.61,1040.43,1039.55,1040.06,602839797,0
2018-01-05,19:00:00,1040.06,1040.16,1038.89,1039.14,467092812,0
2018-01-05,20:00:00,1039.14,1039.79,1038.89,1039.59,412191649,0
2018-01-05,21:00:00,1039.6,1040.28,1039.6,1040,489613381,0
2018-01-05,22:00:00,1040.01,1041.48,1039.96,1041.48,1367932146,0
2018-01-08,16:00:00,1041.46,1042.54,1038.98,1038.98,644504181,0
2018-01-08,17:00:00,1038.95,1039.84,1038.1,1038.44,772574303,0
2018-01-08,18:00:00,1038.45,1038.78,1038.35,1038.65,562715358,0
2018-01-08,19:00:00,1038.66,1039.76,1038.66,1039.76,448602055,0
2018-01-08,20:00:00,1039.76,1041.08,1039.76,1041.07,447372799,0
2018-01-08,21:00:00,1041.09,1041.74,1041.09,1041.66,503569438,0
2018-01-08,22:00:00,1041.64,1041.69,1041.14,1041.2,1377477286,0
2018-01-09,16:00:00,1041.2,1042.7,1041.2,1041.24,708339445,0
2018-01-09,17:00:00,1041.24,1041.25,1039.38,1039.8,839266436,0
2018-01-09,18:00:00,1039.81,1040.59,1039.77,1040.47,597763927,0
2018-01-09,19:00:00,1040.47,1041.19,1040.32,1041.15,479151120,0
2018-01-09,20:00:00,1041.15,1041.66,1041.13,1041.66,460358019,0
2018-01-09,21:00:00,1041.66,1041.87,1041.24,1041.37,585806725,0
2018-01-09,22:00:00,1041.37,1041.54,1040.11,1040.27,1450664627,0
2018-01-10,16:00:00,1040.17,1040.17,1037.55,1038.11,671044029,0
2018-01-10,17:00:00,1038.28,1039.09,1037.8,1038.54,848583260,0
2018-01-10,18:00:00,1038.54,1039.8,1038.54,1039.74,645564328,0
2018-01-10,19:00:00,1039.75,1040.93,1039.71,1040.93,494986880,0
2018-01-10,20:00:00,1040.93,1041.65,1040.79,1041.6,473564778,0
2018-01-10,21:00:00,1041.6,1041.72,1040.13,1040.17,615493421,0
2018-01-10,22:00:00,1040.18,1040.67,1040.08,1040.67,1346865332,0
2018-01-11,16:00:00,1040.89,1044.9,1040.89,1044.8,632633687,0
2018-01-11,17:00:00,1044.81,1048.04,1044.78,1048.04,867035572,0
2018-01-11,18:00:00,1047.95,1049.06,1047.95,1048.99,660226117,0
2018-01-11,19:00:00,1048.99,1050.52,1048.66,1050.52,529986556,0
2018-01-11,20:00:00,1050.53,1050.71,1049.97,1050.1,474509812,0
2018-01-11,21:00:00,1050.11,1051.35,1049.96,1051.34,557111970,0
2018-01-11,22:00:00,1051.34,1051.6,1050.75,1051.6,1420267456,0
2018-01-12,16:00:00,1051.57,1053.48,1051.57,1053.1,658053168,0
2018-01-12,17:00:00,1053.11,1054.2,1052.68,1054.2,834520580,0
2018-01-12,18:00:00,1054.16,1055.22,1053.67,1054.79,608107110,0
2018-01-12,19:00:00,1054.81,1054.98,1053.7,1054.11,487432002,0
2018-01-12,20:00:00,1054.01,1054.19,1053.42,1053.65,463268503,0
2018-01-12,21:00:00,1053.63,1053.8,1053.29,1053.66,538144100,0
2018-01-12,22:00:00,1053.64,1054.15,1053.14,1054.14,1450681792,0
2018-01-16,16:00:00,1054.48,1058.18,1054.48,1058.02,802840510,0
2018-01-16,17:00:00,1058.05,1058.68,1057.03,1057.04,965527814,0
2018-01-16,18:00:00,1057.02,1057.02,1054.64,1054.64,720152452,0
2018-01-16,19:00:00,1054.61,1054.74,1052.1,1052.1,565760829,0
2018-01-16,20:00:00,1052.09,1052.17,1050.27,1050.27,515784888,0
2018-01-16,21:00:00,1050.25,1050.27,1045.03,1046.12,751823229,0
2018-01-16,22:00:00,1046.1,1047.69,1045.64,1046.46,1597709222,0
2018-01-17,16:00:00,1046.71,1049.4,1046.71,1047.26,666386681,0
2018-01-17,17:00:00,1047.17,1048,1046.97,1047.65,911432027,0
2018-01-17,18:00:00,1047.56,1048.11,1047.1,1047.46,656285733,0
2018-01-17,19:00:00,1047.47,1049.35,1047.47,1049.35,524745185,0
2018-01-17,20:00:00,1049.46,1049.74,1049.06,1049.51,503178897,0
2018-01-17,21:00:00,1049.51,1051.53,1049.5,1051.47,605818175,0
2018-01-17,22:00:00,1051.38,1051.65,1050.02,1050.69,1517397650,0
2018-01-18,16:00:00,1050.69,1050.75,1047.76,1048.72,654875485,0
2018-01-18,17:00:00,1048.72,1048.85,1046.91,1046.91,807898107,0
2018-01-18,18:00:00,1046.9,1048.57,1046.9,1048.03,632105418,0
2018-01-18,19:00:00,1048.03,1048.55,1047.91,1048.21,483010851,0
2018-01-18,20:00:00,1048.21,1048.38,1047.89,1048.23,459612106,0
2018-01-18,21:00:00,1048.22,1048.8,1048.17,1048.38,520839724,0
2018-01-18,22:00:00,1048.38,1048.51,1046.6,1046.74,1471589389,0
2018-01-19,16:00:00,1046.77,1047.88,1046.62,1046.97,752929118,0
2018-01-19,17:00:00,1046.97,1049.33,1046.63,1049.01,812435677,0
2018-01-19,18:00:00,1049.02,1050.07,1048.5,1049.85,584102657,0
2018-01-19,19:00:00,1049.95,1051,1049.86,1050.76,438264377,0
2018-01-19,20:00:00,1050.87,1051.25,1050.58,1051.19,422044805,0
2018-01-19,21:00:00,1051.19,1052.76,1051.19,1052.52,522467224,0
2018-01-19,22:00:00,1052.5,1053.13,1052.18,1053.05,1570633764,0
2018-01-22,16:00:00,1053,1054.55,1053,1054.07,652557978,0
2018-01-22,17:00:00,1054.06,1055.37,1053.87,1054.38,810008551,0
2018-01-22,18:00:00,1054.35,1054.68,1054.05,1054.68,632493228,0
2018-01-22,19:00:00,1054.7,1056.11,1054.69,1055.51,497341485,0
2018-01-22,20:00:00,1055.52,1055.94,1055.38,1055.94,427843363,0
2018-01-22,21:00:00,1055.86,1056.02,1055.31,1055.76,484840601,0
2018-01-22,22:00:00,1055.76,1057.59,1055.74,1057.59,1447112708,0
2018-01-23,16:00:00,1057.57,1058.55,1057.03,1057.03,711826172,0
2018-01-23,17:00:00,1057.02,1058.01,1056.24,1057.92,850546900,0
2018-01-23,18:00:00,1058.01,1058.7,1057.82,1058.44,616385957,0
2018-01-23,19:00:00,1058.35,1058.75,1058.32,1058.57,477624641,0
2018-01-23,20:00:00,1058.58,1059.5,1058.57,1059.2,461268700,0
2018-01-23,21:00:00,1059.2,1060.72,1058.78,1060.57,554993352,0
2018-01-23,22:00:00,1060.57,1060.6,1059.86,1060.24,1359524603,0
2018-01-24,16:00:00,1060.71,1063.66,1060.71,1063.28,706559268,0
2018-01-24,17:00:00,1063.27,1063.53,1061.52,1061.71,907142904,0
2018-01-24,18:00:00,1061.7,1062.05,1057.47,1057.98,778693177,0
2018-01-24,19:00:00,1057.98,1058.07,1056.5,1057.02,528713501,0
2018-01-24,20:00:00,1057.03,1058.93,1055.89,1058.58,611406070,0
2018-01-24,21:00:00,1058.67,1059.53,1058.02,1059.14,579299929,0
2018-01-24,22:00:00,1059.14,1059.22,1058.08,1058.09,1463810240,0
2018-01-25,16:00:00,1058.1,1061.34,1057.69,1057.7,611197441,0
2018-01-25,17:00:00,1057.78,1058.36,1057.01,1057.33,789024602,0
2018-01-25,18:00:00,1057.35,1059.24,1057.25,1059.17,653549145,0
2018-01-25,19:00:00,1059.18,1059.41,1058.49,1058.76,504653478,0
2018-01-25,20:00:00,1058.75,1059.52,1058.35,1059.37,482501596,0
2018-01-25,21:00:00,1059.27,1059.4,1056.11,1056.58,683454729,0
2018-01-25,22:00:00,1056.59,1057.95,1056.05,1057.93,1407192634,0
2018-01-26,16:00:00,1057.92,1060.58,1057.92,1059.37,634631750,0
2018-01-26,17:00:00,1059.35,1059.97,1058.78,1058.95,811438198,0
2018-01-26,18:00:00,1058.95,1059.46,1058.47,1058.62,589615782,0
2018-01-26,19:00:00,1058.63,1059.11,1058.22,1059,467992322,0
2018-01-26,20:00:00,1059,1059.55,1059,1059.32,464573299,0
2018-01-26,21:00:00,1059.32,1059.66,1059.01,1059.25,521116227,0
2018-01-26,22:00:00,1059.26,1061.11,1059.18,1061.11,1407831427,0
2018-01-29,16:00:00,1061.11,1061.11,1057.6,1058.35,670960104,0
2018-01-29,17:00:00,1058.47,1058.48,1056.11,1056.32,827245985,0
2018-01-29,18:00:00,1056.31,1056.32,1054.56,1054.7,673561644,0
2018-01-29,19:00:00,1054.69,1055.74,1054.48,1055.68,470107744,0
2018-01-29,20:00:00,1055.68,1056.26,1055.32,1055.43,440366873,0
2018-01-29,21:00:00,1055.43,1055.76,1054.97,1055.31,524518911,0
2018-01-29,22:00:00,1055.31,1055.47,1052.54,1052.57,1407585916,0
2018-01-30,16:00:00,1052.21,1052.21,1043.64,1043.92,734722534,0
2018-01-30,17:00:00,1043.88,1045.7,1042.29,1045.68,884788741,0
2018-01-30,18:00:00,1045.68,1045.82,1044.13,1044.19,658950722,0
2018-01-30,19:00:00,1044.07,1044.1,1042.96,1043.01,502424824,0
2018-01-30,20:00:00,1043.03,1043.49,1041.51,1043.36,527939480,0
2018-01-30,21:00:00,1043.35,1043.52,1041.79,1042.23,548128803,0
2018-01-30,22:00:00,1042.23,1043.31,1042.12,1042.2,1435624793,0
2018-01-31,16:00:00,1042.21,1046.9,1042.21,1045.33,689129009,0
2018-01-31,17:00:00,1045.43,1045.43,1042.12,1042.18,873064865,0
2018-01-31,18:00:00,1042.2,1042.33,1041.02,1041.18,628359731,0
2018-01-31,19:00:00,1041.17,1041.67,1040.99,1041.26,484511698,0
2018-01-31,20:00:00,1041.26,1042.25,1041.21,1041.63,466212037,0
2018-01-31,21:00:00,1041.62,1042.22,1037.86,1038.81,745848945,0
2018-01-31,22:00:00,1038.81,1040.57,1038.01,1039.52,1897606248,0
2018-02-01,16:00:00,1039.5,1039.5,1036.99,1038.62,721364024,0
2018-02-01,17:00:00,1038.57,1039.39,1037.37,1037.39,888784113,0
2018-02-01,18:00:00,1037.41,1038.85,1036.45,1038.85,722598278,0
2018-02-01,19:00:00,1038.85,1039.82,1038.59,1039.69,511589322,0
2018-02-01,20:00:00,1039.7,1040.72,1039.05,1039.13,508419553,0
2018-02-01,21:00:00,1039.12,1039.25,1037.34,1038.63,578617172,0
2018-02-01,22:00:00,1038.64,1038.81,1036.45,1038.13,1517701018,0
2018-02-02,16:00:00,1038.13,1038.13,1028.41,1028.41,762933897,0
2018-02-02,17:00:00,1028.41,1028.42,1025.42,1026.98,799132701,0
2018-02-02,18:00:00,1026.99,1027.04,1024.9,1024.9,703575603,0
2018-02-02,19:00:00,1024.85,1026.75,1024.37,1025.92,510499071,0
2018-02-02,20:00:00,1025.91,1026.03,1024.51,1024.76,529599950,0
2018-02-02,21:00:00,1024.71,1024.71,1021.1,1021.18,714455108,0
2018-02-02,22:00:00,1021.2,1021.82,1019.46,1019.55,1801912538,0
2018-02-05,16:00:00,1019.53,1019.53,1011.82,1013.93,758411964,0
2018-02-05,17:00:00,1013.95,1017.74,1013.84,1017.3,833527568,0
2018-02-05,18:00:00,1017.37,1017.61,1015.01,1015.7,631144824,0
2018-02-05,19:00:00,1015.7,1015.7,1013.06,1013.07,562415793,0
2018-02-05,20:00:00,1013.16,1013.16,1008.65,1010.71,704930742,0
2018-02-05,21:00:00,1010.72,1010.76,1002.11,1002.11,840570735,0
2018-02-05,22:00:00,1002,1002,993.58,993.59,2539255275,0
2018-02-06,16:00:00,992.77,996.78,980.6,994.84,978952539,0
2018-02-06,17:00:00,994.98,997.53,988.39,990.51,1176789579,0
2018-02-06,18:00:00,990.45,990.45,986.77,989.57,882908056,0
2018-02-06,19:00:00,989.57,994.63,989.57,992.82,734905513,0
2018-02-06,20:00:00,992.8,992.8,989.55,989.69,655662765,0
2018-02-06,21:00:00,989.64,996.3,989.33,996.3,815234296,0
2018-02-06,22:00:00,996.25,1001.24,996.25,999.57,2059968304,0
2018-02-07,16:00:00,999.57,1002.83,998.91,1002.66,685351436,0
2018-02-07,17:00:00,1002.61,1004.05,1001.3,1003.84,823603017,0
2018-02-07,18:00:00,1003.75,1005.1,1002.26,1002.91,719238047,0
2018-02-07,19:00:00,1002.92,1004.05,1002.22,1002.22,579916636,0
2018-02-07,20:00:00,1002.21,1002.48,999.24,1000.83,676333218,0
2018-02-07,21:00:00,1000.94,1002.37,999.19,1000.18,662161389,0
2018-02-07,22:00:00,1000.2,1003.11,999.64,999.64,1641908719,0
2018-02-08,16:00:00,999.64,1000.96,997.02,998.78,614855666,0
2018-02-08,17:00:00,998.73,998.89,993.36,993.86,773765280,0
2018-02-08,18:00:00,993.81,994.26,989.8,991.07,808935816,0
2018-02-08,19:00:00,991.03,991.13,984.34,985.14,771919297,0
2018-02-08,20:00:00,985.12,989.83,984.13,989.2,759767180,0
2018-02-08,21:00:00,989.18,989.27,985.81,986.35,700908368,0
2018-02-08,22:00:00,986.35,987.13,978.32,978.36,2009826534,0
2018-02-09,16:00:00,978.37,984.18,978.37,982.67,674138935,0
2018-02-09,17:00:00,982.58,982.96,973.58,974.67,905211350,0
2018-02-09,18:00:00,974.71,976.39,970.94,970.95,789278618,0
2018-02-09,19:00:00,970.99,970.99,961.63,964.84,1018124634,0
2018-02-09,20:00:00,964.78,967.1,960.67,966.4,900526088,0
2018-02-09,21:00:00,966.38,975.76,966.35,973.34,1033199980,0
2018-02-09,22:00:00,973.26,981.51,970.95,978.95,2041723463,0
2018-02-12,16:00:00,978.96,985.53,978.96,982.83,667697497,0
2018-02-12,17:00:00,982.83,983.63,978.89,981.46,808130842,0
2018-02-12,18:00:00,981.56,985.5,980.45,985.5,607990338,0
2018-02-12,19:00:00,985.56,987.5,985.34,986.74,530611221,0
2018-02-12,20:00:00,986.76,989.93,986.16,989.7,450198642,0
2018-02-12,21:00:00,989.69,990.79,988.83,989.37,568993110,0
2018-02-12,22:00:00,989.38,990.98,987.54,987.85,1580283173,0
2018-02-13,16:00:00,987.77,987.77,985.09,985.16,528905589,0
2018-02-13,17:00:00,985.21,988.02,984.91,987.96,676608072,0
2018-02-13,18:00:00,987.95,987.95,986.55,987.46,559515043,0
2018-02-13,19:00:00,987.44,987.55,986.51,987.12,415984241,0
2018-02-13,20:00:00,987.13,989.05,987.06,988.64,464711778,0
2018-02-13,21:00:00,988.65,990.09,988.63,989.82,483826464,0
2018-02-13,22:00:00,989.82,990.94,989.09,990.13,1390388942,0
2018-02-14,16:00:00,990.13,990.25,986.47,989.43,569416388,0
2018-02-14,17:00:00,989.51,995.57,988.93,994.42,787170554,0
2018-02-14,18:00:00,994.52,995.9,993.76,995.19,600554074,0
2018-02-14,19:00:00,995.18,996.66,995.18,996.51,505265709,0
2018-02-14,20:00:00,996.5,999.65,996.46,999.53,575482803,0
2018-02-14,21:00:00,999.53,1000.67,999.45,1000.1,634388127,0
2018-02-14,22:00:00,1000.09,1001.58,1000,1001.03,1573745761,0
2018-02-15,16:00:00,1001.67,1004.72,1001.67,1004.11,705072715,0
2018-02-15,17:00:00,1004.04,1004.28,999.89,999.89,847104239,0
2018-02-15,18:00:00,999.9,1001.76,998.69,1001.46,615243045,0
2018-02-15,19:00:00,1001.58,1002.71,1001.42,1002.67,458800829,0
2018-02-15,20:00:00,1002.68,1003.7,1002.68,1003.46,489194083,0
2018-02-15,21:00:00,1003.48,1005.56,1003.47,1005.5,525790648,0
2018-02-15,22:00:00,1005.5,1006.68,1005.2,1006.68,1408384614,0
2018-02-16,16:00:00,1006.39,1008.39,1005.03,1007.71,579823557,0
2018-02-16,17:00:00,1007.68,1009.68,1007.26,1009.26,717951503,0
2018-02-16,18:00:00,1009.24,1011.33,1009.24,1011.32,615498908,0
2018-02-16,19:00:00,1011.2,1011.76,1010.01,1010.48,562870528,0
2018-02-16,20:00:00,1010.39,1010.7,1007.46,1008.34,514066865,0
2018-02-16,21:00:00,1008.35,1008.78,1006.34,1008.25,539573861,0
2018-02-16,22:00:00,1008.27,1008.8,1007.56,1007.57,1341632312,0
2018-02-20,16:00:00,1007.57,1008.49,1006.05,1007.66,566374320,0
2018-02-20,17:00:00,1007.67,1008.52,1005.85,1005.87,748722737,0
2018-02-20,18:00:00,1005.98,1008.64,1005.85,1008.55,580696927,0
2018-02-20,19:00:00,1008.56,1008.91,1007.81,1008.04,425595383,0
2018-02-20,20:00:00,1008.01,1008.01,1005.52,1005.99,427869838,0
2018-02-20,21:00:00,1006.05,1006.41,1003.51,1003.61,505755559,0
2018-02-20,22:00:00,1003.58,1003.92,1001.09,1002.41,1404249728,0
2018-02-21,16:00:00,1002.43,1005.69,1002.43,1005.69,560585082,0
2018-02-21,17:00:00,1005.69,1008.12,1005.33,1007.81,767872934,0
2018-02-21,18:00:00,1007.85,1008.71,1007.6,1007.73,574547936,0
2018-02-21,19:00:00,1007.72,1007.89,1006.91,1007.76,459685214,0
2018-02-21,20:00:00,1007.77,1008.47,1007.53,1008.08,422087390,0
2018-02-21,21:00:00,1008.06,1010.35,1007.46,1007.48,661404177,0
2018-02-21,22:00:00,1007.47,1007.5,1001.27,1001.39,1551923360,0
2018-02-22,16:00:00,1001.39,1004.3,1001.38,1002.78,620679576,0
2018-02-22,17:00:00,1002.83,1004.62,1002.83,1003.59,766396987,0
2018-02-22,18:00:00,1003.47,1006.74,1003.47,1006.47,616264545,0
2018-02-22,19:00:00,1006.45,1006.69,1004.61,1004.76,482673748,0
2018-02-22,20:00:00,1004.77,1005.07,1001.56,1002.37,497370467,0
2018-02-22,21:00:00,1002.36,1003.34,1000.87,1000.87,494402164,0
2018-02-22,22:00:00,1000.87,1001.51,999.68,1000.07,1388486938,0
2018-02-23,16:00:00,1000.08,1004.1,1000.08,1003.73,526658770,0
2018-02-23,17:00:00,1003.79,1003.92,1001.41,1001.86,682953655,0
2018-02-23,18:00:00,1001.87,1003.46,1001.67,1003.46,555761522,0
2018-02-23,19:00:00,1003.47,1004.36,1003.28,1003.92,446733574,0
2018-02-23,20:00:00,1003.92,1004.86,1003.58,1004.86,396558912,0
2018-02-23,21:00:00,1004.86,1006.51,1004.59,1006.28,496327837,0
2018-02-23,22:00:00,1006.28,1008.23,1006.28,1008.23,1348266230,0
2018-02-26,16:00:00,1008.25,1011.8,1008.25,1009.64,621017089,0
2018-02-26,17:00:00,1009.63,1009.82,1007.87,1008.47,700238794,0
2018-02-26,18:00:00,1008.54,1009.78,1008.37,1009.42,534048413,0
2018-02-26,19:00:00,1009.42,1011.65,1009.38,1011.65,455762706,0
2018-02-26,20:00:00,1011.65,1012.12,1011.38,1012.1,432066005,0
2018-02-26,21:00:00,1012.11,1012.53,1011.69,1011.84,513063702,0
2018-02-26,22:00:00,1011.86,1013.7,1011.81,1012.87,1417079371,0
2018-02-27,16:00:00,1012.85,1013.8,1012.09,1012.34,630400629,0
2018-02-27,17:00:00,1012.36,1013.17,1008.26,1008.66,829208810,0
2018-02-27,18:00:00,1008.74,1009.12,1005.89,1005.98,656216953,0
2018-02-27,19:00:00,1005.98,1007.1,1004.79,1007.07,507614716,0
2018-02-27,20:00:00,1007.1,1007.32,1005.88,1006.12,437735771,0
2018-02-27,21:00:00,1006.1,1006.2,1004.43,1005.15,540778888,0
2018-02-27,22:00:00,1005.14,1005.19,1001.93,1001.93,1540462160,0
2018-02-28,16:00:00,1001.97,1004.24,1001.97,1003.04,660072673,0
2018-02-28,17:00:00,1003.05,1003.06,999.42,999.63,867600290,0
2018-02-28,18:00:00,999.67,999.99,998.61,999.77,611811113,0
2018-02-28,19:00:00,999.79,1002.24,999.79,1001.81,489146598,0
2018-02-28,20:00:00,1001.81,1001.9,1000.45,1001.28,475618671,0
2018-02-28,21:00:00,1001.29,1001.86,997.85,997.85,590803759,0
2018-02-28,22:00:00,997.87,998.1,992.77,992.77,1953461016,0
2018-03-01,16:00:00,992.79,993.16,989.3,989.64,642685757,0
2018-03-01,17:00:00,989.62,994.92,989.54,992.31,788866806,0
2018-03-01,18:00:00,992.31,995.7,991.98,995.57,594448832,0
2018-03-01,19:00:00,995.57,995.6,992.98,993.08,581064277,0
2018-03-01,20:00:00,993.13,993.13,987.99,987.99,670839272,0
2018-03-01,21:00:00,987.96,988.35,985.05,988.35,831070190,0
2018-03-01,22:00:00,988.34,991.06,987.69,989.22,1679337910,0
2018-03-02,16:00:00,989.21,989.21,983,984.15,636446646,0
2018-03-02,17:00:00,984.18,987.48,984.18,987.05,743185698,0
2018-03-02,18:00:00,987.05,992.02,986.88,992.02,659212080,0
2018-03-02,19:00:00,992.04,995.43,991.71,995.42,579035712,0
2018-03-02,20:00:00,995.26,995.26,992.79,994.24,512182603,0
2018-03-02,21:00:00,994.23,996.13,994.23,995.51,546508906,0
2018-03-02,22:00:00,995.47,998.42,994.41,998.08,1516558822,0
2018-03-05,16:00:00,997.74,998.2,995.59,997.01,472041240,0
2018-03-05,17:00:00,997.02,1000.1,996.41,1000.1,679912142,0
2018-03-05,18:00:00,1000.12,1003.49,1000.12,1003.41,622633335,0
2018-03-05,19:00:00,1003.3,1004.21,1002.72,1004.13,490918297,0
2018-03-05,20:00:00,1004.14,1005.05,1004.01,1004.39,464064477,0
2018-03-05,21:00:00,1004.39,1005.39,1003.14,1005.37,532709823,0
2018-03-05,22:00:00,1005.36,1006.48,1004.85,1004.97,1548903749,0
2018-03-06,16:00:00,1004.98,1007.95,1004.98,1007.52,563751636,0
2018-03-06,17:00:00,1007.5,1007.96,1004.2,1004.33,738260882,0
2018-03-06,18:00:00,1004.31,1006.48,1004.18,1006.48,520097293,0
2018-03-06,19:00:00,1006.48,1009.48,1006.4,1009.39,483275181,0
2018-03-06,20:00:00,1009.4,1009.88,1008.35,1008.79,472007896,0
2018-03-06,21:00:00,1008.79,1010.43,1008.66,1010.19,481134538,0
2018-03-06,22:00:00,1010.19,1010.93,1009.6,1009.71,1466241551,0
2018-03-07,16:00:00,1009.6,1009.6,1005.51,1008.33,587013654,0
2018-03-07,17:00:00,1008.29,1011.95,1008.17,1011.94,769577106,0
2018-03-07,18:00:00,1011.94,1011.94,1009.2,1009.2,595082739,0
2018-03-07,19:00:00,1009.15,1010.22,1008.17,1010.1,511985587,0
2018-03-07,20:00:00,1010.08,1010.62,1008.85,1010.43,459122721,0
2018-03-07,21:00:00,1010.44,1012.21,1010.25,1011.91,513278157,0
2018-03-07,22:00:00,1011.94,1014.28,1011.94,1012.44,1489932435,0
2018-03-08,16:00:00,1012.46,1015.07,1012.46,1013.28,509868484,0
2018-03-08,17:00:00,1013.27,1013.47,1011.8,1012.06,749007832,0
2018-03-08,18:00:00,1012.06,1013.16,1011.89,1012.76,633059055,0
2018-03-08,19:00:00,1012.76,1012.88,1010.94,1012.37,486970808,0
2018-03-08,20:00:00,1012.36,1012.75,1011.03,1011.65,438639073,0
2018-03-08,21:00:00,1011.66,1012.94,1011.08,1012.85,499267471,0
2018-03-08,22:00:00,1012.86,1014.2,1012.67,1013.63,1390309728,0
2018-03-09,16:00:00,1013.63,1017.46,1013.63,1016.68,649845029,0
2018-03-09,17:00:00,1016.69,1018.14,1016.69,1018.06,813425123,0
2018-03-09,18:00:00,1018.07,1019.92,1017.78,1019.81,636786557,0
2018-03-09,19:00:00,1019.82,1020.67,1019.82,1020.46,492182693,0
2018-03-09,20:00:00,1020.46,1020.71,1020.17,1020.55,445515920,0
2018-03-09,21:00:00,1020.57,1021.9,1020.52,1021.79,539674787,0
2018-03-09,22:00:00,1021.79,1022.5,1021.43,1022.5,1497519065,0
2018-03-12,15:00:00,1022.49,1025.42,1022.49,1024.64,616125538,0
2018-03-12,16:00:00,1024.55,1025.37,1023.64,1023.99,818066834,0
2018-03-12,17:00:00,1023.98,1024.2,1022.43,1023.67,607578499,0
2018-03-12,18:00:00,1023.68,1025.01,1023.68,1024.63,460696726,0
2018-03-12,19:00:00,1024.62,1026.01,1024.61,1024.77,451461822,0
2018-03-12,20:00:00,1024.77,1025.19,1024.31,1024.77,505723968,0
2018-03-12,21:00:00,1024.77,1026.1,1024.74,1025.41,1422053478,0
2018-03-13,15:00:00,1025.41,1028.4,1025.41,1027.33,606766869,0
2018-03-13,16:00:00,1027.22,1027.99,1025.71,1025.77,822841587,0
2018-03-13,17:00:00,1025.76,1025.84,1023.67,1024.22,655759588,0
2018-03-13,18:00:00,1024.2,1024.74,1022.24,1024.58,527754436,0
2018-03-13,19:00:00,1024.57,1025.28,1023.77,1023.88,458157328,0
2018-03-13,20:00:00,1023.87,1023.99,1022.48,1022.87,509851715,0
2018-03-13,21:00:00,1022.84,1023.03,1020.93,1021.55,1468534997,0
2018-03-14,15:00:00,1021.56,1024.06,1021.56,1022.13,564642182,0
2018-03-14,16:00:00,1022.17,1023.13,1020.34,1020.73,736439347,0
2018-03-14,17:00:00,1020.71,1020.8,1017.83,1018.34,659339614,0
2018-03-14,18:00:00,1018.33,1019.33,1017.98,1019,484992630,0
2018-03-14,19:00:00,1019.01,1020.83,1018.09,1020.35,450819051,0
2018-03-14,20:00:00,1020.35,1020.37,1018.23,1019.34,511290225,0
2018-03-14,21:00:00,1019.32,1019.35,1018.03,1018.55,1436394928,0
2018-03-15,15:00:00,1018.55,1019.84,1017.62,1017.8,530371566,0
2018-03-15,16:00:00,1017.79,1018.44,1016.99,1017.5,718535131,0
2018-03-15,17:00:00,1017.48,1018.42,1015.51,1015.71,703019217,0
2018-03-15,18:00:00,1015.69,1016.21,1014.52,1014.87,547747995,0
2018-03-15,19:00:00,1014.85,1015.1,1013.84,1013.9,464058691,0
2018-03-15,20:00:00,1013.85,1013.85,1012.59,1013.38,526461575,0
2018-03-15,21:00:00,1013.39,1013.82,1013.19,1013.69,1410014405,0
2018-03-16,15:00:00,1013.69,1014.63,1013.69,1013.87,881211019,0
2018-03-16,16:00:00,1013.87,1017.29,1013.86,1017.19,682694902,0
2018-03-16,17:00:00,1017.18,1018.31,1016.44,1017.7,576365518,0
2018-03-16,18:00:00,1017.69,1018.81,1017.35,1018.8,455265574,0
2018-03-16,19:00:00,1018.81,1018.94,1017.14,1017.17,400613972,0
2018-03-16,20:00:00,1017.22,1017.49,1016.79,1017.32,458434090,0
2018-03-16,21:00:00,1017.36,1018.82,1017.02,1018.55,3247611609,0
2018-03-19,15:00:00,1018.54,1018.54,1013.47,1014.3,544794626,0
2018-03-19,16:00:00,1014.29,1014.36,1010.6,1010.72,717964537,0
2018-03-19,17:00:00,1010.73,1010.75,1007.8,1007.89,629163368,0
2018-03-19,18:00:00,1007.88,1008.41,1006.62,1007.19,519167823,0
2018-03-19,19:00:00,1007.18,1007.19,1004.91,1007.19,505077869,0
2018-03-19,20:00:00,1007.3,1007.9,1005.99,1007.3,521630090,0
2018-03-19,21:00:00,1007.3,1010.31,1006.78,1009.96,1487854894,0
2018-03-20,15:00:00,1009.97,1011.33,1009.97,1010.22,548976870,0
2018-03-20,16:00:00,1010.19,1010.84,1008.85,1009.16,741079324,0
2018-03-20,17:00:00,1009.2,1009.55,1007.93,1008.26,597287694,0
2018-03-20,18:00:00,1008.26,1008.96,1008.14,1008.36,484313823,0
2018-03-20,19:00:00,1008.27,1008.57,1006.87,1006.94,443285886,0
2018-03-20,20:00:00,1006.92,1008.59,1006.57,1008.39,511469189,0
2018-03-20,21:00:00,1008.41,1008.94,1007.51,1007.55,1341410242,0
2018-03-21,15:00:00,1007.54,1009.91,1007.53,1009.88,545163453,0
2018-03-21,16:00:00,1009.88,1012.25,1009.78,1012.16,765449249,0
2018-03-21,17:00:00,1012.2,1013.71,1011.9,1013.54,587977088,0
2018-03-21,18:00:00,1013.53,1013.53,1012.97,1013.19,458875783,0
2018-03-21,19:00:00,1013.2,1013.22,1012.46,1012.95,416154923,0
2018-03-21,20:00:00,1012.95,1014.97,1011.23,1012.17,749694026,0
2018-03-21,21:00:00,1012.2,1014.23,1012.19,1012.31,1348772323,0
2018-03-22,15:00:00,1012.3,1012.3,1006.82,1008.53,565366494,0
2018-03-22,16:00:00,1008.54,1010.25,1005.23,1005.3,763788439,0
2018-03-22,17:00:00,1005.32,1005.78,1002.43,1003.37,720064606,0
2018-03-22,18:00:00,1003.38,1006.51,1003.03,1005.88,559164327,0
2018-03-22,19:00:00,1005.86,1007.92,1004.85,1007.08,465677092,0
2018-03-22,20:00:00,1007.08,1007.22,1003.64,1003.76,516784842,0
2018-03-22,21:00:00,1003.66,1004.24,997.6,997.65,1700082618,0
2018-03-23,15:00:00,997.66,1000.7,996.55,996.99,641500421,0
2018-03-23,16:00:00,996.98,999.02,996.84,998.92,755477849,0
2018-03-23,17:00:00,998.95,999.17,994.26,994.34,653766754,0
2018-03-23,18:00:00,994.32,995.83,994.21,994.56,511351319,0
2018-03-23,19:00:00,994.55,996.37,994.27,996.13,463921281,0
2018-03-23,20:00:00,996.14,996.39,990.18,990.3,585671890,0
2018-03-23,21:00:00,990.18,990.31,985.31,985.36,1805043555,0
2018-03-26,16:00:00,985.37,994.44,985.37,991.49,647227622,0
2018-03-26,17:00:00,991.5,991.99,988.57,988.57,768557717,0
2018-03-26,18:00:00,988.56,988.66,985.59,987.3,653079699,0
2018-03-26,19:00:00,987.3,988.3,985.7,985.87,486121974,0
2018-03-26,20:00:00,985.82,987.6,985.8,987.49,447599542,0
2018-03-26,21:00:00,987.5,991.37,987.5,990.82,564077797,0
2018-03-26,22:00:00,990.8,994.3,990.73,994.27,1487110684,0
2018-03-27,16:00:00,994.28,995.54,992.4,993.7,560519046,0
2018-03-27,17:00:00,993.73,994.78,992.35,992.6,728882057,0
2018-03-27,18:00:00,992.61,994.91,991.48,994.87,542839893,0
2018-03-27,19:00:00,994.87,995.04,993.01,993.77,499838508,0
2018-03-27,20:00:00,993.69,995.26,991.18,991.92,461495566,0
2018-03-27,21:00:00,991.93,991.93,988.63,988.63,611454941,0
2018-03-27,22:00:00,988.62,988.62,981.11,982.71,1790713429,0
2018-03-28,16:00:00,982.71,982.71,979.6,981.72,657667962,0
2018-03-28,17:00:00,981.73,983.34,977.52,978.13,892001346,0
2018-03-28,18:00:00,978.19,979.37,976.94,978.54,720076242,0
2018-03-28,19:00:00,978.53,981.37,978.34,979.43,582224422,0
2018-03-28,20:00:00,979.35,981.6,978.6,980.76,541144034,0
2018-03-28,21:00:00,980.75,981.42,979.55,979.58,560679191,0
2018-03-28,22:00:00,979.57,979.71,977.45,978.77,1461495524,0
2018-03-29,16:00:00,978.79,982.29,978.79,980.71,549897155,0
2018-03-29,17:00:00,980.74,985.02,980.62,985.02,759964245,0
2018-03-29,18:00:00,985.09,986.17,984.3,985.44,659356987,0
2018-03-29,19:00:00,985.46,986.43,984.43,986.28,457793555,0
2018-03-29,20:00:00,986.28,987.92,985.64,987.7,471538545,0
2018-03-29,21:00:00,987.69,989.18,987.44,988.8,546524099,0
2018-03-29,22:00:00,988.76,989.63,986.44,986.44,1778552503,0
