Date,Time,Open,High,Low,Close,Volume,OpenInt
2017-10-23,10:00:00,4083.54,4083.54,4072.14,4076.52,0,0
2017-10-23,11:00:00,4076.59,4086.25,4074.24,4082.34,0,0
2017-10-23,12:00:00,4082.64,4094.15,4081.34,4093.43,0,0
2017-10-23,13:00:00,4095.38,4095.71,4087.52,4088.21,0,0
2017-10-23,14:00:00,4088.11,4091.92,4085.31,4085.87,0,0
2017-10-23,15:00:00,4085.82,4088.33,4085.13,4087.9,0,0
2017-10-23,16:00:00,4087.75,4091.86,4087.75,4091.72,0,0
2017-10-23,17:00:00,4091.45,4092.62,4088.58,4088.72,0,0
2017-10-23,18:00:00,4088.81,4091.38,4088.81,4089.84,0,0
2017-10-24,10:00:00,4084.49,4097.96,4084.34,4087.76,0,0
2017-10-24,11:00:00,4087.52,4087.52,4081.06,4084.13,0,0
2017-10-24,12:00:00,4084.95,4086.08,4081.99,4084.1,0,0
2017-10-24,13:00:00,4084.08,4088.38,4083.86,4085.12,0,0
2017-10-24,14:00:00,4085.21,4090.18,4083.35,4089.79,0,0
2017-10-24,15:00:00,4088.67,4090.06,4076.6,4078.38,0,0
2017-10-24,16:00:00,4078.36,4079.05,4072.25,4072.25,0,0
2017-10-24,17:00:00,4071.49,4081.56,4071.11,4080.72,0,0
2017-10-24,18:00:00,4080.63,4083.26,4079.62,4080.04,0,0
2017-10-25,10:00:00,4074.83,4075.65,4064.26,4072.93,0,0
2017-10-25,11:00:00,4072.68,4073.83,4064.63,4069.57,0,0
2017-10-25,12:00:00,4069.44,4077.9,4067.48,4075.84,0,0
2017-10-25,13:00:00,4075.41,4081.5,4074.9,4081.1,0,0
2017-10-25,14:00:00,4081,4082.72,4076.35,4076.98,0,0
2017-10-25,15:00:00,4076.96,4080.9,4073.68,4075.98,0,0
2017-10-25,16:00:00,4075.17,4076.97,4069,4069.01,0,0
2017-10-25,17:00:00,4068.64,4070.48,4049.66,4050.44,0,0
2017-10-25,18:00:00,4050.54,4050.69,4040.78,4048.5,0,0
2017-10-26,10:00:00,4039.73,4047.2,4034.57,4045.33,0,0
2017-10-26,11:00:00,4045.73,4054.41,4043.93,4043.93,0,0
2017-10-26,12:00:00,4043.58,4054.93,4043,4053.32,0,0
2017-10-26,13:00:00,4053.11,4057.51,4052.08,4055.73,0,0
2017-10-26,14:00:00,4055.44,4065.72,4055.28,4064.91,0,0
2017-10-26,15:00:00,4065.46,4074.6,4064.63,4067.66,0,0
2017-10-26,16:00:00,4067.21,4088.57,4064.12,4085.27,0,0
2017-10-26,17:00:00,4085.05,4095.03,4078.32,4088.71,0,0
2017-10-26,18:00:00,4089.84,4093.06,4087.55,4089.7,0,0
2017-10-27,10:00:00,4104.33,4123.66,4102.79,4114.21,0,0
2017-10-27,11:00:00,4112.86,4115.55,4100.8,4109.52,0,0
2017-10-27,12:00:00,4109.64,4110.67,4104.49,4106.13,0,0
2017-10-27,13:00:00,4106.26,4106.55,4098.61,4100,0,0
2017-10-27,14:00:00,4099.32,4100.75,4096.15,4098.59,0,0
2017-10-27,15:00:00,4098.63,4102.02,4096.31,4099.76,0,0
2017-10-27,16:00:00,4099.59,4101.37,4083.84,4091.78,0,0
2017-10-27,17:00:00,4091.69,4094.43,4085.85,4093.03,0,0
2017-10-27,18:00:00,4092.63,4095.99,4091.43,4092.16,0,0
2017-10-30,10:00:00,4092.56,4093.71,4079.64,4081.38,0,0
2017-10-30,11:00:00,4081.45,4088.26,4081.45,4084.65,0,0
2017-10-30,12:00:00,4085.45,4087.68,4082.96,4086.95,0,0
2017-10-30,13:00:00,4086.51,4086.71,4080.4,4081.46,0,0
2017-10-30,14:00:00,4081.93,4082.09,4077.95,4080.97,0,0
2017-10-30,15:00:00,4080.81,4081.15,4075.45,4076.8,0,0
2017-10-30,16:00:00,4076.66,4078.96,4074.8,4077.93,0,0
2017-10-30,17:00:00,4078.15,4082.41,4072.06,4075.08,0,0
2017-10-30,18:00:00,4075.02,4078.68,4072.76,4078.68,0,0
2017-10-31,10:00:00,4085.89,4089.05,4077.71,4087.32,0,0
2017-10-31,11:00:00,4087.21,4090.61,4085.86,4087.47,0,0
2017-10-31,12:00:00,4087.58,4090.8,4085.04,4089.18,0,0
2017-10-31,13:00:00,4089.47,4094.32,4087.68,4093.32,0,0
2017-10-31,14:00:00,4093.25,4097.02,4091.92,4095.56,0,0
2017-10-31,15:00:00,4095.45,4101.11,4095.21,4096.97,0,0
2017-10-31,16:00:00,4096.82,4099.62,4096.03,4097.43,0,0
2017-10-31,17:00:00,4097.66,4099.56,4095.75,4099.35,0,0
2017-10-31,18:00:00,4099.25,4102.02,4096.38,4096.38,0,0
2017-11-01,10:00:00,4109.73,4121.13,4107.47,4120.94,0,0
2017-11-01,11:00:00,4121.1,4127.15,4120.57,4127.1,0,0
2017-11-01,12:00:00,4128.86,4128.86,4124.48,4127.64,0,0
2017-11-01,13:00:00,4127.57,4129.81,4123.49,4124.29,0,0
2017-11-01,14:00:00,4124.46,4125.13,4121.18,4121.55,0,0
2017-11-01,15:00:00,4121.25,4128.87,4120.74,4128.55,0,0
2017-11-01,16:00:00,4128.43,4128.43,4121.19,4122.36,0,0
2017-11-01,17:00:00,4122.86,4123.11,4116.74,4119.69,0,0
2017-11-01,18:00:00,4119.3,4120.21,4116.5,4116.5,0,0
2017-11-02,10:00:00,4117.65,4127.17,4117.52,4118.72,0,0
2017-11-02,11:00:00,4118.92,4120.31,4109.59,4112.26,0,0
2017-11-02,12:00:00,4111.91,4112.25,4107.01,4107.18,0,0
2017-11-02,13:00:00,4107.57,4107.83,4102.48,4105.15,0,0
2017-11-02,14:00:00,4104.85,4106.77,4098.47,4098.67,0,0
2017-11-02,15:00:00,4098.78,4103.55,4096.64,4098.21,0,0
2017-11-02,16:00:00,4098.19,4102.8,4088.43,4098.42,0,0
2017-11-02,17:00:00,4099.03,4102.92,4095.28,4100.42,0,0
2017-11-02,18:00:00,4100.6,4105.16,4100.43,4102.26,0,0
2017-11-03,10:00:00,4109.04,4109.04,4091.89,4100.12,0,0
2017-11-03,11:00:00,4100.72,4103.24,4098.68,4100.02,0,0
2017-11-03,12:00:00,4099.86,4107.28,4095.74,4106.38,0,0
2017-11-03,13:00:00,4105.9,4105.9,4101.84,4104.31,0,0
2017-11-03,14:00:00,4104.05,4104.46,4100.27,4103.26,0,0
2017-11-03,15:00:00,4102.96,4102.96,4098.01,4098.71,0,0
2017-11-03,16:00:00,4097.95,4107.94,4097.95,4107.94,0,0
2017-11-03,17:00:00,4108.29,4108.57,4102.69,4106.99,0,0
2017-11-03,18:00:00,4106.45,4112.55,4105.99,4112.55,0,0
2017-11-06,10:00:00,4107.08,4113.98,4104.05,4104.17,0,0
2017-11-06,11:00:00,4104.64,4110.81,4101.52,4106.41,0,0
2017-11-06,12:00:00,4107.32,4110.39,4105.55,4105.77,0,0
2017-11-06,13:00:00,4105.65,4110.12,4104.67,4108.58,0,0
2017-11-06,14:00:00,4108.61,4110.88,4107.82,4109.21,0,0
2017-11-06,15:00:00,4109.27,4113.4,4108.74,4113.4,0,0
2017-11-06,16:00:00,4113.48,4123.04,4113.48,4123.04,0,0
2017-11-06,17:00:00,4124.2,4124.2,4119.94,4119.94,0,0
2017-11-06,18:00:00,4120.21,4121.5,4118.51,4118.51,0,0
2017-11-07,10:00:00,4115.02,4121.08,4103.25,4104.36,0,0
2017-11-07,11:00:00,4103.97,4106.61,4100.41,4103.46,0,0
2017-11-07,12:00:00,4103.41,4103.41,4094.73,4098.2,0,0
2017-11-07,13:00:00,4098.14,4101.08,4098.13,4100.96,0,0
2017-11-07,14:00:00,4100.8,4103.68,4099.89,4103.21,0,0
2017-11-07,15:00:00,4103.58,4106.14,4102.65,4105.09,0,0
2017-11-07,16:00:00,4104.89,4114.42,4103.76,4110.26,0,0
2017-11-07,17:00:00,4110.4,4112.07,4099.33,4103.8,0,0
2017-11-07,18:00:00,4103.84,4109.83,4097.64,4097.64,0,0
2017-11-08,10:00:00,4084.78,4087.79,4066.97,4072.47,0,0
2017-11-08,11:00:00,4073.06,4080.73,4071.86,4073.38,0,0
2017-11-08,12:00:00,4073.42,4075.38,4066.28,4066.28,0,0
2017-11-08,13:00:00,4066.24,4070.75,4063.74,4070.66,0,0
2017-11-08,14:00:00,4070.54,4072.98,4067.49,4068.58,0,0
2017-11-08,15:00:00,4068.79,4070.8,4068.05,4069.09,0,0
2017-11-08,16:00:00,4068.9,4072.19,4063.84,4072.19,0,0
2017-11-08,17:00:00,4072.22,4080.2,4072.14,4078.54,0,0
2017-11-08,18:00:00,4078.29,4085.49,4077.43,4085.49,0,0
2017-11-09,10:00:00,4087.3,4096.77,4080.81,4087.69,0,0
2017-11-09,11:00:00,4088,4089.76,4083.02,4087.03,0,0
2017-11-09,12:00:00,4086.78,4087.32,4078.26,4079.07,0,0
2017-11-09,13:00:00,4079.12,4080.2,4063.47,4069.17,0,0
2017-11-09,14:00:00,4068.96,4071.66,4059.27,4059.88,0,0
2017-11-09,15:00:00,4059.91,4059.91,4048.55,4057.08,0,0
2017-11-09,16:00:00,4057.53,4058.4,4040.4,4041.22,0,0
2017-11-09,17:00:00,4040.94,4045.74,4036.31,4041.14,0,0
2017-11-09,18:00:00,4041.7,4047.18,4039.58,4043.49,0,0
2017-11-10,10:00:00,4039.53,4051.34,4032.19,4035.3,0,0
2017-11-10,11:00:00,4035.31,4040.71,4029.03,4029.28,0,0
2017-11-10,12:00:00,4029.45,4037.2,4029.45,4032.42,0,0
2017-11-10,13:00:00,4032.03,4038.65,4032.03,4036.08,0,0
2017-11-10,14:00:00,4036.14,4037.56,4032.12,4036.2,0,0
2017-11-10,15:00:00,4036.25,4041.2,4035.65,4038.51,0,0
2017-11-10,16:00:00,4037.87,4038.03,4030.48,4031.5,0,0
2017-11-10,17:00:00,4032.09,4033.59,4022.51,4028,0,0
2017-11-10,18:00:00,4027.93,4029.94,4025.36,4026.26,0,0
2017-11-13,10:00:00,4034.33,4035.97,4020.8,4021.55,0,0
2017-11-13,11:00:00,4021.8,4027.95,4015.92,4022.13,0,0
2017-11-13,12:00:00,4022.17,4022.45,4015.35,4015.96,0,0
2017-11-13,13:00:00,4016.12,4017.34,4009.56,4013.23,0,0
2017-11-13,14:00:00,4013.54,4014.2,3996.82,4003.25,0,0
2017-11-13,15:00:00,4003.38,4005.26,3991.81,3991.81,0,0
2017-11-13,16:00:00,3991.89,4000.95,3987.43,4000.95,0,0
2017-11-13,17:00:00,4002.75,4014.87,4001.56,4005.98,0,0
2017-11-13,18:00:00,4007.53,4011.66,4004.55,4007.57,0,0
2017-11-14,10:00:00,4007.39,4024.89,4006.37,4022.2,0,0
2017-11-14,11:00:00,4021.97,4021.97,4000.14,4005.07,0,0
2017-11-14,12:00:00,4004.65,4006.8,4002.13,4002.6,0,0
2017-11-14,13:00:00,4002.92,4004.56,3998.69,3998.83,0,0
2017-11-14,14:00:00,3998.71,3999.15,3989.44,3994.85,0,0
2017-11-14,15:00:00,3994.36,3994.36,3986.27,3986.27,0,0
2017-11-14,16:00:00,3986.36,3990.32,3984.19,3988.14,0,0
2017-11-14,17:00:00,3989.72,3990.11,3978.18,3989.05,0,0
2017-11-14,18:00:00,3988.94,3992.35,3984.63,3984.63,0,0
2017-11-15,10:00:00,3958.42,3963.22,3948.06,3953.63,0,0
2017-11-15,11:00:00,3952.74,3957.73,3945.03,3948.42,0,0
2017-11-15,12:00:00,3948.26,3951.06,3937.48,3939.99,0,0
2017-11-15,13:00:00,3939.35,3946.03,3937.95,3944.86,0,0
2017-11-15,14:00:00,3944.8,3948.64,3944.8,3946.23,0,0
2017-11-15,15:00:00,3946.33,3946.79,3940.91,3942.87,0,0
2017-11-15,16:00:00,3942.83,3950.09,3941.09,3947.25,0,0
2017-11-15,17:00:00,3947.46,3963.3,3947.25,3963.3,0,0
2017-11-15,18:00:00,3963.6,3968.32,3960.74,3963.83,0,0
2017-11-16,10:00:00,3981.31,3982.3,3965.23,3970.89,0,0
2017-11-16,11:00:00,3971.1,3979.69,3970.97,3979.62,0,0
2017-11-16,12:00:00,3979.47,3992.98,3979.35,3986.7,0,0
2017-11-16,13:00:00,3986.56,3989.39,3984.75,3987.89,0,0
2017-11-16,14:00:00,3988.26,3994.95,3988.26,3994.49,0,0
2017-11-16,15:00:00,3994.24,3995.8,3990.6,3990.81,0,0
2017-11-16,16:00:00,3990.52,3995.11,3986.8,3989.54,0,0
2017-11-16,17:00:00,3990.03,3997.07,3989.77,3993.54,0,0
2017-11-16,18:00:00,3993.55,3995.92,3991.62,3991.86,0,0
2017-11-17,10:00:00,3987.47,3987.47,3971.62,3973.57,0,0
2017-11-17,11:00:00,3973.11,3976.35,3968.78,3972.42,0,0
2017-11-17,12:00:00,3972.23,3973.41,3964.21,3971.53,0,0
2017-11-17,13:00:00,3971.63,3976.19,3969.01,3976.03,0,0
2017-11-17,14:00:00,3976.1,3977.91,3969.4,3969.78,0,0
2017-11-17,15:00:00,3969.67,3969.67,3959.98,3959.98,0,0
2017-11-17,16:00:00,3959.99,3960.46,3939.23,3948.4,0,0
2017-11-17,17:00:00,3948.07,3958.19,3947.46,3955.95,0,0
2017-11-17,18:00:00,3956.18,3956.92,3949.31,3954.04,0,0
2017-11-20,10:00:00,3944.27,3950.05,3941.05,3945.06,0,0
2017-11-20,11:00:00,3944.97,3951.4,3944.33,3948.79,0,0
2017-11-20,12:00:00,3948.46,3958.05,3947.81,3956.49,0,0
2017-11-20,13:00:00,3956.74,3960.75,3954.13,3959.23,0,0
2017-11-20,14:00:00,3959.24,3960.4,3950.28,3952.18,0,0
2017-11-20,15:00:00,3952.02,3959.07,3952.02,3956.88,0,0
2017-11-20,16:00:00,3957.08,3965.9,3957.08,3965.9,0,0
2017-11-20,17:00:00,3965.91,3967.75,3961.38,3967.29,0,0
2017-11-20,18:00:00,3967.13,3967.45,3962.24,3962.24,0,0
2017-11-21,10:00:00,3958.97,3967.69,3953.62,3959.3,0,0
2017-11-21,11:00:00,3959.28,3968.76,3956.35,3968.29,0,0
2017-11-21,12:00:00,3968.19,3977.57,3968.19,3972.81,0,0
2017-11-21,13:00:00,3972.84,3974.76,3969.59,3973.61,0,0
2017-11-21,14:00:00,3974.68,3980.53,3972.45,3980.11,0,0
2017-11-21,15:00:00,3980.05,3983.7,3979.18,3979.69,0,0
2017-11-21,16:00:00,3979.5,3983.27,3975.5,3983.14,0,0
2017-11-21,17:00:00,3983.23,3983.23,3972.69,3975.04,0,0
2017-11-21,18:00:00,3975.19,3976.05,3968.25,3970.62,0,0
2017-11-22,10:00:00,3976.58,3985.95,3972.9,3983.39,0,0
2017-11-22,11:00:00,3983.25,3988.72,3979.95,3985.77,0,0
2017-11-22,12:00:00,3985.45,3989.49,3984.9,3986.63,0,0
2017-11-22,13:00:00,3986.57,3993.48,3984.05,3993.48,0,0
2017-11-22,14:00:00,3992.9,4002.08,3992.9,4000.61,0,0
2017-11-22,15:00:00,4000.15,4000.15,3992.54,3993.41,0,0
2017-11-22,16:00:00,3993.44,4001.64,3992.55,3992.92,0,0
2017-11-22,17:00:00,3993.51,3994.39,3979.4,3981.75,0,0
2017-11-22,18:00:00,3981.68,3981.68,3969.19,3969.19,0,0
2017-11-23,10:00:00,3953.84,3968.27,3948.91,3967.85,0,0
2017-11-23,11:00:00,3967.7,3971.71,3964.88,3970.15,0,0
2017-11-23,12:00:00,3970.23,3980.32,3967.28,3980.32,0,0
2017-11-23,13:00:00,3980.7,3981.73,3974.7,3977.28,0,0
2017-11-23,14:00:00,3977.76,3983.59,3977.76,3981.77,0,0
2017-11-23,15:00:00,3981.72,3983.97,3976.22,3983.05,0,0
2017-11-23,16:00:00,3983.71,3983.72,3977.54,3980.76,0,0
2017-11-23,17:00:00,3980.42,3982.41,3977.21,3979.8,0,0
2017-11-23,18:00:00,3979.54,3980.6,3975.6,3978.19,0,0
2017-11-24,10:00:00,3975.98,3984.59,3975.5,3982.97,0,0
2017-11-24,11:00:00,3982.62,3991.03,3982.62,3991.03,0,0
2017-11-24,12:00:00,3991.31,3995.9,3990.68,3994.56,0,0
2017-11-24,13:00:00,3994.49,4004.21,3994.49,4002.23,0,0
2017-11-24,14:00:00,4002.08,4002.48,3995.97,3999.2,0,0
2017-11-24,15:00:00,3999.1,3999.1,3992.07,3993.45,0,0
2017-11-24,16:00:00,3993.04,3996.46,3988.77,3988.9,0,0
2017-11-24,17:00:00,3988.73,3988.73,3983.98,3985.24,0,0
2017-11-24,18:00:00,3985.03,3989.48,3985.03,3985.46,0,0
2017-11-27,10:00:00,3981.3,3999.42,3972.16,3999.34,0,0
2017-11-27,11:00:00,3999.42,4005.21,3997.12,3997.12,0,0
2017-11-27,12:00:00,3997.25,3999.08,3993.68,3997.83,0,0
2017-11-27,13:00:00,3997.95,3999.3,3988.44,3988.44,0,0
2017-11-27,14:00:00,3988.17,3989.01,3972.28,3977.15,0,0
2017-11-27,15:00:00,3976.91,3981.02,3973.84,3975.01,0,0
2017-11-27,16:00:00,3974.8,3981.66,3970.51,3980.24,0,0
2017-11-27,17:00:00,3980.59,3983.6,3976.7,3982.02,0,0
2017-11-27,18:00:00,3982.18,3983.57,3970.59,3971.24,0,0
2017-11-28,10:00:00,3973.31,3980.63,3967.63,3978.63,0,0
2017-11-28,11:00:00,3978.52,3981.94,3975.77,3981.42,0,0
2017-11-28,12:00:00,3981.55,3986.32,3978.23,3984.92,0,0
2017-11-28,13:00:00,3984.72,3984.9,3979.93,3983.11,0,0
2017-11-28,14:00:00,3983.19,3984.81,3978.47,3982.47,0,0
2017-11-28,15:00:00,3982.52,3985.3,3981.01,3984.27,0,0
2017-11-28,16:00:00,3984.24,3984.38,3974.21,3975.93,0,0
2017-11-28,17:00:00,3975.44,3986.24,3975.44,3985.5,0,0
2017-11-28,18:00:00,3985.82,3988.27,3985.41,3985.66,0,0
2017-11-29,10:00:00,4002.89,4012.02,4000.14,4010.22,0,0
2017-11-29,11:00:00,4010.15,4015.15,4006.37,4010.64,0,0
2017-11-29,12:00:00,4010.7,4016.42,4010.17,4014.43,0,0
2017-11-29,13:00:00,4014.02,4019.28,4013.97,4016.58,0,0
2017-11-29,14:00:00,4016.01,4017.94,4010.72,4011.29,0,0
2017-11-29,15:00:00,4011.08,4015.47,4009.94,4013.14,0,0
2017-11-29,16:00:00,4012.84,4019.1,4012.18,4018.59,0,0
2017-11-29,17:00:00,4017.4,4018.95,4007.71,4008.03,0,0
2017-11-29,18:00:00,4008.28,4010.99,3997.56,3999.41,0,0
2017-11-30,10:00:00,4000.34,4004.25,3994.42,3998.21,0,0
2017-11-30,11:00:00,3998,4008.57,3997.99,4003.11,0,0
2017-11-30,12:00:00,4003.18,4008.98,4000.69,4006.2,0,0
2017-11-30,13:00:00,4005.6,4007.96,4003.23,4005.2,0,0
2017-11-30,14:00:00,4005.1,4005.14,3997.26,4004.26,0,0
2017-11-30,15:00:00,4004.4,4004.4,4000.2,4000.42,0,0
2017-11-30,16:00:00,4000.81,4000.81,3988.51,3989.71,0,0
2017-11-30,17:00:00,3989.49,3995.31,3982.58,3987.77,0,0
2017-11-30,18:00:00,3986.83,3989.44,3982.61,3984.1,0,0
2017-12-01,10:00:00,3987.35,3994.95,3972.33,3974.18,0,0
2017-12-01,11:00:00,3973.77,3974.46,3962.74,3971.58,0,0
2017-12-01,12:00:00,3971.56,3972.67,3955.66,3964.2,0,0
2017-12-01,13:00:00,3964.27,3970.31,3962.94,3968.18,0,0
2017-12-01,14:00:00,3968.11,3974.3,3966.46,3972.96,0,0
2017-12-01,15:00:00,3973.07,3986.4,3972.76,3984.78,0,0
2017-12-01,16:00:00,3984.17,3989.11,3979.09,3980.65,0,0
2017-12-01,17:00:00,3981.2,3994.06,3980.49,3992.1,0,0
2017-12-01,18:00:00,3991.45,3992.78,3964.09,3964.28,0,0
2017-12-04,10:00:00,3990.87,3992.68,3979.66,3987.02,0,0
2017-12-04,11:00:00,3987.55,3991.16,3985.43,3987.22,0,0
2017-12-04,12:00:00,3987.46,3994.05,3986.8,3993.31,0,0
2017-12-04,13:00:00,3993.24,3999.34,3992.65,3996.98,0,0
2017-12-04,14:00:00,3996.93,4000.82,3995.84,3997.8,0,0
2017-12-04,15:00:00,3997.99,4005.72,3997.34,4005.2,0,0
2017-12-04,16:00:00,4005.37,4008.63,4002.65,4003.4,0,0
2017-12-04,17:00:00,4003.15,4006.33,3991.97,3996.15,0,0
2017-12-04,18:00:00,3995.59,4001.11,3995.59,4001.11,0,0
2017-12-05,10:00:00,4004.13,4012.9,4001.29,4011.46,0,0
2017-12-05,11:00:00,4012.47,4014.06,4003.73,4006.42,0,0
2017-12-05,12:00:00,4006.38,4008.23,3996.43,3998.97,0,0
2017-12-05,13:00:00,3999.09,4005.51,3996.43,4005.34,0,0
2017-12-05,14:00:00,4005.67,4009.07,4000.89,4005.99,0,0
2017-12-05,15:00:00,4006.04,4006.14,3999.4,3999.4,0,0
2017-12-05,16:00:00,3999.12,4003.53,3993.53,3993.93,0,0
2017-12-05,17:00:00,3994.14,4004.21,3988.96,4004.17,0,0
2017-12-05,18:00:00,4003.96,4006.72,3999.67,3999.67,0,0
2017-12-06,10:00:00,3968.83,3968.83,3952.35,3966.57,0,0
2017-12-06,11:00:00,3967.24,3976.8,3961.78,3961.78,0,0
2017-12-06,12:00:00,3961.82,3962.34,3958.32,3961.43,0,0
2017-12-06,13:00:00,3961.11,3964.23,3958.82,3964.07,0,0
2017-12-06,14:00:00,3963.84,3964.45,3960.04,3962.59,0,0
2017-12-06,15:00:00,3962.51,3963.73,3958.35,3963.42,0,0
2017-12-06,16:00:00,3963.75,3976.09,3963.56,3975.28,0,0
2017-12-06,17:00:00,3975.53,3982.5,3975.3,3980.29,0,0
2017-12-06,18:00:00,3980.37,3980.69,3977.91,3979.75,0,0
2017-12-07,10:00:00,3981.62,3995.94,3978.15,3993.26,0,0
2017-12-07,11:00:00,3993.32,4000.25,3993.32,3997.06,0,0
2017-12-07,12:00:00,3997.18,4004.94,3996.85,3997.12,0,0
2017-12-07,13:00:00,3997.18,4000.78,3991.27,3992.67,0,0
2017-12-07,14:00:00,3992.08,3992.71,3987.25,3988.08,0,0
2017-12-07,15:00:00,3986.78,3988.96,3983.5,3983.5,0,0
2017-12-07,16:00:00,3983.12,3986.26,3979,3984.42,0,0
2017-12-07,17:00:00,3984.36,3990.06,3980.37,3989.93,0,0
2017-12-07,18:00:00,3989.83,3994.73,3987.61,3994.73,0,0
2017-12-08,10:00:00,4013.88,4036.98,4012.12,4036.07,0,0
2017-12-08,11:00:00,4036.17,4038.28,4029.93,4035.63,0,0
2017-12-08,12:00:00,4035.87,4036.37,4029.04,4029.04,0,0
2017-12-08,13:00:00,4029.23,4036.26,4024.91,4036.26,0,0
2017-12-08,14:00:00,4035.92,4037.02,4032.45,4033.75,0,0
2017-12-08,15:00:00,4033.58,4035.74,4029.9,4033.04,0,0
2017-12-08,16:00:00,4033.57,4033.81,4025.4,4028.42,0,0
2017-12-08,17:00:00,4027.48,4029.52,4020.76,4029.52,0,0
2017-12-08,18:00:00,4029.5,4031.42,4025.75,4025.75,0,0
2017-12-11,10:00:00,4035.29,4037.56,4031.17,4034.26,0,0
2017-12-11,11:00:00,4034.49,4035.15,4024.37,4025.17,0,0
2017-12-11,12:00:00,4025.07,4030.64,4025.07,4026.99,0,0
2017-12-11,13:00:00,4027.02,4029.25,4023.3,4023.96,0,0
2017-12-11,14:00:00,4023.4,4025.48,4021.42,4022.64,0,0
2017-12-11,15:00:00,4022.77,4029.53,4020.94,4029.13,0,0
2017-12-11,16:00:00,4029.17,4029.17,4020.4,4022.07,0,0
2017-12-11,17:00:00,4022.99,4024.55,4019.03,4020.26,0,0
2017-12-11,18:00:00,4020.09,4021.82,4018.76,4019.19,0,0
2017-12-12,10:00:00,4018.66,4023.09,4007.89,4011.45,0,0
2017-12-12,11:00:00,4011.65,4026.36,4010.79,4024.81,0,0
2017-12-12,12:00:00,4025.72,4027.68,4015.63,4017.45,0,0
2017-12-12,13:00:00,4018.52,4025.14,4018.52,4021.52,0,0
2017-12-12,14:00:00,4021.72,4024.79,4020.43,4024.43,0,0
2017-12-12,15:00:00,4024.24,4029.17,4024.24,4028.44,0,0
2017-12-12,16:00:00,4028.42,4029.04,4022.38,4029.01,0,0
2017-12-12,17:00:00,4029.69,4035.75,4029.69,4031.01,0,0
2017-12-12,18:00:00,4031.02,4033.58,4030.6,4033.58,0,0
2017-12-13,10:00:00,4020.68,4030.53,4018.4,4030.53,0,0
2017-12-13,11:00:00,4030.05,4031.11,4021.92,4021.92,0,0
2017-12-13,12:00:00,4021.53,4021.81,4013.45,4015.24,0,0
2017-12-13,13:00:00,4015.48,4016.54,4012.26,4012.41,0,0
2017-12-13,14:00:00,4012.32,4017.21,4010.96,4010.96,0,0
2017-12-13,15:00:00,4010.53,4014.35,4006.38,4006.38,0,0
2017-12-13,16:00:00,4006.52,4013.67,4006.47,4013.67,0,0
2017-12-13,17:00:00,4013.99,4014.63,4004.16,4005.39,0,0
2017-12-13,18:00:00,4005.11,4006.01,4002.21,4002.21,0,0
2017-12-14,10:00:00,3996.61,4007.75,3993.73,4004.71,0,0
2017-12-14,11:00:00,4004.82,4007.9,3999.9,4004.34,0,0
2017-12-14,12:00:00,4004.33,4005.34,3993.54,3997.44,0,0
2017-12-14,13:00:00,3997.25,4002.31,3995.64,3997.47,0,0
2017-12-14,14:00:00,3997.56,4004.97,3997.39,4000.57,0,0
2017-12-14,15:00:00,4000.77,4008.58,3998.91,4006.81,0,0
2017-12-14,16:00:00,4007.1,4009.46,4002.39,4005.48,0,0
2017-12-14,17:00:00,4005.57,4005.63,3996.65,3996.65,0,0
2017-12-14,18:00:00,3996.21,3996.56,3985.22,3985.22,0,0
2017-12-15,10:00:00,3990.16,3994.1,3980.71,3990.06,0,0
2017-12-15,11:00:00,3990.47,3996.12,3982.56,3983.91,0,0
2017-12-15,12:00:00,3983.95,3986.8,3976.84,3977.8,0,0
2017-12-15,13:00:00,3977.61,3979.29,3972.39,3974.38,0,0
2017-12-15,14:00:00,3974.52,3980.05,3971.91,3980.05,0,0
2017-12-15,15:00:00,3980.04,3985.96,3976.99,3982.75,0,0
2017-12-15,16:00:00,3983.13,3986.61,3976.67,3977.94,0,0
2017-12-15,17:00:00,3978.13,3985.39,3977.34,3981.23,0,0
2017-12-15,18:00:00,3980.93,3992.47,3980.93,3992.27,0,0
2017-12-18,10:00:00,4004.2,4023.83,4004.2,4021.22,0,0
2017-12-18,11:00:00,4020.63,4026.02,4019.4,4019.67,0,0
2017-12-18,12:00:00,4020.26,4022.74,4017.05,4021.13,0,0
2017-12-18,13:00:00,4021.19,4025.82,4019.48,4020.15,0,0
2017-12-18,14:00:00,4020.16,4024.89,4020.16,4022.15,0,0
2017-12-18,15:00:00,4022.16,4027.11,4020.64,4025.57,0,0
2017-12-18,16:00:00,4025.61,4030.98,4025.07,4030.04,0,0
2017-12-18,17:00:00,4030.1,4034.14,4028.18,4030.36,0,0
2017-12-18,18:00:00,4029.81,4031.75,4024.65,4024.65,0,0
2017-12-19,10:00:00,4023.01,4032.01,4023.01,4031.9,0,0
2017-12-19,11:00:00,4032.85,4037.71,4031.57,4034.16,0,0
2017-12-19,12:00:00,4034,4037.13,4031.75,4036.1,0,0
2017-12-19,13:00:00,4036,4036.45,4031.8,4033.22,0,0
2017-12-19,14:00:00,4033.29,4036.9,4032.79,4036.9,0,0
2017-12-19,15:00:00,4037.12,4037.56,4033.72,4034.96,0,0
2017-12-19,16:00:00,4034.93,4039.75,4034,4037.16,0,0
2017-12-19,17:00:00,4037.3,4037.3,4025.66,4027.91,0,0
2017-12-19,18:00:00,4028.17,4028.17,4019.44,4020.87,0,0
2017-12-20,10:00:00,4021.03,4021.03,3999.17,4014.68,0,0
2017-12-20,11:00:00,4014.21,4015.5,4002.3,4003.65,0,0
2017-12-20,12:00:00,4003.95,4012.72,4001.23,4012.05,0,0
2017-12-20,13:00:00,4011.57,4012.01,4002.44,4011.05,0,0
2017-12-20,14:00:00,4011.15,4016.79,4011.06,4014.33,0,0
2017-12-20,15:00:00,4013.97,4017.2,4012.01,4015.33,0,0
2017-12-20,16:00:00,4014.93,4015.5,4007.33,4009.81,0,0
2017-12-20,17:00:00,4009.75,4009.84,3987.6,3989.63,0,0
2017-12-20,18:00:00,3990.57,3996.49,3990.57,3994.68,0,0
2017-12-21,10:00:00,3988.55,3988.55,3979.34,3988.24,0,0
2017-12-21,11:00:00,3988.15,3990.09,3981.43,3983.9,0,0
2017-12-21,12:00:00,3984.07,3988.98,3984.02,3986.11,0,0
2017-12-21,13:00:00,3986.14,3989.69,3984.3,3984.3,0,0
2017-12-21,14:00:00,3984.73,3987.41,3983.73,3986.29,0,0
2017-12-21,15:00:00,3986.53,3991.6,3986.53,3990.87,0,0
2017-12-21,16:00:00,3990.67,3993.1,3987.97,3992.02,0,0
2017-12-21,17:00:00,3991.92,4003.12,3991.92,3994.74,0,0
2017-12-21,18:00:00,3994.89,3998.77,3994.21,3996,0,0
2017-12-22,10:00:00,3988.59,4002.78,3987.69,3997.18,0,0
2017-12-22,11:00:00,3998.14,4000.49,3995.2,3997.49,0,0
2017-12-22,12:00:00,3997.66,3998.01,3983.88,3984.75,0,0
2017-12-22,13:00:00,3985.02,3990.32,3984.73,3987.75,0,0
2017-12-22,14:00:00,3987.39,3987.86,3981.92,3982.02,0,0
2017-12-22,15:00:00,3982.31,3987.37,3981.86,3983.14,0,0
2017-12-22,16:00:00,3982.72,3991.45,3982.14,3991.45,0,0
2017-12-22,17:00:00,3991.04,3993.37,3988.89,3991.63,0,0
2017-12-22,18:00:00,3991.31,3995.05,3988.91,3995.05,0,0
2017-12-27,10:00:00,3993.98,4009.57,3993.98,4001.88,0,0
2017-12-27,11:00:00,4002.15,4002.15,3992.45,3992.45,0,0
2017-12-27,12:00:00,3992.49,3998.44,3991.74,3995.68,0,0
2017-12-27,13:00:00,3995.88,3996.99,3989.9,3993.12,0,0
2017-12-27,14:00:00,3993.41,3995.76,3992.69,3993.86,0,0
2017-12-27,15:00:00,3993.81,3997.61,3993.21,3997.45,0,0
2017-12-27,16:00:00,3997.33,3998.61,3995.16,3997.59,0,0
2017-12-27,17:00:00,3997.47,4003.13,3996.6,4002.67,0,0
2017-12-27,18:00:00,4002.79,4004.4,4002.47,4003.07,0,0
2017-12-28,10:00:00,4003.47,4004.44,3995.57,3998.16,0,0
2017-12-28,11:00:00,3998.04,4002.94,3998.04,3999.88,0,0
2017-12-28,12:00:00,3999.81,4000.67,3997.08,3997.94,0,0
2017-12-28,13:00:00,3997.96,4000.26,3996.96,3999.21,0,0
2017-12-28,14:00:00,3999.05,4000.86,3996.83,3997.49,0,0
2017-12-28,15:00:00,3997.43,4002.97,3996.84,4001.84,0,0
2017-12-28,16:00:00,4001.85,4001.94,3996.26,3997.46,0,0
2017-12-28,17:00:00,3997.64,3998.38,3992.2,3993.25,0,0
2017-12-28,18:00:00,3993.16,3993.65,3986.32,3991.36,0,0
2017-12-29,10:00:00,3990.22,4000,3988.21,3997.31,0,0
2017-12-29,11:00:00,3996.82,3996.82,3986,3987.61,0,0
2017-12-29,12:00:00,3987.79,3988.36,3982.86,3984.53,0,0
2017-12-29,13:00:00,3984.46,3984.64,3979.28,3979.28,0,0
2017-12-29,14:00:00,3978.72,3985.06,3977.84,3982.02,0,0
2017-12-29,15:00:00,3981.58,3985.97,3981.58,3985.69,0,0
2017-12-29,16:00:00,3985.78,3986.11,3980.89,3981.7,0,0
2017-12-29,17:00:00,3981.93,3982.86,3976.85,3978.28,0,0
2017-12-29,18:00:00,3977.95,3979.17,3976.22,3977.88,0,0
2018-01-02,10:00:00,3990.37,3991.9,3970.47,3975.2,0,0
2018-01-02,11:00:00,3975.11,3980.27,3959.95,3965.29,0,0
2018-01-02,12:00:00,3965.25,3970.95,3961.61,3961.62,0,0
2018-01-02,13:00:00,3961.36,3964.36,3959.82,3961.23,0,0
2018-01-02,14:00:00,3961.46,3967.35,3961.46,3967.14,0,0
2018-01-02,15:00:00,3967.21,3967.35,3962.09,3962.09,0,0
2018-01-02,16:00:00,3961.96,3965.83,3957.76,3965.83,0,0
2018-01-02,17:00:00,3966.68,3976.18,3965.85,3974.14,0,0
2018-01-02,18:00:00,3973.5,3979.53,3972.08,3979.53,0,0
2018-01-03,10:00:00,3988.1,3988.1,3981.03,3982.72,0,0
2018-01-03,11:00:00,3982.51,3987.31,3974.21,3983.1,0,0
2018-01-03,12:00:00,3983.21,3987.32,3982.12,3987.28,0,0
2018-01-03,13:00:00,3987.23,3988.36,3983.87,3984.77,0,0
2018-01-03,14:00:00,3984.7,3988.92,3982.7,3987.64,0,0
2018-01-03,15:00:00,3987.25,3992.54,3987.02,3988.41,0,0
2018-01-03,16:00:00,3988.39,3999.24,3988.39,3998.72,0,0
2018-01-03,17:00:00,3998.47,4012.33,3998.47,4004.65,0,0
2018-01-03,18:00:00,4004.9,4006.55,4004.07,4005.61,0,0
2018-01-04,10:00:00,4025.78,4030.34,4023.33,4029.17,0,0
2018-01-04,11:00:00,4028.87,4031.39,4025.67,4028.63,0,0
2018-01-04,12:00:00,4028.3,4033.96,4025.76,4033.13,0,0
2018-01-04,13:00:00,4033.07,4041.31,4032.99,4041.19,0,0
2018-01-04,14:00:00,4041.23,4045.36,4040.5,4045.03,0,0
2018-01-04,15:00:00,4045.38,4051.12,4045.38,4049.73,0,0
2018-01-04,16:00:00,4049.94,4054.81,4045.57,4049.65,0,0
2018-01-04,17:00:00,4050.51,4065.6,4050.05,4063.16,0,0
2018-01-04,18:00:00,4062.36,4062.52,4056.15,4057.92,0,0
2018-01-05,10:00:00,4067.7,4084.23,4067.7,4083.59,0,0
2018-01-05,11:00:00,4083.13,4091.1,4083.13,4090.71,0,0
2018-01-05,12:00:00,4090.77,4092.08,4087.91,4088.91,0,0
2018-01-05,13:00:00,4088.82,4090.2,4085.8,4088.85,0,0
2018-01-05,14:00:00,4088.81,4092.09,4086.14,4092.09,0,0
2018-01-05,15:00:00,4091.92,4094.48,4089.29,4090.46,0,0
2018-01-05,16:00:00,4090.29,4097.91,4088.72,4093.91,0,0
2018-01-05,17:00:00,4093.89,4094.04,4085.3,4091.01,0,0
2018-01-05,18:00:00,4090.74,4097.15,4088.8,4097.04,0,0
2018-01-08,10:00:00,4114.4,4120.01,4111.8,4113.13,0,0
2018-01-08,11:00:00,4113.07,4118.88,4112.89,4115.06,0,0
2018-01-08,12:00:00,4115.01,4123.44,4114.61,4122.72,0,0
2018-01-08,13:00:00,4122.92,4124.46,4117.54,4117.58,0,0
2018-01-08,14:00:00,4118.24,4118.29,4112.49,4115.14,0,0
2018-01-08,15:00:00,4115.53,4116.87,4112.76,4115.41,0,0
2018-01-08,16:00:00,4115.45,4118.26,4111.98,4115.66,0,0
2018-01-08,17:00:00,4116.37,4117.55,4110.5,4113.37,0,0
2018-01-08,18:00:00,4113.24,4115.71,4113.24,4114.53,0,0
2018-01-09,10:00:00,4120.05,4131.83,4118.56,4128.74,0,0
2018-01-09,11:00:00,4129.16,4135.57,4127.61,4135.57,0,0
2018-01-09,12:00:00,4134.73,4140.91,4133.77,4140.78,0,0
2018-01-09,13:00:00,4141.3,4141.3,4133.88,4139.03,0,0
2018-01-09,14:00:00,4139.52,4140.85,4134.34,4137.34,0,0
2018-01-09,15:00:00,4137.15,4141.62,4136.11,4139.97,0,0
2018-01-09,16:00:00,4139.91,4142.98,4131.05,4131.14,0,0
2018-01-09,17:00:00,4131.87,4137.15,4128.83,4136.93,0,0
2018-01-09,18:00:00,4137.21,4141.73,4136.77,4141.64,0,0
2018-01-10,10:00:00,4143.84,4155.28,4137.63,4154.09,0,0
2018-01-10,11:00:00,4153.58,4158.67,4152.78,4155.4,0,0
2018-01-10,12:00:00,4154.58,4157.56,4136.49,4138.51,0,0
2018-01-10,13:00:00,4138.44,4148.76,4138.05,4145.42,0,0
2018-01-10,14:00:00,4145.52,4147.76,4142.14,4147.76,0,0
2018-01-10,15:00:00,4148.22,4159.37,4147.6,4158.7,0,0
2018-01-10,16:00:00,4158.16,4161.69,4153.66,4155.34,0,0
2018-01-10,17:00:00,4155.86,4163.83,4154.64,4161.69,0,0
2018-01-10,18:00:00,4161.71,4164.7,4157.04,4157.55,0,0
2018-01-11,10:00:00,4163.08,4163.08,4146.59,4148.87,0,0
2018-01-11,11:00:00,4148.62,4152.59,4142.46,4152.46,0,0
2018-01-11,12:00:00,4152.44,4152.44,4145.41,4147.06,0,0
2018-01-11,13:00:00,4147.15,4155.9,4146.17,4155.77,0,0
2018-01-11,14:00:00,4155.9,4164.58,4155.9,4161.88,0,0
2018-01-11,15:00:00,4161.58,4163.07,4152.65,4152.65,0,0
2018-01-11,16:00:00,4153.21,4161.31,4150.48,4154.91,0,0
2018-01-11,17:00:00,4154.97,4158.54,4150.37,4158.22,0,0
2018-01-11,18:00:00,4158.18,4160.81,4155.31,4155.31,0,0
2018-01-12,10:00:00,4165.08,4165.34,4158.51,4160.69,0,0
2018-01-12,11:00:00,4161.41,4161.58,4155.94,4158.68,0,0
2018-01-12,12:00:00,4158.85,4161.98,4151.17,4155.22,0,0
2018-01-12,13:00:00,4155.16,4158.64,4154.83,4157.73,0,0
2018-01-12,14:00:00,4158.4,4160.3,4154.74,4156.86,0,0
2018-01-12,15:00:00,4156.76,4159.44,4151.08,4152,0,0
2018-01-12,16:00:00,4152.02,4159.05,4150.3,4157.74,0,0
2018-01-12,17:00:00,4158.43,4166,4156.35,4165.84,0,0
2018-01-12,18:00:00,4165.71,4165.71,4158.22,4164.12,0,0
2018-01-15,10:00:00,4163.72,4163.72,4151.09,4162.56,0,0
2018-01-15,11:00:00,4164.15,4165.63,4159.43,4162.76,0,0
2018-01-15,12:00:00,4163.02,4163.94,4158.64,4160.62,0,0
2018-01-15,13:00:00,4160.91,4165.43,4157.62,4165.43,0,0
2018-01-15,14:00:00,4165.34,4167.11,4163.95,4165.73,0,0
2018-01-15,15:00:00,4166.49,4166.89,4163.15,4163.3,0,0
2018-01-15,16:00:00,4163.4,4168.78,4163.34,4168.55,0,0
2018-01-15,17:00:00,4168.09,4172.88,4167.72,4169.99,0,0
2018-01-15,18:00:00,4168.48,4169.61,4164.45,4164.45,0,0
2018-01-16,10:00:00,4156.53,4171.17,4153.56,4166.33,0,0
2018-01-16,11:00:00,4166.18,4173.4,4164.34,4172.07,0,0
2018-01-16,12:00:00,4172.95,4178.79,4172.21,4176.5,0,0
2018-01-16,13:00:00,4176.32,4177.22,4164.96,4164.96,0,0
2018-01-16,14:00:00,4165.53,4167,4160.01,4163.81,0,0
2018-01-16,15:00:00,4164.37,4170.85,4163.97,4169.42,0,0
2018-01-16,16:00:00,4170.07,4173.68,4166.91,4167.12,0,0
2018-01-16,17:00:00,4167.38,4168.62,4161.32,4161.43,0,0
2018-01-16,18:00:00,4162.25,4163.98,4157.23,4163.96,0,0
2018-01-17,10:00:00,4149.18,4156.95,4143.48,4154.13,0,0
2018-01-17,11:00:00,4154.06,4154.58,4147.66,4152.65,0,0
2018-01-17,12:00:00,4153.1,4154.62,4147.36,4151.75,0,0
2018-01-17,13:00:00,4152.01,4158.54,4152.01,4155.53,0,0
2018-01-17,14:00:00,4155.64,4157.72,4151.72,4151.72,0,0
2018-01-17,15:00:00,4151.45,4157.29,4151.07,4157.25,0,0
2018-01-17,16:00:00,4157.49,4159.93,4141.36,4141.36,0,0
2018-01-17,17:00:00,4141.41,4153.45,4141.41,4146.85,0,0
2018-01-17,18:00:00,4146.8,4148.6,4143.25,4148.6,0,0
2018-01-18,10:00:00,4157.71,4161.44,4139.04,4139.24,0,0
2018-01-18,11:00:00,4139.2,4147.65,4139.2,4146.63,0,0
2018-01-18,12:00:00,4146.39,4147.31,4141.03,4141.03,0,0
2018-01-18,13:00:00,4141.06,4143.59,4139.75,4142.68,0,0
2018-01-18,14:00:00,4142.76,4144.94,4137.66,4141.69,0,0
2018-01-18,15:00:00,4141.52,4145.94,4140.1,4140.24,0,0
2018-01-18,16:00:00,4139.86,4147.23,4139.19,4139.55,0,0
2018-01-18,17:00:00,4139.35,4139.35,4127.05,4132.46,0,0
2018-01-18,18:00:00,4132.24,4142.06,4131.89,4142.06,0,0
2018-01-19,10:00:00,4137.57,4141.44,4122.68,4140.64,0,0
2018-01-19,11:00:00,4141.57,4155.61,4141.57,4151.48,0,0
2018-01-19,12:00:00,4151.85,4159.61,4150.61,4157.8,0,0
2018-01-19,13:00:00,4156.87,4159.14,4155.18,4155.77,0,0
2018-01-19,14:00:00,4155.54,4159.86,4154.7,4156.18,0,0
2018-01-19,15:00:00,4156.48,4156.48,4149.92,4153.37,0,0
2018-01-19,16:00:00,4153.32,4164.23,4152.74,4162.49,0,0
2018-01-19,17:00:00,4163.08,4163.6,4153.55,4156.26,0,0
2018-01-19,18:00:00,4155.6,4159.26,4151.86,4159.09,0,0
2018-01-22,10:00:00,4155.86,4159.28,4153.64,4155.04,0,0
2018-01-22,11:00:00,4155.35,4160.65,4152.17,4160.29,0,0
2018-01-22,12:00:00,4160.31,4163.93,4158.61,4161.58,0,0
2018-01-22,13:00:00,4161.87,4168.51,4161.87,4166.9,0,0
2018-01-22,14:00:00,4166.94,4176.91,4166.92,4176.91,0,0
2018-01-22,15:00:00,4176.78,4180.27,4175.36,4175.62,0,0
2018-01-22,16:00:00,4175.76,4181.85,4175.28,4180.85,0,0
2018-01-22,17:00:00,4180.73,4183.63,4173.29,4173.29,0,0
2018-01-22,18:00:00,4171.92,4176.88,4171.1,4176.88,0,0
2018-01-23,10:00:00,4187.94,4188.95,4172.6,4172.85,0,0
2018-01-23,11:00:00,4172.83,4176.92,4170.92,4173.87,0,0
2018-01-23,12:00:00,4173.76,4173.76,4168.65,4169.97,0,0
2018-01-23,13:00:00,4170.29,4170.41,4157.9,4161.63,0,0
2018-01-23,14:00:00,4160.99,4161.04,4156.13,4159.08,0,0
2018-01-23,15:00:00,4159.36,4160.93,4151,4151.62,0,0
2018-01-23,16:00:00,4152.11,4157.06,4149.99,4150.79,0,0
2018-01-23,17:00:00,4150.9,4157.32,4149.27,4157.32,0,0
2018-01-23,18:00:00,4157.18,4161.99,4155.75,4161.99,0,0
2018-01-24,10:00:00,4148.51,4153.78,4139.45,4146.12,0,0
2018-01-24,11:00:00,4146.27,4150.41,4144.56,4148.45,0,0
2018-01-24,12:00:00,4148.6,4158.93,4146.79,4158.41,0,0
2018-01-24,13:00:00,4158.73,4158.73,4150.17,4151.15,0,0
2018-01-24,14:00:00,4151.01,4154.03,4149.25,4151.44,0,0
2018-01-24,15:00:00,4151.39,4160.12,4150.46,4158,0,0
2018-01-24,16:00:00,4158.15,4158.92,4155.1,4155.74,0,0
2018-01-24,17:00:00,4155.54,4157.31,4151.05,4153.12,0,0
2018-01-24,18:00:00,4153.26,4154.84,4146.42,4146.75,0,0
2018-01-25,10:00:00,4140.93,4146.48,4134.26,4142.23,0,0
2018-01-25,11:00:00,4142.2,4150.33,4140.61,4149.35,0,0
2018-01-25,12:00:00,4149.31,4155.08,4149.3,4154.64,0,0
2018-01-25,13:00:00,4154.39,4155.98,4149.14,4149.14,0,0
2018-01-25,14:00:00,4149.02,4152.92,4146.9,4147.78,0,0
2018-01-25,15:00:00,4147.89,4152.52,4142.19,4147.88,0,0
2018-01-25,16:00:00,4148.31,4151.2,4133.08,4133.75,0,0
2018-01-25,17:00:00,4132.31,4137.16,4128.05,4135.88,0,0
2018-01-25,18:00:00,4136.29,4144.85,4136.29,4144.23,0,0
2018-01-26,10:00:00,4146.08,4156.14,4140.53,4153.94,0,0
2018-01-26,11:00:00,4153.57,4158.87,4149.82,4157.03,0,0
2018-01-26,12:00:00,4156.68,4161.48,4154.75,4161.45,0,0
2018-01-26,13:00:00,4161.75,4163.11,4158.7,4162.39,0,0
2018-01-26,14:00:00,4162.11,4162.3,4159.09,4161.79,0,0
2018-01-26,15:00:00,4161.88,4167.85,4161.38,4166.94,0,0
2018-01-26,16:00:00,4167.15,4167.78,4160.23,4163.84,0,0
2018-01-26,17:00:00,4163.88,4163.88,4158.47,4160.25,0,0
2018-01-26,18:00:00,4160.32,4162.04,4158.52,4162.01,0,0
2018-01-29,10:00:00,4166.98,4169.7,4156.28,4156.28,0,0
2018-01-29,11:00:00,4155.92,4161.89,4154.9,4156.49,0,0
2018-01-29,12:00:00,4156.62,4157.13,4152.48,4157.13,0,0
2018-01-29,13:00:00,4157.48,4159.88,4155.09,4158.79,0,0
2018-01-29,14:00:00,4158.85,4159.77,4156.28,4159.58,0,0
2018-01-29,15:00:00,4159.55,4162.56,4158.77,4160.24,0,0
2018-01-29,16:00:00,4160.17,4163.22,4156.28,4159.63,0,0
2018-01-29,17:00:00,4160.88,4160.88,4150.25,4153.9,0,0
2018-01-29,18:00:00,4153.66,4155.19,4152.04,4155.19,0,0
2018-01-30,10:00:00,4141.64,4142.81,4135.92,4136.5,0,0
2018-01-30,11:00:00,4136.03,4143.27,4134.95,4141.27,0,0
2018-01-30,12:00:00,4141.29,4141.34,4134.88,4141.12,0,0
2018-01-30,13:00:00,4140.91,4141.82,4135.24,4135.54,0,0
2018-01-30,14:00:00,4135.06,4137.71,4131.89,4132.77,0,0
2018-01-30,15:00:00,4133.06,4136.98,4132.43,4132.91,0,0
2018-01-30,16:00:00,4132.86,4132.86,4125.95,4125.95,0,0
2018-01-30,17:00:00,4126.5,4129.51,4119.04,4129.51,0,0
2018-01-30,18:00:00,4128.7,4130.26,4126.57,4126.57,0,0
2018-01-31,10:00:00,4119.9,4127.38,4115.79,4122.66,0,0
2018-01-31,11:00:00,4122.82,4124.25,4116.76,4118.93,0,0
2018-01-31,12:00:00,4119.01,4119.47,4113.26,4119.03,0,0
2018-01-31,13:00:00,4119.43,4122.42,4116.64,4119.58,0,0
2018-01-31,14:00:00,4119.43,4127.15,4119.41,4126.85,0,0
2018-01-31,15:00:00,4127.02,4128.07,4122.18,4122.91,0,0
2018-01-31,16:00:00,4123.01,4124.56,4118.24,4119.34,0,0
2018-01-31,17:00:00,4118.89,4118.89,4108.34,4108.82,0,0
2018-01-31,18:00:00,4109.5,4111.68,4108.51,4111.65,0,0
2018-02-01,10:00:00,4129.75,4144.31,4129.75,4140.06,0,0
2018-02-01,11:00:00,4140.2,4143.36,4130.37,4130.37,0,0
2018-02-01,12:00:00,4128.59,4140.73,4128.35,4140.55,0,0
2018-02-01,13:00:00,4139.94,4141.15,4132.71,4136.51,0,0
2018-02-01,14:00:00,4136.33,4136.33,4129.61,4131.69,0,0
2018-02-01,15:00:00,4131.85,4131.85,4109.01,4109.01,0,0
2018-02-01,16:00:00,4107.72,4110.7,4096.94,4109.64,0,0
2018-02-01,17:00:00,4109.01,4111.22,4094.63,4098.58,0,0
2018-02-01,18:00:00,4099.17,4103.63,4096.76,4103.63,0,0
2018-02-02,10:00:00,4095.97,4096.49,4082.07,4082.07,0,0
2018-02-02,11:00:00,4082.74,4082.98,4063.79,4064.51,0,0
2018-02-02,12:00:00,4064.52,4068.63,4053.4,4062.04,0,0
2018-02-02,13:00:00,4062.02,4068.25,4059.93,4062.45,0,0
2018-02-02,14:00:00,4062.58,4063.41,4054.97,4059.09,0,0
2018-02-02,15:00:00,4058.38,4071.46,4055.03,4068.87,0,0
2018-02-02,16:00:00,4068.72,4073.11,4063.69,4064.39,0,0
2018-02-02,17:00:00,4064.93,4064.93,4053.6,4059.37,0,0
2018-02-02,18:00:00,4058.8,4060.35,4052.55,4053.59,0,0
2018-02-05,10:00:00,4029.37,4029.37,4011.34,4024.53,0,0
2018-02-05,11:00:00,4023.62,4039.59,4023.62,4028.7,0,0
2018-02-05,12:00:00,4028.18,4031.82,4018.56,4019.57,0,0
2018-02-05,13:00:00,4020.16,4020.71,4011.95,4012.4,0,0
2018-02-05,14:00:00,4012.48,4012.55,4001.62,4003.21,0,0
2018-02-05,15:00:00,4003.12,4005.5,3999.93,4003.54,0,0
2018-02-05,16:00:00,4002.92,4005.11,3994.74,3995.14,0,0
2018-02-05,17:00:00,3994.24,4013.14,3991.61,4001.59,0,0
2018-02-05,18:00:00,4002.53,4005.57,3996.08,3997.59,0,0
2018-02-06,10:00:00,3847.12,3941.24,3847.12,3935.11,0,0
2018-02-06,11:00:00,3934.07,3934.67,3908.56,3910.43,0,0
2018-02-06,12:00:00,3910.7,3918.97,3898.58,3915.63,0,0
2018-02-06,13:00:00,3915.93,3917.24,3897.46,3898.36,0,0
2018-02-06,14:00:00,3897.99,3905.44,3887.87,3899.85,0,0
2018-02-06,15:00:00,3898.5,3899.94,3888.15,3898.86,0,0
2018-02-06,16:00:00,3898.94,3943.91,3889.61,3931.31,0,0
2018-02-06,17:00:00,3933.06,3941.53,3903.17,3916.76,0,0
2018-02-06,18:00:00,3914.86,3917.96,3896.59,3896.59,0,0
2018-02-07,10:00:00,3944.31,3944.31,3917.42,3935.21,0,0
2018-02-07,11:00:00,3935.32,3947.32,3931.23,3944.29,0,0
2018-02-07,12:00:00,3943.95,3955.32,3943.74,3946.03,0,0
2018-02-07,13:00:00,3945.62,3948,3935.95,3947.25,0,0
2018-02-07,14:00:00,3947.1,3962.18,3944.62,3958.45,0,0
2018-02-07,15:00:00,3958.35,3959.27,3947.5,3948.21,0,0
2018-02-07,16:00:00,3948.26,3983.35,3948.17,3983.21,0,0
2018-02-07,17:00:00,3980.96,3997.67,3975.73,3997.53,0,0
2018-02-07,18:00:00,3997.91,4002.37,3991.9,3991.9,0,0
2018-02-08,10:00:00,3979.34,3989.83,3969.21,3970.09,0,0
2018-02-08,11:00:00,3970,3971.68,3959.4,3959.75,0,0
2018-02-08,12:00:00,3958.43,3961.19,3948.41,3948.41,0,0
2018-02-08,13:00:00,3949.1,3950.36,3939.01,3943.77,0,0
2018-02-08,14:00:00,3943.6,3961.82,3942.03,3959.51,0,0
2018-02-08,15:00:00,3959.46,3967.75,3953.29,3964.45,0,0
2018-02-08,16:00:00,3964.54,3967.24,3947.09,3950.01,0,0
2018-02-08,17:00:00,3948.63,3948.64,3913.38,3920.24,0,0
2018-02-08,18:00:00,3920.35,3923.74,3900.53,3911.96,0,0
2018-02-09,10:00:00,3906.2,3918.84,3895.48,3913.25,0,0
2018-02-09,11:00:00,3912.48,3912.99,3893.98,3897.1,0,0
2018-02-09,12:00:00,3896.46,3910.28,3894.81,3898.91,0,0
2018-02-09,13:00:00,3899.54,3902.09,3857.52,3864.83,0,0
2018-02-09,14:00:00,3866.29,3872.27,3844.01,3856.76,0,0
2018-02-09,15:00:00,3856.36,3888.95,3846.49,3885.39,0,0
2018-02-09,16:00:00,3886.5,3902.57,3876.94,3901.36,0,0
2018-02-09,17:00:00,3898.66,3899.1,3856.81,3865.94,0,0
2018-02-09,18:00:00,3869.22,3878.71,3865.67,3876.33,0,0
2018-02-12,10:00:00,3925.73,3933.79,3907.84,3932.08,0,0
2018-02-12,11:00:00,3931.93,3936.13,3924.51,3930.64,0,0
2018-02-12,12:00:00,3930.31,3931.02,3917.7,3924.48,0,0
2018-02-12,13:00:00,3924.61,3928.69,3915.6,3915.6,0,0
2018-02-12,14:00:00,3916.55,3920.1,3908.36,3911.54,0,0
2018-02-12,15:00:00,3911.56,3926.94,3911.1,3921.06,0,0
2018-02-12,16:00:00,3920.73,3933.4,3913.26,3923.84,0,0
2018-02-12,17:00:00,3923.81,3931.02,3915.91,3924.2,0,0
2018-02-12,18:00:00,3924.44,3932.35,3918.18,3918.18,0,0
2018-02-13,10:00:00,3925.2,3930.1,3895.98,3910.11,0,0
2018-02-13,11:00:00,3910.91,3915.85,3904.24,3904.65,0,0
2018-02-13,12:00:00,3905.49,3908.02,3896.19,3905.21,0,0
2018-02-13,13:00:00,3905.67,3906.7,3897.87,3906.7,0,0
2018-02-13,14:00:00,3906.76,3914.19,3905.38,3911.76,0,0
2018-02-13,15:00:00,3911.77,3924.45,3911.77,3919.22,0,0
2018-02-13,16:00:00,3919.31,3920.21,3899,3901.11,0,0
2018-02-13,17:00:00,3900.96,3907.81,3898.44,3900.31,0,0
2018-02-13,18:00:00,3900.58,3900.58,3884.71,3884.71,0,0
2018-02-14,10:00:00,3907.83,3913.47,3901.06,3913.26,0,0
2018-02-14,11:00:00,3913.92,3915.01,3902.69,3905.11,0,0
2018-02-14,12:00:00,3904.93,3906.99,3898.22,3900.63,0,0
2018-02-14,13:00:00,3900.01,3904.23,3898.33,3898.78,0,0
2018-02-14,14:00:00,3899.04,3902.62,3896.94,3900.14,0,0
2018-02-14,15:00:00,3899.92,3902.37,3857.99,3879.8,0,0
2018-02-14,16:00:00,3880.31,3901.33,3874.01,3898.36,0,0
2018-02-14,17:00:00,3897.48,3909.36,3893.17,3895.07,0,0
2018-02-14,18:00:00,3893.72,3899.97,3892.16,3892.16,0,0
2018-02-15,10:00:00,3909.18,3924.4,3904.86,3924.4,0,0
2018-02-15,11:00:00,3924.15,3927.02,3916.14,3926.49,0,0
2018-02-15,12:00:00,3926.36,3928.52,3922.89,3924.96,0,0
2018-02-15,13:00:00,3924.86,3925.71,3917.95,3919.61,0,0
2018-02-15,14:00:00,3920.13,3921.67,3913.68,3918.75,0,0
2018-02-15,15:00:00,3918.48,3924.95,3915.08,3924.49,0,0
2018-02-15,16:00:00,3925.01,3928.14,3920.05,3925.13,0,0
2018-02-15,17:00:00,3925.61,3925.61,3908.26,3908.26,0,0
2018-02-15,18:00:00,3905.24,3913.22,3903.2,3910.11,0,0
2018-02-16,10:00:00,3933.76,3953.97,3931.42,3951.86,0,0
2018-02-16,11:00:00,3951.43,3955.85,3949.89,3951.46,0,0
2018-02-16,12:00:00,3951.08,3956.6,3932.67,3939.53,0,0
2018-02-16,13:00:00,3937.15,3949.26,3936.64,3940.02,0,0
2018-02-16,14:00:00,3938.82,3944.53,3938.5,3941.83,0,0
2018-02-16,15:00:00,3941.72,3942.25,3936.02,3940.97,0,0
2018-02-16,16:00:00,3941.03,3944.56,3937.24,3938.78,0,0
2018-02-16,17:00:00,3939.11,3943.56,3935.93,3943.04,0,0
2018-02-16,18:00:00,3943.31,3946.75,3941.07,3941.19,0,0
2018-02-19,10:00:00,3956.16,3958.5,3945.75,3946.37,0,0
2018-02-19,11:00:00,3946.48,3946.64,3938.2,3939.67,0,0
2018-02-19,12:00:00,3939.81,3941.46,3933.52,3936.76,0,0
2018-02-19,13:00:00,3937.07,3940.69,3935.46,3935.84,0,0
2018-02-19,14:00:00,3935.7,3937.95,3933.78,3935.59,0,0
2018-02-19,15:00:00,3936.21,3936.21,3930.79,3934.87,0,0
2018-02-19,16:00:00,3934.95,3935.74,3926.85,3929.43,0,0
2018-02-19,17:00:00,3929.74,3929.99,3921.14,3922.34,0,0
2018-02-19,18:00:00,3922.25,3925.37,3920.77,3922.2,0,0
2018-02-20,10:00:00,3921.54,3938.28,3921.54,3938.28,0,0
2018-02-20,11:00:00,3938.41,3938.41,3927.34,3927.34,0,0
2018-02-20,12:00:00,3927.51,3930.71,3921.81,3929.75,0,0
2018-02-20,13:00:00,3929.72,3929.88,3920.36,3925.42,0,0
2018-02-20,14:00:00,3925.91,3930.73,3925.91,3929.27,0,0
2018-02-20,15:00:00,3929.25,3931.93,3926.39,3927.15,0,0
2018-02-20,16:00:00,3927.75,3941.52,3925.83,3933.43,0,0
2018-02-20,17:00:00,3933.92,3935.86,3926.9,3931.34,0,0
2018-02-20,18:00:00,3931.76,3938.68,3931.34,3938.62,0,0
2018-02-21,10:00:00,3932.83,3937.07,3926.93,3928.82,0,0
2018-02-21,11:00:00,3929.77,3929.77,3921.07,3922.67,0,0
2018-02-21,12:00:00,3922.94,3924.33,3918.51,3923.35,0,0
2018-02-21,13:00:00,3922.62,3925.44,3916.09,3925.44,0,0
2018-02-21,14:00:00,3925.39,3927.03,3923.23,3924.62,0,0
2018-02-21,15:00:00,3924.88,3932.06,3923.8,3930.05,0,0
2018-02-21,16:00:00,3930.09,3938.5,3930.09,3935.87,0,0
2018-02-21,17:00:00,3936.26,3954.82,3934.56,3952.28,0,0
2018-02-21,18:00:00,3951.98,3952.34,3946.83,3950.27,0,0
2018-02-22,10:00:00,3935.23,3964.91,3929.27,3954.18,0,0
2018-02-22,11:00:00,3953.76,3956.19,3948.02,3954.9,0,0
2018-02-22,12:00:00,3956.93,3968.74,3956.93,3967.8,0,0
2018-02-22,13:00:00,3968.13,3972.1,3962.23,3967.2,0,0
2018-02-22,14:00:00,3967.07,3975.34,3965.68,3965.89,0,0
2018-02-22,15:00:00,3966.75,3970.66,3960.51,3968.03,0,0
2018-02-22,16:00:00,3966.83,3971.11,3960.33,3963.05,0,0
2018-02-22,17:00:00,3963.76,3968.81,3955.06,3966.34,0,0
2018-02-22,18:00:00,3965.92,3983.85,3965.92,3978.85,0,0
2018-02-23,10:00:00,3985.54,3987.21,3972.05,3974.88,0,0
2018-02-23,11:00:00,3975.01,3979.08,3970.28,3975.53,0,0
2018-02-23,12:00:00,3976.58,3976.96,3962.9,3966.21,0,0
2018-02-23,13:00:00,3967.33,3971.02,3966.86,3970.84,0,0
2018-02-23,14:00:00,3970.57,3975.98,3969.63,3973.23,0,0
2018-02-23,15:00:00,3971.81,3974.99,3969.43,3972.07,0,0
2018-02-23,16:00:00,3971.58,3972.31,3964.78,3967.91,0,0
2018-02-23,17:00:00,3968.2,3969.19,3960.57,3968.78,0,0
2018-02-23,18:00:00,3968.79,3972.96,3968.79,3972.53,0,0
2018-02-26,10:00:00,3993.97,4005.65,3990,4001.92,0,0
2018-02-26,11:00:00,4002.03,4003.59,3994.79,3995.88,0,0
2018-02-26,12:00:00,3995.64,3999.45,3994.29,3996.28,0,0
2018-02-26,13:00:00,3996.2,4000.21,3994.66,3995.34,0,0
2018-02-26,14:00:00,3994.98,3997.38,3992.79,3996.59,0,0
2018-02-26,15:00:00,3996.72,4001.14,3993.86,3999.07,0,0
2018-02-26,16:00:00,3999.68,4001.96,3993.71,3994.29,0,0
2018-02-26,17:00:00,3994.2,3994.2,3984.87,3987.37,0,0
2018-02-26,18:00:00,3987.77,3995.52,3986.84,3992.5,0,0
2018-02-27,10:00:00,4003.27,4006.36,3989.72,3996.48,0,0
2018-02-27,11:00:00,3997.19,3998.64,3992.14,3995.06,0,0
2018-02-27,12:00:00,3995.53,3999.83,3991.5,3992.08,0,0
2018-02-27,13:00:00,3991.36,3992.99,3980.53,3984.63,0,0
2018-02-27,14:00:00,3985.36,3991.1,3985.36,3988.43,0,0
2018-02-27,15:00:00,3987.9,3992.11,3984.63,3991.99,0,0
2018-02-27,16:00:00,3993.6,4002.78,3993.6,4000.58,0,0
2018-02-27,17:00:00,4000.51,4016.73,4000.42,4007.5,0,0
2018-02-27,18:00:00,4007.47,4010.17,4005.3,4010.17,0,0
2018-02-28,10:00:00,3993.92,3999.72,3987.72,3992.83,0,0
2018-02-28,11:00:00,3992.93,4001.66,3992.93,3998.06,0,0
2018-02-28,12:00:00,3998.98,3999.11,3985.04,3986.05,0,0
2018-02-28,13:00:00,3986.02,3992.57,3986.02,3988.48,0,0
2018-02-28,14:00:00,3988.6,3993.7,3988.5,3993.41,0,0
2018-02-28,15:00:00,3994.24,4001.11,3994.21,4001.11,0,0
2018-02-28,16:00:00,4002.22,4013.13,4002.22,4007.64,0,0
2018-02-28,17:00:00,4007.37,4011.32,4003.56,4003.56,0,0
2018-02-28,18:00:00,4002.67,4002.67,3989.85,3994.45,0,0
2018-03-01,10:00:00,3992.35,3999.18,3989.17,3991.84,0,0
2018-03-01,11:00:00,3991.1,3991.1,3969.36,3969.43,0,0
2018-03-01,12:00:00,3969.82,3972.03,3958.41,3961.34,0,0
2018-03-01,13:00:00,3961.3,3963.83,3951.23,3953.4,0,0
2018-03-01,14:00:00,3953.2,3958.93,3953.2,3954.98,0,0
2018-03-01,15:00:00,3954.66,3964.63,3948.99,3964.61,0,0
2018-03-01,16:00:00,3965.48,3967.62,3943.78,3945.75,0,0
2018-03-01,17:00:00,3945.18,3968.73,3943.57,3948.6,0,0
2018-03-01,18:00:00,3949.38,3953.55,3941.59,3943.85,0,0
2018-03-02,10:00:00,3926.18,3931.38,3910.28,3911.79,0,0
2018-03-02,11:00:00,3912.54,3915.63,3901.76,3902.01,0,0
2018-03-02,12:00:00,3901.78,3902.38,3886.09,3889.96,0,0
2018-03-02,13:00:00,3889.38,3893.22,3884.3,3890.63,0,0
2018-03-02,14:00:00,3890.86,3892.08,3880.1,3881.07,0,0
2018-03-02,15:00:00,3881.24,3893.52,3879.92,3890.62,0,0
2018-03-02,16:00:00,3889.94,3889.94,3869.71,3873.54,0,0
2018-03-02,17:00:00,3872.84,3875.62,3857.61,3859.73,0,0
2018-03-02,18:00:00,3859.12,3870.09,3855.66,3869.18,0,0
2018-03-05,10:00:00,3859.32,3898.73,3857.87,3890.5,0,0
2018-03-05,11:00:00,3890.31,3892.4,3878.64,3891.98,0,0
2018-03-05,12:00:00,3891.24,3897.67,3889.5,3896.22,0,0
2018-03-05,13:00:00,3896.16,3897.21,3886.84,3888.27,0,0
2018-03-05,14:00:00,3888.38,3889.12,3882.16,3882.78,0,0
2018-03-05,15:00:00,3882.75,3893.54,3882.71,3884.83,0,0
2018-03-05,16:00:00,3884.88,3889.79,3881,3885.6,0,0
2018-03-05,17:00:00,3885.74,3900.22,3880.27,3899.92,0,0
2018-03-05,18:00:00,3900.33,3909.66,3899.04,3907.04,0,0
2018-03-06,10:00:00,3934.16,3939,3927.55,3930.75,0,0
2018-03-06,11:00:00,3930.6,3940.15,3930.6,3939.22,0,0
2018-03-06,12:00:00,3939.2,3940.02,3933.14,3938.27,0,0
2018-03-06,13:00:00,3938.57,3944.59,3933.93,3942.2,0,0
2018-03-06,14:00:00,3942.36,3943.41,3933.74,3936.9,0,0
2018-03-06,15:00:00,3937.12,3942.58,3931.49,3931.49,0,0
2018-03-06,16:00:00,3931.22,3935.33,3927.69,3930.27,0,0
2018-03-06,17:00:00,3930.13,3930.34,3918.8,3919.4,0,0
2018-03-06,18:00:00,3920.43,3922.22,3915.17,3916.41,0,0
2018-03-07,10:00:00,3902.22,3911.12,3890.18,3901.04,0,0
2018-03-07,11:00:00,3900.53,3906.64,3898.99,3903.18,0,0
2018-03-07,12:00:00,3903.22,3906.77,3896.79,3897.03,0,0
2018-03-07,13:00:00,3897.02,3898.17,3888.22,3897.38,0,0
2018-03-07,14:00:00,3898.38,3912.51,3898.38,3907.79,0,0
2018-03-07,15:00:00,3907.99,3915.77,3903.54,3915.44,0,0
2018-03-07,16:00:00,3915.51,3923.85,3912.28,3917.43,0,0
2018-03-07,17:00:00,3914.93,3927.16,3910.77,3927.16,0,0
2018-03-07,18:00:00,3926.85,3929.2,3922.18,3929.2,0,0
2018-03-08,10:00:00,3947.7,3965.87,3946.44,3965,0,0
2018-03-08,11:00:00,3964.87,3970.44,3960.24,3963.22,0,0
2018-03-08,12:00:00,3963.37,3964.74,3958.87,3960.2,0,0
2018-03-08,13:00:00,3960.06,3967.13,3958.42,3967.13,0,0
2018-03-08,14:00:00,3967.58,3972.31,3962.6,3967.82,0,0
2018-03-08,15:00:00,3967.86,3974.85,3965.03,3973.02,0,0
2018-03-08,16:00:00,3973.12,3989.58,3973.12,3978.53,0,0
2018-03-08,17:00:00,3977.93,3981.49,3972.6,3981.4,0,0
2018-03-08,18:00:00,3981.61,3983.94,3974.52,3974.52,0,0
2018-03-09,10:00:00,3969.22,3979.88,3967.37,3977.93,0,0
2018-03-09,11:00:00,3977.81,3978.15,3972.87,3974.28,0,0
2018-03-09,12:00:00,3974.59,3983.86,3971.63,3983.86,0,0
2018-03-09,13:00:00,3984.8,3986.82,3982.73,3984.38,0,0
2018-03-09,14:00:00,3984.62,3987.55,3983.15,3983.16,0,0
2018-03-09,15:00:00,3983.41,4002.26,3980.9,4002.26,0,0
2018-03-09,16:00:00,4002.51,4004.14,3982.58,3986.49,0,0
2018-03-09,17:00:00,3987.12,3992.64,3984.63,3989.28,0,0
2018-03-09,18:00:00,3989.31,3991.92,3984.39,3987.04,0,0
2018-03-12,10:00:00,4010.3,4023.08,4008.43,4012.17,0,0
2018-03-12,11:00:00,4012.68,4021.28,4012.38,4015.88,0,0
2018-03-12,12:00:00,4015.95,4018.11,4014.61,4015.64,0,0
2018-03-12,13:00:00,4016.26,4017.7,4013.18,4017.33,0,0
2018-03-12,14:00:00,4017.22,4017.52,4007.06,4007.17,0,0
2018-03-12,15:00:00,4007.26,4017.07,4003.62,4012.38,0,0
2018-03-12,16:00:00,4013.24,4015.05,4006.91,4007.84,0,0
2018-03-12,17:00:00,4007.3,4008.27,3999.64,4006.05,0,0
2018-03-12,18:00:00,4006.32,4006.32,4002.38,4002.47,0,0
2018-03-13,10:00:00,4004.14,4012.7,4000.8,4011.34,0,0
2018-03-13,11:00:00,4011.44,4013.63,4004.96,4004.98,0,0
2018-03-13,12:00:00,4004.87,4007.44,4002.67,4006.5,0,0
2018-03-13,13:00:00,4006.52,4006.52,4000.43,4000.52,0,0
2018-03-13,14:00:00,4000.6,4006.3,3989.73,3995.83,0,0
2018-03-13,15:00:00,3995.77,3995.79,3984.76,3984.76,0,0
2018-03-13,16:00:00,3984.65,3993.11,3981.08,3988.9,0,0
2018-03-13,17:00:00,3988.57,3988.57,3968.89,3970.78,0,0
2018-03-13,18:00:00,3970.21,3970.87,3960.02,3970.47,0,0
2018-03-14,10:00:00,3951.74,3964.55,3950.51,3953.47,0,0
2018-03-14,11:00:00,3953.64,3960.85,3953.64,3959.67,0,0
2018-03-14,12:00:00,3959.48,3962.43,3950.52,3950.56,0,0
2018-03-14,13:00:00,3950.65,3955.23,3950.38,3950.65,0,0
2018-03-14,14:00:00,3950.37,3954.26,3945.57,3952.41,0,0
2018-03-14,15:00:00,3952.42,3959.71,3948.17,3948.23,0,0
2018-03-14,16:00:00,3948.22,3951.79,3931.85,3932.96,0,0
2018-03-14,17:00:00,3932.7,3936.78,3926.12,3930.61,0,0
2018-03-14,18:00:00,3930.82,3933.85,3924.56,3929.31,0,0
2018-03-15,10:00:00,3945.84,3953.94,3941.19,3946.31,0,0
2018-03-15,11:00:00,3946.35,3951.66,3943.13,3943.85,0,0
2018-03-15,12:00:00,3943.5,3943.5,3929.48,3929.98,0,0
2018-03-15,13:00:00,3930.21,3940.19,3929.15,3937.39,0,0
2018-03-15,14:00:00,3937.63,3938.64,3928.2,3930.19,0,0
2018-03-15,15:00:00,3930.55,3937.25,3930.33,3935.17,0,0
2018-03-15,16:00:00,3934.57,3945.04,3933.5,3943.71,0,0
2018-03-15,17:00:00,3943.22,3954.37,3943.22,3951.5,0,0
2018-03-15,18:00:00,3952.08,3955.49,3950.78,3950.78,0,0
2018-03-16,10:00:00,3951.28,3964.7,3951.28,3959.12,0,0
2018-03-16,11:00:00,3958.36,3958.93,3948.19,3950.65,0,0
2018-03-16,12:00:00,3950.42,3960.27,3949.66,3959.4,0,0
2018-03-16,13:00:00,3956.67,3963.63,3955.59,3956.76,0,0
2018-03-16,14:00:00,3956.58,3961.63,3956.58,3959.16,0,0
2018-03-16,15:00:00,3959.06,3966.56,3956.47,3963.1,0,0
2018-03-16,16:00:00,3963.06,3972.96,3963.06,3971.12,0,0
2018-03-16,17:00:00,3970.94,3971.98,3961.94,3964.32,0,0
2018-03-16,18:00:00,3964.24,3967.88,3960.01,3961.55,0,0
2018-03-19,10:00:00,3956.25,3958.08,3929.36,3933.77,0,0
2018-03-19,11:00:00,3933.87,3936.31,3928.15,3933.99,0,0
2018-03-19,12:00:00,3934.04,3934.93,3928.28,3931.2,0,0
2018-03-19,13:00:00,3931.29,3933.36,3930.25,3931.41,0,0
2018-03-19,14:00:00,3931.69,3938.51,3928.95,3937.84,0,0
2018-03-19,15:00:00,3937.74,3938.98,3931.68,3935.17,0,0
2018-03-19,16:00:00,3934.24,3935.27,3927.09,3930.06,0,0
2018-03-19,17:00:00,3929.05,3931.75,3918.06,3918.81,0,0
2018-03-19,18:00:00,3919.66,3920.64,3915.44,3920.64,0,0
2018-03-20,10:00:00,3927.59,3938.6,3923.44,3927.08,0,0
2018-03-20,11:00:00,3927.17,3928.15,3914.28,3920.39,0,0
2018-03-20,12:00:00,3920.77,3931.73,3920.69,3929.84,0,0
2018-03-20,13:00:00,3928.39,3935.84,3928.39,3933.33,0,0
2018-03-20,14:00:00,3933.86,3934.7,3928.55,3933.42,0,0
2018-03-20,15:00:00,3933.31,3933.31,3922.77,3925.72,0,0
2018-03-20,16:00:00,3925.79,3931.73,3921.42,3930.56,0,0
2018-03-20,17:00:00,3931.78,3934.82,3925.74,3931.65,0,0
2018-03-20,18:00:00,3931.8,3939.25,3928.69,3935.78,0,0
2018-03-21,10:00:00,3936.09,3942.31,3931.26,3932.98,0,0
2018-03-21,11:00:00,3932.46,3933.19,3925.64,3928.87,0,0
2018-03-21,12:00:00,3928.81,3935.45,3924.91,3933.36,0,0
2018-03-21,13:00:00,3932.95,3933.93,3921.64,3923.96,0,0
2018-03-21,14:00:00,3923.85,3924.84,3919.8,3923.73,0,0
2018-03-21,15:00:00,3923.81,3923.81,3912.71,3916.84,0,0
2018-03-21,16:00:00,3917,3917.5,3913.46,3913.53,0,0
2018-03-21,17:00:00,3913.65,3926.05,3912.31,3924.65,0,0
2018-03-21,18:00:00,3924.25,3925.78,3920.36,3925.78,0,0
2018-03-22,10:00:00,3911.28,3915.23,3899.95,3912.91,0,0
2018-03-22,11:00:00,3913.61,3913.61,3883.1,3887.45,0,0
2018-03-22,12:00:00,3888.09,3894.85,3879.12,3879.65,0,0
2018-03-22,13:00:00,3879.73,3883.3,3871.96,3872.03,0,0
2018-03-22,14:00:00,3871.11,3871.53,3850.94,3856.99,0,0
2018-03-22,15:00:00,3857.1,3858.69,3846.29,3854,0,0
2018-03-22,16:00:00,3853.51,3861.04,3836.23,3839.37,0,0
2018-03-22,17:00:00,3840.99,3849.23,3832.86,3835.56,0,0
2018-03-22,18:00:00,3834.67,3858.5,3830.59,3858.5,0,0
2018-03-23,10:00:00,3823.42,3829.74,3796.42,3797.95,0,0
2018-03-23,11:00:00,3799.28,3802.97,3781.16,3786.62,0,0
2018-03-23,12:00:00,3786.98,3805.32,3786.14,3805.16,0,0
2018-03-23,13:00:00,3804.56,3804.56,3796.33,3798.23,0,0
2018-03-23,14:00:00,3798.72,3814.02,3798.72,3807.12,0,0
2018-03-23,15:00:00,3807.15,3829.26,3807.15,3825.01,0,0
2018-03-23,16:00:00,3826.42,3829.7,3818.03,3827.31,0,0
2018-03-23,17:00:00,3827.19,3827.9,3806.27,3806.27,0,0
2018-03-23,18:00:00,3806.36,3821.96,3806.36,3816.96,0,0
2018-03-26,10:00:00,3831.64,3832.04,3815.54,3823.04,0,0
2018-03-26,11:00:00,3823.08,3833.8,3823.08,3824.47,0,0
2018-03-26,12:00:00,3824.67,3830.32,3821.04,3826.76,0,0
2018-03-26,13:00:00,3826.82,3833.75,3826.1,3833.64,0,0
2018-03-26,14:00:00,3833.67,3837.34,3830.32,3835.27,0,0
2018-03-26,15:00:00,3834.58,3839.67,3831.71,3833.29,0,0
2018-03-26,16:00:00,3832.58,3832.58,3818.38,3818.94,0,0
2018-03-26,17:00:00,3817.65,3818.67,3784.67,3792.49,0,0
2018-03-26,18:00:00,3792.13,3798.22,3787.33,3797.02,0,0
2018-03-27,10:00:00,3841.26,3847.75,3825.05,3830.75,0,0
2018-03-27,11:00:00,3830.34,3832.44,3824.04,3828.89,0,0
2018-03-27,12:00:00,3828.8,3839.57,3828.8,3839.47,0,0
2018-03-27,13:00:00,3839.46,3840,3827.48,3827.48,0,0
2018-03-27,14:00:00,3825.11,3838.62,3825.11,3835.53,0,0
2018-03-27,15:00:00,3835.36,3840.58,3833.82,3836.94,0,0
2018-03-27,16:00:00,3836.63,3838.9,3819.41,3826.72,0,0
2018-03-27,17:00:00,3826.86,3830.75,3817.42,3824.31,0,0
2018-03-27,18:00:00,3823.58,3825.98,3820.96,3824.42,0,0
2018-03-28,10:00:00,3798.16,3798.89,3780.11,3780.34,0,0
2018-03-28,11:00:00,3779.99,3798.35,3779.99,3786.38,0,0
2018-03-28,12:00:00,3787.68,3804.97,3786.87,3798.35,0,0
2018-03-28,13:00:00,3798.15,3817.34,3797.4,3817.34,0,0
2018-03-28,14:00:00,3817.72,3827.75,3815.61,3827.75,0,0
2018-03-28,15:00:00,3827.33,3841.55,3827.33,3834.81,0,0
2018-03-28,16:00:00,3835,3849.58,3829.68,3848.73,0,0
2018-03-28,17:00:00,3851.13,3854.01,3830.52,3838.46,0,0
2018-03-28,18:00:00,3839.38,3852.37,3839.38,3852.37,0,0
2018-03-29,10:00:00,3864.22,3866.06,3844.9,3852.36,0,0
2018-03-29,11:00:00,3851.68,3861.71,3848.57,3859.9,0,0
2018-03-29,12:00:00,3859.41,3874.61,3859.04,3873.24,0,0
2018-03-29,13:00:00,3873.89,3875.04,3865.39,3865.39,0,0
2018-03-29,14:00:00,3865.05,3867.46,3863.08,3865.38,0,0
2018-03-29,15:00:00,3865.56,3869.88,3862.96,3869.08,0,0
2018-03-29,16:00:00,3868.62,3873.26,3858.67,3860.64,0,0
2018-03-29,17:00:00,3862.98,3876.16,3859.35,3873.11,0,0
2018-03-29,18:00:00,3874.14,3874.14,3857.1,3857.1,0,0
