Date,Time,Open,High,Low,Close,Volume,OpenInt
2017-09-28,09:00:00,7914.24,7933.74,7914.24,7920.89,0,0
2017-09-28,10:00:00,7916.83,7922.24,7893.24,7908.05,0,0
2017-09-28,11:00:00,7913.47,7920.64,7903.55,7916.42,0,0
2017-09-28,12:00:00,7914.53,7915.37,7904.51,7909.96,0,0
2017-09-28,13:00:00,7911.24,7936.62,7905.33,7933.97,0,0
2017-09-28,14:00:00,7933.17,7933.17,7917.52,7928.25,0,0
2017-09-28,15:00:00,7924.72,7929.27,7924.72,7929.27,0,0
2017-09-28,16:00:00,7930.01,7930.01,7924.16,7929.18,0,0
2017-09-29,09:00:00,7934.91,7951.97,7934.91,7948,0,0
2017-09-29,10:00:00,7946.05,7947.38,7923.04,7923.04,0,0
2017-09-29,11:00:00,7925.69,7930.78,7918.37,7918.37,0,0
2017-09-29,12:00:00,7916.69,7918.76,7910.09,7918.76,0,0
2017-09-29,13:00:00,7917.4,7928.13,7917.4,7924.44,0,0
2017-09-29,14:00:00,7922.56,7928.34,7910.95,7914.34,0,0
2017-09-29,15:00:00,7912.51,7915.25,7908.61,7915.25,0,0
2017-09-29,16:00:00,7911.35,7911.35,7899.03,7903.72,0,0
2017-10-02,09:00:00,7877.92,7916.74,7877.92,7916.56,0,0
2017-10-02,10:00:00,7917.4,7937.74,7911.64,7911.64,0,0
2017-10-02,11:00:00,7907.74,7917.96,7899.57,7909.12,0,0
2017-10-02,12:00:00,7909.54,7909.54,7895.04,7898.06,0,0
2017-10-02,13:00:00,7900.81,7900.81,7882.87,7885.1,0,0
2017-10-02,14:00:00,7885.79,7891.58,7875.54,7880.91,0,0
2017-10-02,15:00:00,7880.41,7883.94,7870.29,7874.82,0,0
2017-10-02,16:00:00,7877.47,7893.97,7871.15,7890.44,0,0
2017-10-03,09:00:00,7895.25,7920.29,7895.25,7920.29,0,0
2017-10-03,10:00:00,7918.34,7925.18,7902.1,7925.18,0,0
2017-10-03,11:00:00,7921.65,7929.94,7911.18,7921.76,0,0
2017-10-03,12:00:00,7923.71,7925.04,7910.98,7912.55,0,0
2017-10-03,13:00:00,7918.4,7924.52,7914.91,7917.98,0,0
2017-10-03,14:00:00,7917.48,7917.48,7898.43,7901.82,0,0
2017-10-03,15:00:00,7903.15,7907.66,7901.2,7904.45,0,0
2017-10-03,16:00:00,7900.91,7907.33,7899.76,7899.76,0,0
2017-10-04,09:00:00,7888.01,7917.81,7888.01,7910.68,0,0
2017-10-04,10:00:00,7904.83,7910.85,7892.16,7894.2,0,0
2017-10-04,11:00:00,7890.67,7894.2,7827.44,7836.18,0,0
2017-10-04,12:00:00,7840.16,7847.37,7834.38,7837.22,0,0
2017-10-04,13:00:00,7838.57,7838.57,7808.44,7813.92,0,0
2017-10-04,14:00:00,7814.71,7825.33,7795.71,7821.8,0,0
2017-10-04,15:00:00,7823.75,7833.99,7818.77,7826.23,0,0
2017-10-04,16:00:00,7828.18,7843.64,7823.93,7841.68,0,0
2017-10-05,09:00:00,7888.66,7896.48,7888.66,7896.48,0,0
2017-10-05,10:00:00,7889.42,7897.79,7885.71,7897.33,0,0
2017-10-05,11:00:00,7895.65,7900.1,7891.36,7899.56,0,0
2017-10-05,12:00:00,7899.33,7902.3,7897.27,7899.73,0,0
2017-10-05,13:00:00,7900.23,7900.23,7884.82,7889.09,0,0
2017-10-05,14:00:00,7892.62,7897.73,7883.63,7894.2,0,0
2017-10-05,15:00:00,7891.55,7905.37,7891.55,7899.03,0,0
2017-10-05,16:00:00,7899.52,7903.42,7899.52,7899.58,0,0
2017-10-06,09:00:00,7904.62,7916.72,7899.35,7916.72,0,0
2017-10-06,10:00:00,7907.4,7918.89,7898.79,7912.14,0,0
2017-10-06,11:00:00,7916.13,7951.26,7916.13,7950.11,0,0
2017-10-06,12:00:00,7944.7,7954.43,7942.49,7946.84,0,0
2017-10-06,13:00:00,7950.39,7961.24,7950.39,7959.66,0,0
2017-10-06,14:00:00,7963.2,7968.27,7957.64,7966.37,0,0
2017-10-06,15:00:00,7964.5,7982.14,7962.45,7974.22,0,0
2017-10-06,16:00:00,7974.75,7984.91,7968.98,7982.2,0,0
2017-10-09,09:00:00,7984.32,8012.42,7982.04,8006.92,0,0
2017-10-09,10:00:00,8005.59,8026.03,8001.99,8018.33,0,0
2017-10-09,11:00:00,8014.78,8019.16,7995.79,7996.14,0,0
2017-10-09,12:00:00,7994.27,8008.6,7989.32,8003.92,0,0
2017-10-09,13:00:00,8000.37,8017.84,7998.12,8017.84,0,0
2017-10-09,14:00:00,8013.93,8020.02,8010.2,8018.73,0,0
2017-10-09,15:00:00,8016.78,8018.96,8010.36,8015.76,0,0
2017-10-09,16:00:00,8012.21,8016.48,8010.19,8013.29,0,0
2017-10-10,09:00:00,8010.1,8019.82,8006.75,8016.69,0,0
2017-10-10,10:00:00,8017.25,8032.13,8012.83,8020.71,0,0
2017-10-10,11:00:00,8024.26,8032.57,8017.03,8023.73,0,0
2017-10-10,12:00:00,8023.59,8028.98,8018.58,8022.56,0,0
2017-10-10,13:00:00,8020.6,8023.31,8011.36,8022.25,0,0
2017-10-10,14:00:00,8018.71,8022.25,8000.63,8008.81,0,0
2017-10-10,15:00:00,8006.24,8011.94,7996.71,8011.11,0,0
2017-10-10,16:00:00,8005.52,8006.75,8001.05,8006.75,0,0
2017-10-11,09:00:00,8022.51,8022.65,8009.93,8009.93,0,0
2017-10-11,10:00:00,8017.16,8019.12,7990.5,7997.6,0,0
2017-10-11,11:00:00,7998.95,8007.56,7995.86,8006.98,0,0
2017-10-11,12:00:00,8007.4,8007.4,7988.99,7992.72,0,0
2017-10-11,13:00:00,7988.8,8005.12,7984.95,8005.12,0,0
2017-10-11,14:00:00,8004.62,8010.13,7992.03,8009.67,0,0
2017-10-11,15:00:00,8011,8017.96,8006.3,8007.31,0,0
2017-10-11,16:00:00,8002.79,8004.13,7990.36,7998.79,0,0
2017-10-12,09:00:00,8010.43,8010.43,8001.49,8001.49,0,0
2017-10-12,10:00:00,7997.76,8014.18,7997.76,8014.18,0,0
2017-10-12,11:00:00,8010.27,8014.14,8005.21,8010.2,0,0
2017-10-12,12:00:00,8009.4,8009.4,7992,7993.33,0,0
2017-10-12,13:00:00,7995.9,8000.37,7991.2,7999.09,0,0
2017-10-12,14:00:00,8000.37,8005.17,7993.87,7999.07,0,0
2017-10-12,15:00:00,7995.23,8003.93,7995.23,8000.25,0,0
2017-10-12,16:00:00,8001.44,8006.94,7998.05,8006.94,0,0
2017-10-13,09:00:00,8000.95,8016.69,8000.95,8016.69,0,0
2017-10-13,10:00:00,8013.14,8030.86,8013.14,8030.86,0,0
2017-10-13,11:00:00,8031.78,8033.11,8027.04,8030.9,0,0
2017-10-13,12:00:00,8027.35,8032.28,8019.95,8031.92,0,0
2017-10-13,13:00:00,8030.64,8034.49,8024.31,8033.4,0,0
2017-10-13,14:00:00,8029.49,8034.73,8029.49,8032.77,0,0
2017-10-13,15:00:00,8029.22,8032.77,8018.65,8023.62,0,0
2017-10-13,16:00:00,8020.31,8024.68,8020.17,8023.76,0,0
2017-10-16,09:00:00,8029.37,8042.38,8029.11,8038.84,0,0
2017-10-16,10:00:00,8045.93,8046.07,8032.59,8033.7,0,0
2017-10-16,11:00:00,8035.06,8035.47,8027.21,8031.51,0,0
2017-10-16,12:00:00,8030.18,8037.48,8027.9,8036.88,0,0
2017-10-16,13:00:00,8033.33,8041.52,8033.33,8039.57,0,0
2017-10-16,14:00:00,8043.91,8047.92,8040.69,8042.16,0,0
2017-10-16,15:00:00,8043.44,8043.58,8030.76,8038.27,0,0
2017-10-16,16:00:00,8036.91,8044.97,8031.1,8044.97,0,0
2017-10-17,09:00:00,8030.52,8060.07,8030.52,8056.41,0,0
2017-10-17,10:00:00,8056.55,8064.42,8050.49,8060.87,0,0
2017-10-17,11:00:00,8057.33,8068.99,8052.9,8068.99,0,0
2017-10-17,12:00:00,8067.66,8073.15,8063.88,8069.27,0,0
2017-10-17,13:00:00,8066.7,8069.98,8057.28,8066.43,0,0
2017-10-17,14:00:00,8064.57,8065.68,8061.34,8064.46,0,0
2017-10-17,15:00:00,8063.67,8065.43,8058.17,8063.78,0,0
2017-10-17,16:00:00,8065.14,8066.25,8063.86,8065.61,0,0
2017-10-18,09:00:00,8064.03,8070.31,8064.03,8069.4,0,0
2017-10-18,10:00:00,8069.9,8071.77,8063.13,8066.14,0,0
2017-10-18,11:00:00,8066.37,8072.75,8058.46,8060.42,0,0
2017-10-18,12:00:00,8063.08,8066.64,8059.11,8066.28,0,0
2017-10-18,13:00:00,8064.15,8064.15,8049.79,8052.01,0,0
2017-10-18,14:00:00,8051.59,8055.57,8051.1,8054.37,0,0
2017-10-18,15:00:00,8054.14,8056.09,8047.19,8047.56,0,0
2017-10-18,16:00:00,8051.1,8053.02,8040.33,8041.66,0,0
2017-10-19,09:00:00,8052.07,8067.94,8052.07,8063.03,0,0
2017-10-19,10:00:00,8062.57,8063.48,8035.77,8039.37,0,0
2017-10-19,11:00:00,8034.31,8038.14,8025.7,8026.88,0,0
2017-10-19,12:00:00,8026.74,8028.83,8014.73,8017.08,0,0
2017-10-19,13:00:00,8018.41,8022.14,8008.32,8008.32,0,0
2017-10-19,14:00:00,8010.28,8012.05,8005.76,8006.65,0,0
2017-10-19,15:00:00,8010.2,8015.31,8003.3,8003.3,0,0
2017-10-19,16:00:00,8004.3,8013.44,8002.34,8009.42,0,0
2017-10-20,09:00:00,8011.64,8031.72,8011.64,8031.72,0,0
2017-10-20,10:00:00,8035.27,8035.27,8016.42,8017.69,0,0
2017-10-20,11:00:00,8016.77,8016.77,7990.34,7997.8,0,0
2017-10-20,12:00:00,7994.25,7995.53,7968.29,7973.03,0,0
2017-10-20,13:00:00,7974.38,7977.43,7965.88,7967.84,0,0
2017-10-20,14:00:00,7964.29,7980.28,7964.29,7973.98,0,0
2017-10-20,15:00:00,7975.31,7981.57,7969.79,7971.75,0,0
2017-10-20,16:00:00,7972.17,7972.17,7966.26,7968.5,0,0
2017-10-23,09:00:00,7933.48,7952.73,7933.48,7951.38,0,0
2017-10-23,10:00:00,7950.58,7950.58,7930.84,7930.84,0,0
2017-10-23,11:00:00,7936.41,7937.74,7909.86,7924.86,0,0
2017-10-23,12:00:00,7919.53,7924.61,7911.37,7911.37,0,0
2017-10-23,13:00:00,7907.82,7930.44,7906.54,7916.7,0,0
2017-10-23,14:00:00,7921.83,7921.83,7911.11,7921.38,0,0
2017-10-23,15:00:00,7920.46,7924.37,7906.82,7906.82,0,0
2017-10-23,16:00:00,7904.86,7916.29,7901.82,7906.92,0,0
2017-10-24,09:00:00,7900.58,7904.21,7896.61,7904.21,0,0
2017-10-24,10:00:00,7917.9,7919.19,7908.83,7909.25,0,0
2017-10-24,11:00:00,7911.09,7913.04,7889.65,7892.88,0,0
2017-10-24,12:00:00,7889.34,7892.88,7871.4,7872.44,0,0
2017-10-24,13:00:00,7872.67,7886.78,7871.67,7879.8,0,0
2017-10-24,14:00:00,7881.76,7889.27,7880.36,7886.69,0,0
2017-10-24,15:00:00,7887.48,7887.48,7871.28,7874.83,0,0
2017-10-24,16:00:00,7876.79,7882.91,7873.24,7882.91,0,0
2017-10-25,09:00:00,7890.9,7896.63,7890.9,7896.63,0,0
2017-10-25,10:00:00,7897.56,7897.56,7864.54,7890.38,0,0
2017-10-25,11:00:00,7889.46,7889.46,7870.93,7870.93,0,0
2017-10-25,12:00:00,7871.85,7875.14,7862.98,7875.14,0,0
2017-10-25,13:00:00,7873.18,7878.33,7871.14,7874.25,0,0
2017-10-25,14:00:00,7872.29,7874.25,7856.79,7858.74,0,0
2017-10-25,15:00:00,7856.79,7866.09,7842.1,7846.29,0,0
2017-10-25,16:00:00,7848.85,7855.53,7848.44,7854.03,0,0
2017-10-26,09:00:00,7880.7,7889.88,7880.7,7889.88,0,0
2017-10-26,10:00:00,7891.84,7893.79,7878.04,7892.06,0,0
2017-10-26,11:00:00,7888.51,7889.94,7880.25,7882.45,0,0
2017-10-26,12:00:00,7882.27,7886.73,7882.27,7886.5,0,0
2017-10-26,13:00:00,7882.59,7887.68,7881.52,7881.94,0,0
2017-10-26,14:00:00,7885.49,7887.01,7878.61,7883.58,0,0
2017-10-26,15:00:00,7881.62,7881.62,7870.65,7880.99,0,0
2017-10-26,16:00:00,7880.19,7884.11,7878.16,7878.16,0,0
2017-10-27,09:00:00,7879.53,7885.11,7870.25,7885.11,0,0
2017-10-27,10:00:00,7886.44,7889.99,7873.84,7874.4,0,0
2017-10-27,11:00:00,7878.31,7882.43,7856.01,7856.01,0,0
2017-10-27,12:00:00,7857.34,7862.07,7845.27,7856.54,0,0
2017-10-27,13:00:00,7857.87,7860.79,7841.6,7857.33,0,0
2017-10-27,14:00:00,7856.9,7856.9,7837.68,7856.38,0,0
2017-10-27,15:00:00,7858.94,7867.81,7850.66,7862.39,0,0
2017-10-27,16:00:00,7862.82,7866.36,7852.87,7866.36,0,0
2017-10-30,09:00:00,7859.07,7866.49,7850.16,7861.81,0,0
2017-10-30,10:00:00,7868.46,7872.08,7845.87,7848.98,0,0
2017-10-30,11:00:00,7852.52,7852.52,7826.95,7840.65,0,0
2017-10-30,12:00:00,7843.03,7843.03,7826.08,7832.2,0,0
2017-10-30,13:00:00,7828.65,7832.2,7821.5,7826.64,0,0
2017-10-30,14:00:00,7825.31,7827.38,7808.64,7810.19,0,0
2017-10-30,15:00:00,7809.34,7828.59,7806.97,7820.39,0,0
2017-10-30,16:00:00,7816.84,7821.29,7809.07,7811.82,0,0
2017-10-31,09:00:00,7845.51,7845.51,7828.71,7828.88,0,0
2017-10-31,10:00:00,7824.92,7838.29,7804.23,7823.81,0,0
2017-10-31,11:00:00,7825.11,7826.26,7811.36,7814.56,0,0
2017-10-31,12:00:00,7814.07,7833.89,7814.07,7829.01,0,0
2017-10-31,13:00:00,7830.34,7833.27,7819.52,7820.36,0,0
2017-10-31,14:00:00,7821.69,7824.99,7814.67,7824.99,0,0
2017-10-31,15:00:00,7821.44,7827.85,7813.54,7814.63,0,0
2017-10-31,16:00:00,7812.31,7829.54,7808.84,7826.23,0,0
2017-11-01,09:00:00,7842.76,7855.55,7842.59,7848.6,0,0
2017-11-01,10:00:00,7850.09,7860.21,7834.66,7859.77,0,0
2017-11-01,11:00:00,7859.27,7859.27,7847.72,7851.27,0,0
2017-11-01,12:00:00,7850.85,7858.17,7847.44,7848.65,0,0
2017-11-01,13:00:00,7845.1,7849.98,7826.77,7829.3,0,0
2017-11-01,14:00:00,7829.44,7829.44,7810.51,7820.32,0,0
2017-11-01,15:00:00,7819.33,7829.75,7815.6,7821.37,0,0
2017-11-01,16:00:00,7822.73,7830.68,7813.95,7824.09,0,0
2017-11-02,09:00:00,7790.33,7830.39,7790.33,7830.39,0,0
2017-11-02,10:00:00,7833.93,7849.2,7833.93,7838.2,0,0
2017-11-02,11:00:00,7835.49,7842.07,7827.67,7829,0,0
2017-11-02,12:00:00,7827.67,7835.35,7827.53,7829.82,0,0
2017-11-02,13:00:00,7831.15,7831.15,7809.95,7810.63,0,0
2017-11-02,14:00:00,7810.77,7815.31,7805.21,7810.58,0,0
2017-11-02,15:00:00,7808.71,7817.42,7805.57,7812.41,0,0
2017-11-02,16:00:00,7813.74,7814.39,7808.3,7811.13,0,0
2017-11-03,09:00:00,7783.84,7825.3,7783.84,7814.82,0,0
2017-11-03,10:00:00,7805.04,7814.82,7780.24,7780.24,0,0
2017-11-03,11:00:00,7777.05,7788.74,7760.04,7765.37,0,0
2017-11-03,12:00:00,7766.65,7775.21,7757.7,7760.92,0,0
2017-11-03,13:00:00,7760.78,7769.18,7753.89,7758.28,0,0
2017-11-03,14:00:00,7754.74,7765.75,7754.74,7764.96,0,0
2017-11-03,15:00:00,7764.73,7768.85,7758.42,7766.89,0,0
2017-11-03,16:00:00,7767.32,7767.32,7747.73,7754.03,0,0
2017-11-06,09:00:00,7753.8,7765.48,7743.9,7744.36,0,0
2017-11-06,10:00:00,7737.94,7737.94,7712.78,7715.96,0,0
2017-11-06,11:00:00,7717.24,7739.44,7713.49,7736.03,0,0
2017-11-06,12:00:00,7734.07,7736.03,7724.48,7728.6,0,0
2017-11-06,13:00:00,7725.85,7739.3,7725.71,7739.3,0,0
2017-11-06,14:00:00,7735.75,7744.21,7730.78,7744.21,0,0
2017-11-06,15:00:00,7745.49,7769.57,7739.99,7766.96,0,0
2017-11-06,16:00:00,7766.04,7776.08,7766.04,7774.52,0,0
2017-11-07,09:00:00,7787.96,7787.96,7725.32,7730.86,0,0
2017-11-07,10:00:00,7723.77,7756.98,7723.77,7747.89,0,0
2017-11-07,11:00:00,7744.34,7774.39,7732.93,7774.39,0,0
2017-11-07,12:00:00,7773.04,7773.04,7744.6,7751.76,0,0
2017-11-07,13:00:00,7753.09,7763.07,7744.89,7749.79,0,0
2017-11-07,14:00:00,7746.24,7764.18,7746.24,7759.57,0,0
2017-11-07,15:00:00,7756.02,7756.21,7739.6,7740.6,0,0
2017-11-07,16:00:00,7741.02,7753.17,7741.02,7751.61,0,0
2017-11-08,09:00:00,7747.41,7769.8,7747.41,7764.43,0,0
2017-11-08,10:00:00,7767.97,7772.99,7762.44,7766.94,0,0
2017-11-08,11:00:00,7767.74,7772.38,7763.27,7764.12,0,0
2017-11-08,12:00:00,7767.66,7772.65,7765.07,7772.12,0,0
2017-11-08,13:00:00,7773.71,7776.02,7766.8,7769.85,0,0
2017-11-08,14:00:00,7773.4,7785.97,7773.36,7773.36,0,0
2017-11-08,15:00:00,7776.91,7788.91,7770.53,7782.37,0,0
2017-11-08,16:00:00,7778.82,7784.77,7770.57,7771.75,0,0
2017-11-09,09:00:00,7777.27,7792.59,7769.72,7777.01,0,0
2017-11-09,10:00:00,7787.27,7794.82,7772.94,7783.94,0,0
2017-11-09,11:00:00,7779.16,7792.15,7766.49,7777.72,0,0
2017-11-09,12:00:00,7779.39,7782.66,7761.17,7771.41,0,0
2017-11-09,13:00:00,7770.08,7774.95,7762.97,7763.44,0,0
2017-11-09,14:00:00,7764.72,7764.72,7748.78,7756.27,0,0
2017-11-09,15:00:00,7754.94,7760.51,7750.5,7757.24,0,0
2017-11-09,16:00:00,7759.19,7759.24,7742.97,7750.29,0,0
2017-11-10,09:00:00,7746.99,7790.62,7746.99,7790.62,0,0
2017-11-10,10:00:00,7791.95,7796.1,7775.42,7775.92,0,0
2017-11-10,11:00:00,7774.58,7784.84,7773.7,7777.24,0,0
2017-11-10,12:00:00,7775.91,7786.66,7773.93,7783.67,0,0
2017-11-10,13:00:00,7781.01,7782.72,7767.46,7771.55,0,0
2017-11-10,14:00:00,7770.22,7773.77,7762.64,7768.42,0,0
2017-11-10,15:00:00,7764.88,7773.29,7757.94,7764.67,0,0
2017-11-10,16:00:00,7768.35,7768.35,7762.22,7765.71,0,0
2017-11-13,09:00:00,7775.48,7802.14,7775.48,7801.29,0,0
2017-11-13,10:00:00,7799.33,7804.62,7784.75,7788.3,0,0
2017-11-13,11:00:00,7786.97,7788.44,7755.05,7760.93,0,0
2017-11-13,12:00:00,7759.07,7762.96,7750.13,7755.72,0,0
2017-11-13,13:00:00,7752.17,7755.89,7748.37,7752.05,0,0
2017-11-13,14:00:00,7751.82,7758.29,7738.48,7751.21,0,0
2017-11-13,15:00:00,7748.5,7749.09,7741.02,7745.69,0,0
2017-11-13,16:00:00,7746.97,7754.51,7745.69,7751.13,0,0
2017-11-14,09:00:00,7742.57,7795.55,7742.57,7794.36,0,0
2017-11-14,10:00:00,7792.4,7793.94,7766.54,7774.52,0,0
2017-11-14,11:00:00,7772.57,7795.33,7770.98,7789.54,0,0
2017-11-14,12:00:00,7789.72,7801.38,7787.76,7798.25,0,0
2017-11-14,13:00:00,7794.71,7804.3,7785.1,7804.3,0,0
2017-11-14,14:00:00,7802.97,7822.78,7799.42,7809.8,0,0
2017-11-14,15:00:00,7810.22,7824.64,7809.8,7820.75,0,0
2017-11-14,16:00:00,7818.19,7829.53,7816.59,7822.83,0,0
2017-11-15,09:00:00,7804.73,7839.83,7804.73,7826.64,0,0
2017-11-15,10:00:00,7830.19,7831.59,7805.35,7805.35,0,0
2017-11-15,11:00:00,7803.4,7807.44,7797.31,7798.1,0,0
2017-11-15,12:00:00,7799.43,7804.95,7777.2,7791.81,0,0
2017-11-15,13:00:00,7781.17,7782.34,7766.24,7767.63,0,0
2017-11-15,14:00:00,7763.17,7769.4,7751.94,7762.9,0,0
2017-11-15,15:00:00,7763.04,7763.04,7727.5,7730.29,0,0
2017-11-15,16:00:00,7731.04,7735.22,7723.49,7735.22,0,0
2017-11-16,09:00:00,7731.36,7738.07,7731.36,7738.07,0,0
2017-11-16,10:00:00,7739.92,7739.92,7721.82,7725.65,0,0
2017-11-16,11:00:00,7726.14,7726.14,7690.55,7701.43,0,0
2017-11-16,12:00:00,7704.98,7715.19,7701.16,7712.91,0,0
2017-11-16,13:00:00,7713.33,7720.8,7704.77,7716.85,0,0
2017-11-16,14:00:00,7714.89,7719.58,7689.79,7699.7,0,0
2017-11-16,15:00:00,7699.28,7716.86,7691.46,7710.45,0,0
2017-11-16,16:00:00,7709.86,7717.85,7707.7,7709.27,0,0
2017-11-17,09:00:00,7717.18,7751.48,7717.18,7743.97,0,0
2017-11-17,10:00:00,7744.89,7746.37,7725.31,7741.73,0,0
2017-11-17,11:00:00,7739.02,7744.45,7735.47,7744.45,0,0
2017-11-17,12:00:00,7745.73,7758.72,7745.73,7750.67,0,0
2017-11-17,13:00:00,7747.13,7756.47,7744.72,7747.52,0,0
2017-11-17,14:00:00,7748.85,7750.07,7743.82,7747.93,0,0
2017-11-17,15:00:00,7749.89,7753.8,7746.21,7746.27,0,0
2017-11-17,16:00:00,7747.55,7756.99,7747.55,7753.21,0,0
2017-11-20,09:00:00,7772.14,7784.54,7771.94,7782.58,0,0
2017-11-20,10:00:00,7771.94,7784.54,7766.79,7772.69,0,0
2017-11-20,11:00:00,7775.35,7800.42,7775.35,7796.31,0,0
2017-11-20,12:00:00,7792.58,7818.41,7789.43,7817.13,0,0
2017-11-20,13:00:00,7820.68,7821.96,7811.08,7811.65,0,0
2017-11-20,14:00:00,7809.79,7835.96,7809.79,7832.35,0,0
2017-11-20,15:00:00,7835.76,7836.85,7823.16,7827.83,0,0
2017-11-20,16:00:00,7825.87,7829.78,7820.91,7823.1,0,0
2017-11-21,09:00:00,7814.25,7820.71,7803.26,7811.15,0,0
2017-11-21,10:00:00,7809.82,7835.5,7808.64,7832.43,0,0
2017-11-21,11:00:00,7833.23,7834.08,7823.99,7823.99,0,0
2017-11-21,12:00:00,7822.4,7822.4,7814.27,7821.62,0,0
2017-11-21,13:00:00,7820.92,7824.03,7818.11,7819.05,0,0
2017-11-21,14:00:00,7819.28,7822.6,7808.94,7813,0,0
2017-11-21,15:00:00,7812.82,7817.06,7807.58,7811.09,0,0
2017-11-21,16:00:00,7814.64,7817.92,7813.05,7817.39,0,0
2017-11-22,09:00:00,7818.89,7834.18,7818.89,7829.2,0,0
2017-11-22,10:00:00,7829.62,7830.95,7809.9,7814.13,0,0
2017-11-22,11:00:00,7815.41,7821.71,7810.77,7816.21,0,0
2017-11-22,12:00:00,7817.01,7817.01,7805.7,7808.34,0,0
2017-11-22,13:00:00,7808.94,7813.22,7807.11,7810.52,0,0
2017-11-22,14:00:00,7809.73,7821.85,7803.8,7821.85,0,0
2017-11-22,15:00:00,7824.42,7828.47,7820.26,7821.21,0,0
2017-11-22,16:00:00,7822.57,7825.53,7814.6,7825.35,0,0
2017-11-23,09:00:00,7788.6,7804.31,7788.6,7793.47,0,0
2017-11-23,10:00:00,7796.13,7800.54,7780.44,7792.44,0,0
2017-11-23,11:00:00,7795.98,7797.98,7776.8,7778.39,0,0
2017-11-23,12:00:00,7780.35,7790.35,7777.67,7783.1,0,0
2017-11-23,13:00:00,7786.21,7787.8,7770.82,7779.37,0,0
2017-11-23,14:00:00,7779.57,7786.88,7778.72,7784.93,0,0
2017-11-23,15:00:00,7783.57,7790.3,7778.19,7783.02,0,0
2017-11-23,16:00:00,7782.88,7784.19,7775.54,7779.08,0,0
2017-11-24,09:00:00,7784.28,7816.45,7784.28,7812.46,0,0
2017-11-24,10:00:00,7814.08,7832.43,7814.08,7817.49,0,0
2017-11-24,11:00:00,7821.04,7824.6,7811.55,7821.57,0,0
2017-11-24,12:00:00,7818.03,7823.79,7791.67,7802.17,0,0
2017-11-24,13:00:00,7801.7,7802.35,7788.17,7798.62,0,0
2017-11-24,14:00:00,7799.9,7800.92,7783.96,7793.08,0,0
2017-11-24,15:00:00,7791.8,7794.42,7777.67,7788.31,0,0
2017-11-24,16:00:00,7784.76,7789.1,7784.76,7788.31,0,0
2017-11-27,09:00:00,7781.52,7798.82,7781.52,7793.48,0,0
2017-11-27,10:00:00,7797.03,7797.03,7764.67,7764.67,0,0
2017-11-27,11:00:00,7768.22,7775.31,7754.6,7761.77,0,0
2017-11-27,12:00:00,7765.32,7767.88,7755.19,7755.19,0,0
2017-11-27,13:00:00,7755.21,7756.8,7743.94,7745.84,0,0
2017-11-27,14:00:00,7747.79,7747.79,7734.29,7734.6,0,0
2017-11-27,15:00:00,7733.8,7736.61,7722.07,7733.3,0,0
2017-11-27,16:00:00,7729.75,7736.49,7724.62,7733.93,0,0
2017-11-28,09:00:00,7737.64,7768.48,7737.64,7768.48,0,0
2017-11-28,10:00:00,7771.14,7773.53,7760.21,7764.11,0,0
2017-11-28,11:00:00,7763.31,7763.4,7740.54,7743.23,0,0
2017-11-28,12:00:00,7739.68,7759.93,7739.38,7754.26,0,0
2017-11-28,13:00:00,7752.21,7766.73,7749.02,7764.86,0,0
2017-11-28,14:00:00,7763.22,7780.63,7762.45,7779.35,0,0
2017-11-28,15:00:00,7775.8,7798.26,7775.8,7790.98,0,0
2017-11-28,16:00:00,7789.91,7798.15,7789.91,7798.15,0,0
2017-11-29,09:00:00,7802.62,7814.33,7802.62,7813,0,0
2017-11-29,10:00:00,7816.54,7822.86,7803.66,7815.65,0,0
2017-11-29,11:00:00,7812.11,7813.7,7797.12,7808.46,0,0
2017-11-29,12:00:00,7808.32,7812.86,7800.43,7802.32,0,0
2017-11-29,13:00:00,7804.94,7811.36,7796.65,7807.22,0,0
2017-11-29,14:00:00,7809.17,7826.15,7805.89,7818.55,0,0
2017-11-29,15:00:00,7817.22,7818.94,7810.97,7817.61,0,0
2017-11-29,16:00:00,7816.81,7819.03,7807.25,7807.25,0,0
2017-12-04,09:00:00,7800.06,7813.93,7800.06,7810.59,0,0
2017-12-04,10:00:00,7813.3,7818.64,7788.31,7797.32,0,0
2017-12-04,11:00:00,7793.77,7798.78,7776.04,7794.83,0,0
2017-12-04,12:00:00,7791.28,7802.87,7787.73,7797.46,0,0
2017-12-04,13:00:00,7799.42,7811.93,7787.99,7798.98,0,0
2017-12-04,14:00:00,7797.63,7799.4,7779.36,7796.67,0,0
2017-12-04,15:00:00,7794.01,7801.45,7791.57,7798.58,0,0
2017-12-04,16:00:00,7802.13,7802.13,7790.72,7797.51,0,0
2017-12-05,09:00:00,7782.46,7807.95,7782.46,7802.44,0,0
2017-12-05,10:00:00,7797.31,7806.72,7791.29,7796.89,0,0
2017-12-05,11:00:00,7796.75,7796.75,7786.81,7794.8,0,0
2017-12-05,12:00:00,7793.88,7797.47,7785.93,7791.42,0,0
2017-12-05,13:00:00,7792.78,7792.78,7752.43,7752.43,0,0
2017-12-05,14:00:00,7753.79,7766.28,7751.73,7760.34,0,0
2017-12-05,15:00:00,7758.99,7762.95,7746.35,7750.47,0,0
2017-12-05,16:00:00,7751.27,7757.03,7741.75,7743.71,0,0
2017-12-06,09:00:00,7738.13,7765.11,7738.13,7742.65,0,0
2017-12-06,10:00:00,7740.81,7745.68,7731.12,7738.15,0,0
2017-12-06,11:00:00,7739.48,7740.64,7729.49,7730.48,0,0
2017-12-06,12:00:00,7731.4,7747.25,7731.4,7741.96,0,0
2017-12-06,13:00:00,7743.29,7749.42,7738.46,7740.46,0,0
2017-12-06,14:00:00,7740.03,7745.99,7735.67,7737.36,0,0
2017-12-06,15:00:00,7736.94,7747.56,7726.61,7735.62,0,0
2017-12-06,16:00:00,7734.33,7734.33,7721.8,7728.36,0,0
2017-12-07,09:00:00,7678.29,7709.36,7678.29,7703.49,0,0
2017-12-07,10:00:00,7696.4,7700.52,7670.28,7688.76,0,0
2017-12-07,11:00:00,7689.18,7689.47,7667.72,7674.97,0,0
2017-12-07,12:00:00,7673.1,7675.23,7661.09,7661.09,0,0
2017-12-07,13:00:00,7660.17,7662.79,7636.47,7647.4,0,0
2017-12-07,14:00:00,7651.25,7652.48,7643.07,7647.8,0,0
2017-12-07,15:00:00,7647.01,7667.57,7647.01,7664.02,0,0
2017-12-07,16:00:00,7660.11,7667.28,7655.2,7657.96,0,0
2017-12-08,09:00:00,7671.61,7671.61,7665.66,7668.15,0,0
2017-12-08,10:00:00,7672.06,7683.83,7664.39,7683.83,0,0
2017-12-08,11:00:00,7679.84,7681.74,7664.66,7681.57,0,0
2017-12-08,12:00:00,7681.43,7689.25,7676.54,7684.35,0,0
2017-12-08,13:00:00,7687.9,7687.9,7673.43,7673.43,0,0
2017-12-08,14:00:00,7676.97,7677.39,7667.52,7673.61,0,0
2017-12-08,15:00:00,7670.07,7678.23,7667.65,7678.23,0,0
2017-12-08,16:00:00,7674.68,7677.25,7669.76,7676.14,0,0
2017-12-11,09:00:00,7694.83,7708.46,7692.08,7701.37,0,0
2017-12-11,10:00:00,7697.82,7701.45,7685.94,7694.33,0,0
2017-12-11,11:00:00,7694.6,7700.76,7669.16,7681.42,0,0
2017-12-11,12:00:00,7680.09,7686.02,7676.85,7679.79,0,0
2017-12-11,13:00:00,7681.15,7685.59,7666.26,7666.26,0,0
2017-12-11,14:00:00,7662.72,7662.72,7645.29,7659.77,0,0
2017-12-11,15:00:00,7659.37,7659.37,7626.69,7630.23,0,0
2017-12-11,16:00:00,7626.69,7635.91,7622.85,7627.32,0,0
2017-12-12,09:00:00,7615.84,7629.16,7615.55,7622.07,0,0
2017-12-12,10:00:00,7618.52,7647.71,7615.22,7634.81,0,0
2017-12-12,11:00:00,7635.24,7635.24,7585.78,7606.52,0,0
2017-12-12,12:00:00,7605.17,7605.17,7584.25,7587.41,0,0
2017-12-12,13:00:00,7589.25,7601.14,7585.57,7595.09,0,0
2017-12-12,14:00:00,7598.64,7598.64,7587.49,7589.42,0,0
2017-12-12,15:00:00,7589.6,7595.08,7585.42,7587.52,0,0
2017-12-12,16:00:00,7587.35,7587.35,7566.34,7571.12,0,0
2017-12-13,09:00:00,7596.81,7596.81,7590.77,7594.32,0,0
2017-12-13,10:00:00,7593.52,7593.52,7547.08,7560.16,0,0
2017-12-13,11:00:00,7558.8,7558.8,7471.04,7471.04,0,0
2017-12-13,12:00:00,7470.24,7477.23,7413.95,7467.46,0,0
2017-12-13,13:00:00,7467.94,7495.27,7462.98,7479.41,0,0
2017-12-13,14:00:00,7475.56,7485.2,7462.91,7472.53,0,0
2017-12-13,15:00:00,7472.12,7510.33,7472.12,7510.33,0,0
2017-12-13,16:00:00,7510.86,7515.21,7496.54,7511.07,0,0
2017-12-14,09:00:00,7551.2,7571.92,7551.2,7571.05,0,0
2017-12-14,10:00:00,7563.96,7571.65,7544.29,7546.79,0,0
2017-12-14,11:00:00,7545.71,7549.73,7520.55,7524.78,0,0
2017-12-14,12:00:00,7524.36,7531.07,7511.48,7521.17,0,0
2017-12-14,13:00:00,7520.37,7536.52,7510.75,7516.89,0,0
2017-12-14,14:00:00,7522.21,7537.15,7522.03,7533.87,0,0
2017-12-14,15:00:00,7534.07,7539.37,7514.49,7515.85,0,0
2017-12-14,16:00:00,7519.76,7537.04,7516.2,7532.32,0,0
2017-12-15,09:00:00,7587.08,7589.89,7570.95,7583.8,0,0
2017-12-15,10:00:00,7587.35,7598.35,7586.15,7586.15,0,0
2017-12-15,11:00:00,7584.79,7607.08,7584.79,7604.33,0,0
2017-12-15,12:00:00,7602.98,7632.53,7598.65,7632.53,0,0
2017-12-15,13:00:00,7630.69,7644.85,7623.99,7633.08,0,0
2017-12-15,14:00:00,7631.8,7639.23,7627.54,7627.54,0,0
2017-12-15,15:00:00,7634.63,7648.19,7618.98,7619.51,0,0
2017-12-15,16:00:00,7617.92,7636.84,7616.19,7630.49,0,0
2017-12-18,09:00:00,7609.94,7658.24,7609.94,7640.46,0,0
2017-12-18,10:00:00,7647.64,7654.32,7632.37,7642.02,0,0
2017-12-18,11:00:00,7640,7644.73,7626.39,7641.56,0,0
2017-12-18,12:00:00,7644.31,7650.5,7637.39,7640,0,0
2017-12-18,13:00:00,7643.59,7657.43,7640,7654.12,0,0
2017-12-18,14:00:00,7653.42,7677.84,7652.11,7669.59,0,0
2017-12-18,15:00:00,7670.25,7676.24,7660.78,7666.35,0,0
2017-12-18,16:00:00,7662.75,7666.73,7655.67,7666.73,0,0
2017-12-19,09:00:00,7665.49,7688.72,7665.49,7688.72,0,0
2017-12-19,10:00:00,7690.1,7698.43,7676.58,7692.6,0,0
2017-12-19,11:00:00,7692.8,7726.86,7679.03,7726.2,0,0
2017-12-19,12:00:00,7724.39,7756.51,7717.65,7749.22,0,0
2017-12-19,13:00:00,7750.27,7766.18,7749.96,7763.91,0,0
2017-12-19,14:00:00,7760.32,7760.32,7742.4,7746.53,0,0
2017-12-19,15:00:00,7742.93,7749.92,7734.68,7737.12,0,0
2017-12-19,16:00:00,7735.31,7759.28,7735.31,7757.16,0,0
2017-12-20,09:00:00,7769.44,7796.6,7769.44,7796.6,0,0
2017-12-20,10:00:00,7792.56,7813.71,7787.58,7799.72,0,0
2017-12-20,11:00:00,7798.32,7802.89,7785.33,7785.33,0,0
2017-12-20,12:00:00,7793.58,7804.13,7781.88,7790.82,0,0
2017-12-20,13:00:00,7793.57,7805.24,7789.61,7796.06,0,0
2017-12-20,14:00:00,7794.51,7801.45,7791.12,7795.32,0,0
2017-12-20,15:00:00,7793.99,7812.94,7793.99,7809.35,0,0
2017-12-20,16:00:00,7810.67,7810.67,7798.38,7801.47,0,0
2017-12-21,09:00:00,7803.25,7808.03,7803.25,7807.74,0,0
2017-12-21,10:00:00,7804.15,7818.08,7803.9,7808.44,0,0
2017-12-21,11:00:00,7804.63,7809.05,7789.89,7793.48,0,0
2017-12-21,12:00:00,7795.5,7803.82,7791.02,7794.73,0,0
2017-12-21,13:00:00,7791.13,7794.02,7777.07,7783.44,0,0
2017-12-21,14:00:00,7784.82,7784.82,7766.75,7777.61,0,0
2017-12-21,15:00:00,7776.21,7776.92,7766.51,7773.04,0,0
2017-12-21,16:00:00,7771.22,7780.39,7769.6,7780.39,0,0
2017-12-22,09:00:00,7794.33,7816.18,7789.26,7814.86,0,0
2017-12-22,10:00:00,7815.48,7823.37,7796.72,7799.83,0,0
2017-12-22,11:00:00,7796.54,7803.61,7789.86,7797.99,0,0
2017-12-22,12:00:00,7800.02,7806.58,7798.38,7806.58,0,0
2017-12-22,13:00:00,7805.2,7810.06,7791.91,7803.1,0,0
2017-12-22,14:00:00,7803.24,7809.01,7798.08,7798.08,0,0
2017-12-22,15:00:00,7798.43,7803.61,7783.32,7791.43,0,0
2017-12-22,16:00:00,7789.41,7805.85,7788.86,7805.85,0,0
2017-12-27,09:00:00,7796.52,7804.63,7792.98,7795.01,0,0
2017-12-27,10:00:00,7794.67,7805.45,7767.2,7770.79,0,0
2017-12-27,11:00:00,7768.14,7783.5,7760.76,7777.49,0,0
2017-12-27,12:00:00,7777.31,7780.68,7764.72,7769.37,0,0
2017-12-27,13:00:00,7772.96,7774.98,7762.06,7762.06,0,0
2017-12-27,14:00:00,7764.03,7764.53,7748.35,7753.32,0,0
2017-12-27,15:00:00,7753.11,7753.32,7741.31,7745.31,0,0
2017-12-27,16:00:00,7748.9,7750.08,7732.65,7734.49,0,0
2017-12-28,09:00:00,7722.38,7746.18,7722.38,7736.91,0,0
2017-12-28,10:00:00,7734.89,7739.2,7724.82,7737.18,0,0
2017-12-28,11:00:00,7736.83,7740.38,7713.65,7717.85,0,0
2017-12-28,12:00:00,7719.67,7731.58,7719.67,7724.18,0,0
2017-12-28,13:00:00,7716.99,7728.78,7712.39,7715.76,0,0
2017-12-28,14:00:00,7719.35,7735.89,7714.16,7719.33,0,0
2017-12-28,15:00:00,7717.95,7741.46,7717.83,7731.47,0,0
2017-12-28,16:00:00,7727.87,7731.47,7722.26,7724.15,0,0
2017-12-29,09:00:00,7722.77,7729.73,7722.77,7726.19,0,0
2017-12-29,10:00:00,7730.23,7737.3,7711.96,7711.96,0,0
2017-12-29,11:00:00,7708.37,7728.37,7707.25,7712.37,0,0
2017-12-29,12:00:00,7712.51,7728.54,7709.02,7728.19,0,0
2017-12-29,13:00:00,7730.21,7734.49,7714.35,7723.77,0,0
2017-12-29,14:00:00,7723.42,7735.11,7716.72,7731.07,0,0
2017-12-29,15:00:00,7735.11,7749.46,7735.11,7739.8,0,0
2017-12-29,16:00:00,7738.4,7750.41,7738.4,7745.98,0,0
2018-01-03,09:00:00,7764.64,7832.31,7764.64,7832.31,0,0
2018-01-03,10:00:00,7833.71,7834.53,7796.09,7823.25,0,0
2018-01-03,11:00:00,7825.9,7825.94,7805.65,7822.6,0,0
2018-01-03,12:00:00,7821.22,7854.83,7821.22,7850.83,0,0
2018-01-03,13:00:00,7849.45,7855.63,7848.74,7855.63,0,0
2018-01-03,14:00:00,7854.97,7876.96,7854.97,7873.42,0,0
2018-01-03,15:00:00,7871.4,7904.46,7864.81,7896.87,0,0
2018-01-03,16:00:00,7900.46,7907.01,7892.17,7902.86,0,0
2018-01-04,09:00:00,7910.81,7923.22,7909.82,7913.3,0,0
2018-01-04,10:00:00,7914.67,7924.46,7911.58,7916.14,0,0
2018-01-04,11:00:00,7916.43,7922.68,7901.59,7909.78,0,0
2018-01-04,12:00:00,7910.15,7913.86,7904.05,7913.86,0,0
2018-01-04,13:00:00,7914.56,7920.98,7912.84,7917.42,0,0
2018-01-04,14:00:00,7918.12,7958,7917.23,7958,0,0
2018-01-04,15:00:00,7958.7,7960.22,7937.38,7949.57,0,0
2018-01-04,16:00:00,7947.55,7960.64,7947.55,7954.89,0,0
2018-01-05,09:00:00,7965.7,7981.49,7965.7,7979.9,0,0
2018-01-05,10:00:00,7981.93,7994.7,7974.37,7991.73,0,0
2018-01-05,11:00:00,7991.88,8002.65,7986.2,7997.22,0,0
2018-01-05,12:00:00,7997.51,8000.85,7980.77,7994.89,0,0
2018-01-05,13:00:00,7998.48,7999.18,7992.99,7994.37,0,0
2018-01-05,14:00:00,7995.07,7996.42,7980.87,7984.87,0,0
2018-01-05,15:00:00,7985.73,7989.72,7984.34,7985.72,0,0
2018-01-05,16:00:00,7987.74,7994.9,7985.94,7994.9,0,0
2018-01-08,09:00:00,7997.76,8008.44,7995.92,8008.44,0,0
2018-01-08,10:00:00,8009.1,8010.41,7974.47,7986.65,0,0
2018-01-08,11:00:00,7984.63,7987.54,7973.26,7975.87,0,0
2018-01-08,12:00:00,7971.82,7971.99,7960.33,7971.99,0,0
2018-01-08,13:00:00,7972.14,7972.14,7965.65,7965.7,0,0
2018-01-08,14:00:00,7967.72,7980.67,7967.72,7975.79,0,0
2018-01-08,15:00:00,7972.19,7974.83,7951.28,7951.86,0,0
2018-01-08,16:00:00,7955.46,7964.54,7946.95,7948.95,0,0
2018-01-09,09:00:00,7989.94,7998.87,7980.11,7998.87,0,0
2018-01-09,10:00:00,7999.53,8018.33,7998.74,8018.33,0,0
2018-01-09,11:00:00,8017.63,8018.81,8006.39,8015.31,0,0
2018-01-09,12:00:00,8015.74,8020.09,8002.96,8009.72,0,0
2018-01-09,13:00:00,8007.07,8011.96,8000.99,8002.29,0,0
2018-01-09,14:00:00,8002.24,8012.18,8002.24,8010.2,0,0
2018-01-09,15:00:00,8008.38,8014.52,8004.1,8009.87,0,0
2018-01-09,16:00:00,8009.26,8019.77,8009.26,8019.77,0,0
2018-01-10,09:00:00,8034.76,8040.94,8033.57,8040.8,0,0
2018-01-10,10:00:00,8033.53,8041.7,8033.53,8036.14,0,0
2018-01-10,11:00:00,8038.16,8040.07,8022.02,8022.02,0,0
2018-01-10,12:00:00,8024.77,8034.56,8017.26,8030.49,0,0
2018-01-10,13:00:00,8026.9,8029.93,8023.36,8029.93,0,0
2018-01-10,14:00:00,8031.33,8033.25,8021.63,8028.3,0,0
2018-01-10,15:00:00,8030.33,8036.47,8028.35,8031.54,0,0
2018-01-10,16:00:00,8031.41,8031.41,8020.43,8024.03,0,0
2018-01-11,09:00:00,8034.67,8088.86,8034.67,8081.9,0,0
2018-01-11,10:00:00,8078.27,8092.3,8075.54,8092.3,0,0
2018-01-11,11:00:00,8095.89,8101.95,8085.93,8094.64,0,0
2018-01-11,12:00:00,8098.24,8129.95,8097.69,8129.95,0,0
2018-01-11,13:00:00,8128.57,8136.3,8117.97,8136.3,0,0
2018-01-11,14:00:00,8139.89,8149.41,8138.95,8145.57,0,0
2018-01-11,15:00:00,8149.16,8161,8149.02,8154.71,0,0
2018-01-11,16:00:00,8153.38,8154.95,8148.39,8152.05,0,0
2018-01-12,09:00:00,8167.19,8187.07,8167.19,8187.07,0,0
2018-01-12,10:00:00,8187.21,8208.14,8178.68,8208.14,0,0
2018-01-12,11:00:00,8208.84,8244.05,8208.84,8236.94,0,0
2018-01-12,12:00:00,8238.56,8242.46,8228.39,8240.88,0,0
2018-01-12,13:00:00,8239.51,8243.88,8229.32,8239.32,0,0
2018-01-12,14:00:00,8237.3,8246.47,8227.94,8229.97,0,0
2018-01-12,15:00:00,8230.67,8231.16,8211.16,8219.06,0,0
2018-01-12,16:00:00,8218.86,8234.19,8218.86,8228.12,0,0
2018-01-15,09:00:00,8269.05,8269.05,8257.47,8268.91,0,0
2018-01-15,10:00:00,8268.21,8268.35,8219.6,8231.94,0,0
2018-01-15,11:00:00,8233.31,8236.51,8216.96,8223.93,0,0
2018-01-15,12:00:00,8227.56,8242.54,8227.56,8233.25,0,0
2018-01-15,13:00:00,8236.85,8236.85,8216.82,8218.28,0,0
2018-01-15,14:00:00,8216.9,8224.3,8209.96,8218.35,0,0
2018-01-15,15:00:00,8221.94,8228.1,8212.92,8212.92,0,0
2018-01-15,16:00:00,8212.57,8231.57,8212.14,8226.5,0,0
2018-01-16,09:00:00,8254.67,8254.67,8173.01,8181.58,0,0
2018-01-16,10:00:00,8185.17,8205.33,8181.1,8201.6,0,0
2018-01-16,11:00:00,8211.59,8218.86,8200.04,8216.34,0,0
2018-01-16,12:00:00,8216.48,8219,8205.93,8210.78,0,0
2018-01-16,13:00:00,8207.18,8243.62,8207.18,8240.02,0,0
2018-01-16,14:00:00,8238.65,8246.54,8233.84,8245.56,0,0
2018-01-16,15:00:00,8241.97,8249.71,8234.17,8241.29,0,0
2018-01-16,16:00:00,8244.88,8244.88,8234.14,8234.14,0,0
2018-01-17,09:00:00,8235.88,8249.86,8235.88,8246.75,0,0
2018-01-17,10:00:00,8240.68,8253.34,8240.68,8245.96,0,0
2018-01-17,11:00:00,8249.56,8249.56,8231.33,8238.35,0,0
2018-01-17,12:00:00,8238.78,8258.2,8238.78,8255.01,0,0
2018-01-17,13:00:00,8257.03,8265.07,8251.58,8265.07,0,0
2018-01-17,14:00:00,8265.22,8285.34,8262.2,8282.98,0,0
2018-01-17,15:00:00,8283.68,8290.67,8278.05,8288.59,0,0
2018-01-17,16:00:00,8287.87,8296.53,8283.83,8296.53,0,0
2018-01-18,09:00:00,8320.57,8323.49,8318.88,8321.95,0,0
2018-01-18,10:00:00,8322.16,8369.69,8313.93,8365.31,0,0
2018-01-18,11:00:00,8365.52,8373.2,8357.65,8370.02,0,0
2018-01-18,12:00:00,8374.14,8374.14,8354.59,8357.96,0,0
2018-01-18,13:00:00,8359.99,8365.89,8350.48,8362.74,0,0
2018-01-18,14:00:00,8362.45,8362.45,8346.9,8359.18,0,0
2018-01-18,15:00:00,8355.74,8368.38,8352.14,8367.68,0,0
2018-01-18,16:00:00,8368.38,8368.56,8361.86,8362.9,0,0
2018-01-19,09:00:00,8374.67,8376.61,8367.76,8367.76,0,0
2018-01-19,10:00:00,8369.16,8380.97,8369.16,8378.53,0,0
2018-01-19,11:00:00,8376.51,8377.89,8362.21,8369.15,0,0
2018-01-19,12:00:00,8369.3,8372.89,8360.07,8360.07,0,0
2018-01-19,13:00:00,8358.75,8365.76,8354.56,8354.88,0,0
2018-01-19,14:00:00,8348.67,8360.5,8347.93,8347.93,0,0
2018-01-19,15:00:00,8347.28,8366.43,8347.28,8364.4,0,0
2018-01-19,16:00:00,8362.59,8366.87,8356.67,8365.75,0,0
2018-01-22,09:00:00,8361.95,8365.06,8346.43,8349.88,0,0
2018-01-22,10:00:00,8349.53,8363.11,8330.35,8336.44,0,0
2018-01-22,11:00:00,8336.8,8393.88,8335.08,8390.28,0,0
2018-01-22,12:00:00,8392.1,8411.77,8387.33,8408.83,0,0
2018-01-22,13:00:00,8408.13,8408.13,8397.25,8407.33,0,0
2018-01-22,14:00:00,8407.47,8408.17,8397.68,8402.14,0,0
2018-01-22,15:00:00,8401.77,8407.09,8391.38,8405.72,0,0
2018-01-22,16:00:00,8407.09,8419.37,8406.53,8417.15,0,0
2018-01-23,09:00:00,8490.52,8507.11,8478.95,8506.33,0,0
2018-01-23,10:00:00,8504.3,8504.72,8487.98,8495.31,0,0
2018-01-23,11:00:00,8498.9,8498.9,8485.08,8491.93,0,0
2018-01-23,12:00:00,8495.52,8496.79,8481.1,8481.1,0,0
2018-01-23,13:00:00,8478.34,8484.31,8469.9,8480.22,0,0
2018-01-23,14:00:00,8483.82,8483.82,8454,8472.71,0,0
2018-01-23,15:00:00,8467.4,8468.11,8453.02,8466.74,0,0
2018-01-23,16:00:00,8464.92,8464.92,8443.06,8457.66,0,0
2018-01-25,09:00:00,8435.46,8465.91,8435.46,8444.97,0,0
2018-01-25,10:00:00,8441.38,8444.33,8411.53,8422.13,0,0
2018-01-25,11:00:00,8424.03,8429.5,8413.04,8414.66,0,0
2018-01-25,12:00:00,8411.07,8411.07,8384.7,8404.12,0,0
2018-01-25,13:00:00,8406.14,8418.77,8400.31,8418.62,0,0
2018-01-25,14:00:00,8415.03,8427.09,8410.7,8414.3,0,0
2018-01-25,15:00:00,8413.6,8414.92,8401.73,8403.79,0,0
2018-01-25,16:00:00,8407.42,8419.55,8407.42,8416.15,0,0
2018-01-26,09:00:00,8423.57,8441.2,8423.57,8441.2,0,0
2018-01-26,10:00:00,8444.83,8450.45,8439,8441.81,0,0
2018-01-26,11:00:00,8442.02,8445.79,8424.47,8433.22,0,0
2018-01-26,12:00:00,8436.82,8440.01,8418.2,8420.86,0,0
2018-01-26,13:00:00,8422.18,8424.93,8408.63,8413.2,0,0
2018-01-26,14:00:00,8413,8429.72,8406.6,8426.44,0,0
2018-01-26,15:00:00,8422.84,8436.95,8416.5,8426.34,0,0
2018-01-26,16:00:00,8427,8430.53,8423.2,8426.24,0,0
2018-01-29,09:00:00,8454.65,8455.13,8450.82,8454.41,0,0
2018-01-29,10:00:00,8450.82,8460.92,8433.63,8439.34,0,0
2018-01-29,11:00:00,8440.72,8450.55,8434.6,8437.79,0,0
2018-01-29,12:00:00,8435.76,8451.25,8433.92,8435.09,0,0
2018-01-29,13:00:00,8438.69,8450.63,8427.22,8428.9,0,0
2018-01-29,14:00:00,8429.6,8431,8428.08,8429.44,0,0
2018-01-29,15:00:00,8430.82,8433.66,8424.12,8427.34,0,0
2018-01-29,16:00:00,8430.09,8431.95,8414.45,8423.95,0,0
2018-01-30,09:00:00,8423.91,8423.91,8408.41,8410.26,0,0
2018-01-30,10:00:00,8406.67,8406.67,8392.59,8400.88,0,0
2018-01-30,11:00:00,8403.54,8403.54,8390.42,8390.66,0,0
2018-01-30,12:00:00,8391.14,8391.14,8370.85,8371.9,0,0
2018-01-30,13:00:00,8371.69,8371.69,8353.69,8366.79,0,0
2018-01-30,14:00:00,8367.14,8370.9,8351.19,8351.19,0,0
2018-01-30,15:00:00,8351.53,8364.88,8342.9,8350.12,0,0
2018-01-30,16:00:00,8349.98,8351.71,8344,8349.54,0,0
2018-01-31,09:00:00,8361.39,8372.59,8361.39,8364.56,0,0
2018-01-31,10:00:00,8363.24,8364.86,8356.19,8361.87,0,0
2018-01-31,11:00:00,8358.28,8372.83,8358.28,8369.59,0,0
2018-01-31,12:00:00,8368.21,8379.61,8346.75,8350.35,0,0
2018-01-31,13:00:00,8354.33,8354.33,8344.87,8346.47,0,0
2018-01-31,14:00:00,8345.09,8357.86,8341.5,8348.09,0,0
2018-01-31,15:00:00,8347.73,8359.27,8347.73,8350.82,0,0
2018-01-31,16:00:00,8349.45,8369.65,8348.61,8369.65,0,0
2018-02-01,09:00:00,8370.46,8407.23,8370.46,8389.86,0,0
2018-02-01,10:00:00,8388.53,8408.23,8386.94,8392.1,0,0
2018-02-01,11:00:00,8392.24,8398.92,8392.14,8397.54,0,0
2018-02-01,12:00:00,8397.39,8398.96,8371.2,8376.33,0,0
2018-02-01,13:00:00,8376.54,8392.72,8372.78,8388.73,0,0
2018-02-01,14:00:00,8383.28,8389.08,8379.63,8388.37,0,0
2018-02-01,15:00:00,8384.74,8390.17,8357.98,8358.13,0,0
2018-02-01,16:00:00,8356.66,8357.78,8339.11,8356.72,0,0
2018-02-02,09:00:00,8319.93,8340.58,8315.17,8333.86,0,0
2018-02-02,10:00:00,8333.14,8333.43,8304.14,8307.74,0,0
2018-02-02,11:00:00,8311.19,8311.19,8284.62,8297.02,0,0
2018-02-02,12:00:00,8293.43,8301.06,8287.04,8292.21,0,0
2018-02-02,13:00:00,8293.59,8293.59,8271.9,8288.45,0,0
2018-02-02,14:00:00,8288.88,8290.91,8261.43,8262.13,0,0
2018-02-02,15:00:00,8256.43,8265.78,8233.8,8248.29,0,0
2018-02-02,16:00:00,8248.99,8268.28,8248.99,8264.62,0,0
2018-02-05,09:00:00,8240.6,8240.6,8141.46,8142.86,0,0
2018-02-05,10:00:00,8141.48,8156.13,8128.34,8153.4,0,0
2018-02-05,11:00:00,8152.02,8156.83,8139.38,8156.83,0,0
2018-02-05,12:00:00,8160.46,8161.78,8145.59,8152.61,0,0
2018-02-05,13:00:00,8152.61,8154.01,8131.76,8134.11,0,0
2018-02-05,14:00:00,8131.36,8140.9,8122.89,8138.33,0,0
2018-02-05,15:00:00,8134.74,8143.95,8128.36,8138.37,0,0
2018-02-05,16:00:00,8138.23,8142.09,8126.19,8141.64,0,0
2018-02-06,09:00:00,8175.02,8175.02,7903.05,7917.79,0,0
2018-02-06,10:00:00,7928.57,8027.34,7924.13,8020.14,0,0
2018-02-06,11:00:00,8020.84,8031.96,8002.97,8008.46,0,0
2018-02-06,12:00:00,8007.09,8009.3,7977.87,7989.6,0,0
2018-02-06,13:00:00,7986.01,7987.33,7954.08,7956.63,0,0
2018-02-06,14:00:00,7956.82,7958.22,7898.28,7901.18,0,0
2018-02-06,15:00:00,7901.47,7905.49,7842.55,7883.51,0,0
2018-02-06,16:00:00,7883.71,7940,7874.3,7938.62,0,0
2018-02-07,09:00:00,8040.1,8188.56,8040.1,8154.67,0,0
2018-02-07,10:00:00,8153.27,8163.22,8066.17,8070.18,0,0
2018-02-07,11:00:00,8070.46,8074.06,8009.75,8014.97,0,0
2018-02-07,12:00:00,8016.35,8043.86,8007.72,8012.16,0,0
2018-02-07,13:00:00,8014.91,8020.01,8011.79,8015.76,0,0
2018-02-07,14:00:00,8015.29,8024.27,8014.36,8020.06,0,0
2018-02-07,15:00:00,8019.86,8059.74,8013.47,8059.74,0,0
2018-02-07,16:00:00,8061.06,8061.76,8021.05,8021.05,0,0
2018-02-08,09:00:00,8013.38,8063.72,8013.38,8061.79,0,0
2018-02-08,10:00:00,8060.76,8081.37,8053.46,8066.71,0,0
2018-02-08,11:00:00,8066.01,8082.94,8056.85,8073.97,0,0
2018-02-08,12:00:00,8075.3,8075.38,8054.81,8068.21,0,0
2018-02-08,13:00:00,8068.41,8068.41,8046.58,8050.17,0,0
2018-02-08,14:00:00,8049.62,8062,8046.68,8048.77,0,0
2018-02-08,15:00:00,8047.4,8051.04,8044.12,8045.78,0,0
2018-02-08,16:00:00,8047.16,8060.03,8043.76,8057.37,0,0
2018-02-09,09:00:00,8067.56,8067.56,7917.22,7956.58,0,0
2018-02-09,10:00:00,7964.66,8022.64,7943.26,8018.69,0,0
2018-02-09,11:00:00,8017.32,8049.18,8017.32,8027.56,0,0
2018-02-09,12:00:00,8027.47,8031.22,8015.57,8024.47,0,0
2018-02-09,13:00:00,8025.17,8025.17,7986.69,7988.07,0,0
2018-02-09,14:00:00,7987.92,7995.11,7968.07,7974.29,0,0
2018-02-09,15:00:00,7972.19,7975.16,7961.52,7966.31,0,0
2018-02-09,16:00:00,7963.55,8007.26,7962.85,8001.09,0,0
2018-02-12,09:00:00,8002.55,8100.99,8002.55,8100.99,0,0
2018-02-12,10:00:00,8110.79,8136.14,8096.64,8120.55,0,0
2018-02-12,11:00:00,8120.34,8128.95,8119.22,8124.11,0,0
2018-02-12,12:00:00,8123.9,8124.12,8110.87,8114.8,0,0
2018-02-12,13:00:00,8114.66,8121.85,8114.41,8119.26,0,0
2018-02-12,14:00:00,8115.07,8118.23,8109.68,8113.63,0,0
2018-02-12,15:00:00,8112.3,8126.53,8106.5,8115.44,0,0
2018-02-12,16:00:00,8115.3,8120.45,8108.3,8115.54,0,0
2018-02-13,09:00:00,8111.36,8163.79,8111.36,8163.79,0,0
2018-02-13,10:00:00,8161.77,8177.98,8156.93,8156.93,0,0
2018-02-13,11:00:00,8159.73,8163.34,8134.79,8138.41,0,0
2018-02-13,12:00:00,8134.81,8136.13,8127.15,8132.94,0,0
2018-02-13,13:00:00,8131.75,8133.77,8122.93,8129.71,0,0
2018-02-13,14:00:00,8130.41,8133.71,8124.64,8124.64,0,0
2018-02-13,15:00:00,8124.85,8132.72,8114.9,8132.72,0,0
2018-02-13,16:00:00,8132.02,8132.02,8119.02,8125.8,0,0
2018-02-14,09:00:00,8139.17,8177.1,8139.17,8177.1,0,0
2018-02-14,10:00:00,8180.69,8180.9,8160.95,8164.28,0,0
2018-02-14,11:00:00,8160.68,8161.38,8151.33,8156.8,0,0
2018-02-14,12:00:00,8156.14,8175.74,8156.14,8173.72,0,0
2018-02-14,13:00:00,8167.09,8182.06,8165.35,8178.88,0,0
2018-02-14,14:00:00,8178.59,8178.73,8167.66,8178.53,0,0
2018-02-14,15:00:00,8178.68,8182.67,8132.43,8135.38,0,0
2018-02-14,16:00:00,8134.05,8143.72,8128.94,8140.11,0,0
2018-02-15,09:00:00,8165.14,8248.66,8165.14,8233.16,0,0
2018-02-15,10:00:00,8233.82,8243.81,8202.38,8214.18,0,0
2018-02-15,11:00:00,8214.88,8225.48,8202.04,8208.16,0,0
2018-02-15,12:00:00,8207.46,8223.91,8207.31,8217.79,0,0
2018-02-15,13:00:00,8216.42,8229.6,8216.42,8226.99,0,0
2018-02-15,14:00:00,8225.45,8232.44,8220.14,8231.21,0,0
2018-02-15,15:00:00,8224.02,8272.69,8224.02,8272.69,0,0
2018-02-15,16:00:00,8271.31,8292.52,8266.34,8288.84,0,0
2018-02-16,09:00:00,8262.78,8291.1,8262.78,8276.77,0,0
2018-02-16,10:00:00,8280.36,8289.05,8276.77,8282.03,0,0
2018-02-16,11:00:00,8285.62,8287,8267.63,8270.14,0,0
2018-02-16,12:00:00,8269.71,8276.96,8268.12,8272.59,0,0
2018-02-16,13:00:00,8270.77,8278.56,8259.81,8270.38,0,0
2018-02-16,14:00:00,8270.67,8299.91,8262.77,8299.7,0,0
2018-02-16,15:00:00,8300.05,8314.99,8295.06,8314.99,0,0
2018-02-16,16:00:00,8310.95,8314.79,8300.18,8305.81,0,0
2018-02-19,09:00:00,8328.32,8340.34,8324.03,8340.34,0,0
2018-02-19,10:00:00,8340.91,8344.51,8323.19,8324.57,0,0
2018-02-19,11:00:00,8324.09,8330.71,8316.96,8325.41,0,0
2018-02-19,12:00:00,8324.45,8327.22,8314.04,8320.46,0,0
2018-02-19,13:00:00,8320.81,8330.87,8319.2,8320.47,0,0
2018-02-19,14:00:00,8322.49,8330.26,8318.89,8330.26,0,0
2018-02-19,15:00:00,8328.45,8328.45,8301.47,8317.56,0,0
2018-02-19,16:00:00,8314.27,8315.03,8306.39,8315.03,0,0
2018-02-20,09:00:00,8315.03,8316.41,8315.03,8316.41,0,0
2018-02-20,10:00:00,8315.99,8318.42,8299.66,8316.07,0,0
2018-02-20,11:00:00,8315.86,8315.86,8303.01,8303.07,0,0
2018-02-20,12:00:00,8301.05,8321.37,8298.32,8314.57,0,0
2018-02-20,13:00:00,8311.82,8318.16,8308.02,8308.94,0,0
2018-02-20,14:00:00,8309.64,8317.34,8303.5,8316.52,0,0
2018-02-20,15:00:00,8320.11,8327.46,8316.47,8325.84,0,0
2018-02-20,16:00:00,8326.5,8329.2,8325.12,8328.77,0,0
2018-02-21,09:00:00,8312.54,8330.62,8301.66,8313.46,0,0
2018-02-21,10:00:00,8309.42,8311.37,8289.19,8300.81,0,0
2018-02-21,11:00:00,8300.15,8306.15,8290.19,8293.23,0,0
2018-02-21,12:00:00,8292.88,8296.47,8283.61,8287.21,0,0
2018-02-21,13:00:00,8287.5,8290.12,8282.93,8285.42,0,0
2018-02-21,14:00:00,8289.02,8289.02,8282.56,8285.66,0,0
2018-02-21,15:00:00,8283.64,8291.64,8277.63,8291.64,0,0
2018-02-21,16:00:00,8290.66,8290.66,8279.26,8279.26,0,0
2018-02-22,09:00:00,8277.69,8296.3,8273.56,8292.17,0,0
2018-02-22,10:00:00,8288.13,8294.92,8277.06,8283.41,0,0
2018-02-22,11:00:00,8282.46,8282.46,8263.53,8265.29,0,0
2018-02-22,12:00:00,8263.27,8267.59,8257.62,8265.22,0,0
2018-02-22,13:00:00,8261.63,8284.31,8261.42,8271.47,0,0
2018-02-22,14:00:00,8267.87,8269.13,8263.48,8269.13,0,0
2018-02-22,15:00:00,8265.54,8280.14,8264.16,8276.05,0,0
2018-02-22,16:00:00,8276.23,8286.23,8268.49,8282.19,0,0
2018-02-23,09:00:00,8291.08,8315.48,8285.29,8299.14,0,0
2018-02-23,10:00:00,8296.39,8320.98,8292.79,8320.98,0,0
2018-02-23,11:00:00,8322.36,8322.54,8308.16,8316.72,0,0
2018-02-23,12:00:00,8317.73,8323.1,8315.68,8315.68,0,0
2018-02-23,13:00:00,8317.35,8321.76,8312.04,8321.76,0,0
2018-02-23,14:00:00,8319.1,8327.12,8315.51,8327.12,0,0
2018-02-23,15:00:00,8326.42,8341.87,8321.44,8340.27,0,0
2018-02-23,16:00:00,8337.57,8349.93,8332.44,8342.24,0,0
2018-02-26,09:00:00,8356.13,8370.48,8335.97,8361.4,0,0
2018-02-26,10:00:00,8361.4,8379.58,8351.44,8351.44,0,0
2018-02-26,11:00:00,8352.14,8364.13,8352.14,8360.11,0,0
2018-02-26,12:00:00,8360.46,8375.56,8359.22,8371.97,0,0
2018-02-26,13:00:00,8373.29,8383.66,8366.18,8372.27,0,0
2018-02-26,14:00:00,8373.6,8375.44,8367.97,8368.24,0,0
2018-02-26,15:00:00,8370.26,8376.17,8365.1,8372.82,0,0
2018-02-26,16:00:00,8374.15,8379.44,8373.91,8376.91,0,0
2018-02-27,09:00:00,8379.01,8401.89,8379.01,8396.11,0,0
2018-02-27,10:00:00,8399.71,8403.06,8384.13,8392.95,0,0
2018-02-27,11:00:00,8394.76,8405.6,8392.35,8394.43,0,0
2018-02-27,12:00:00,8395.13,8401.26,8388.64,8393.61,0,0
2018-02-27,13:00:00,8394.31,8404.16,8393.52,8398.3,0,0
2018-02-27,14:00:00,8396.97,8407.44,8396.97,8400.39,0,0
2018-02-27,15:00:00,8403.99,8408.96,8400.27,8400.41,0,0
2018-02-27,16:00:00,8399.76,8403.14,8392.74,8403.14,0,0
2018-02-28,09:00:00,8415.23,8415.23,8383.79,8383.79,0,0
2018-02-28,10:00:00,8381.77,8392.71,8379.69,8382.87,0,0
2018-02-28,11:00:00,8382.53,8392.66,8379.75,8392.31,0,0
2018-02-28,12:00:00,8392.66,8401.32,8391.71,8393.23,0,0
2018-02-28,13:00:00,8396.83,8407.61,8395.45,8407.61,0,0
2018-02-28,14:00:00,8404.01,8411.59,8402.33,8404.35,0,0
2018-02-28,15:00:00,8405.05,8417.45,8398.58,8408.8,0,0
2018-02-28,16:00:00,8415.99,8417.22,8405.51,8416.17,0,0
2018-03-01,09:00:00,8451.55,8451.55,8423.18,8426.22,0,0
2018-03-01,10:00:00,8431.72,8439.13,8422.62,8435.4,0,0
2018-03-01,11:00:00,8436.78,8440.35,8422.67,8424.66,0,0
2018-03-01,12:00:00,8423.33,8426.08,8411.92,8412.59,0,0
2018-03-01,13:00:00,8409,8413.64,8399.23,8403.39,0,0
2018-03-01,14:00:00,8399.8,8411.23,8393.31,8399.51,0,0
2018-03-01,15:00:00,8399.37,8427.34,8399.35,8423.75,0,0
2018-03-01,16:00:00,8421.93,8438.57,8421.93,8436.3,0,0
2018-03-02,09:00:00,8410.36,8417.45,8401.43,8401.43,0,0
2018-03-02,10:00:00,8400.06,8400.06,8351.91,8364.94,0,0
2018-03-02,11:00:00,8368.53,8376.36,8357.63,8359.21,0,0
2018-03-02,12:00:00,8361.23,8372.3,8359.5,8371.25,0,0
2018-03-02,13:00:00,8369.88,8370.12,8349.53,8354.28,0,0
2018-03-02,14:00:00,8354.48,8360.26,8352.09,8356.53,0,0
2018-03-02,15:00:00,8355.15,8356.03,8318.45,8340.45,0,0
2018-03-02,16:00:00,8340.11,8349.91,8333.84,8345.14,0,0
2018-03-05,09:00:00,8352.22,8352.22,8335.26,8345.37,0,0
2018-03-05,10:00:00,8346.03,8354.2,8342.44,8352.35,0,0
2018-03-05,11:00:00,8348.76,8363.43,8347.38,8363.43,0,0
2018-03-05,12:00:00,8365.45,8369.43,8355.39,8360.34,0,0
2018-03-05,13:00:00,8360.14,8370.82,8360.14,8370.82,0,0
2018-03-05,14:00:00,8369.44,8369.44,8364.03,8369.05,0,0
2018-03-05,15:00:00,8365.46,8373.99,8365.22,8367,0,0
2018-03-05,16:00:00,8366.86,8371.73,8364.43,8370.4,0,0
2018-03-06,09:00:00,8384.01,8401.43,8384.01,8397.1,0,0
2018-03-06,10:00:00,8393.5,8439.78,8393.5,8430.63,0,0
2018-03-06,11:00:00,8427.03,8431.43,8417.71,8430.03,0,0
2018-03-06,12:00:00,8429.96,8432.83,8420.22,8420.57,0,0
2018-03-06,13:00:00,8418.47,8422.72,8414.14,8422.59,0,0
2018-03-06,14:00:00,8419,8424.13,8410.37,8415.22,0,0
2018-03-06,15:00:00,8415.04,8424.42,8415.04,8422.46,0,0
2018-03-06,16:00:00,8425.96,8427.14,8420.54,8423.54,0,0
2018-03-07,09:00:00,8433.21,8433.21,8412.26,8413.66,0,0
2018-03-07,10:00:00,8417.79,8429.94,8413.74,8422.4,0,0
2018-03-07,11:00:00,8423.78,8435.29,8417.31,8417.97,0,0
2018-03-07,12:00:00,8418.62,8426.47,8416.82,8426.47,0,0
2018-03-07,13:00:00,8426.61,8431.73,8419.61,8431.54,0,0
2018-03-07,14:00:00,8432.2,8435.36,8430.73,8433.84,0,0
2018-03-07,15:00:00,8434.19,8437.25,8427.77,8436.59,0,0
2018-03-07,16:00:00,8433.35,8439.6,8433.07,8435.56,0,0
2018-03-08,09:00:00,8443.16,8448.59,8443.14,8444.54,0,0
2018-03-08,10:00:00,8443.88,8457.29,8439.23,8451.25,0,0
2018-03-08,11:00:00,8451.8,8463.98,8451.25,8457.67,0,0
2018-03-08,12:00:00,8456.26,8460.24,8444.15,8456.81,0,0
2018-03-08,13:00:00,8457.51,8457.51,8447.26,8453.22,0,0
2018-03-08,14:00:00,8451.2,8458.9,8450.27,8450.27,0,0
2018-03-08,15:00:00,8450.07,8460.07,8446.87,8446.87,0,0
2018-03-08,16:00:00,8447.92,8457.29,8447.2,8455.96,0,0
2018-03-09,09:00:00,8472.06,8479.57,8472.06,8479.57,0,0
2018-03-09,10:00:00,8478.19,8478.19,8472.53,8475.92,0,0
2018-03-09,11:00:00,8479.52,8479.52,8468.91,8468.91,0,0
2018-03-09,12:00:00,8467.96,8470.29,8461.2,8470.29,0,0
2018-03-09,13:00:00,8471.01,8471.19,8460.64,8465.56,0,0
2018-03-09,14:00:00,8469.15,8474,8465.43,8473.81,0,0
2018-03-09,15:00:00,8477.41,8484.71,8470.88,8479.29,0,0
2018-03-09,16:00:00,8475.69,8477.89,8471.24,8476.56,0,0
2018-03-12,09:00:00,8477.18,8512.16,8475.22,8507.5,0,0
2018-03-12,10:00:00,8506.17,8559.11,8503.66,8546.83,0,0
2018-03-12,11:00:00,8545.5,8566.1,8545.36,8560.82,0,0
2018-03-12,12:00:00,8564.41,8577.74,8560.82,8573.57,0,0
2018-03-12,13:00:00,8571.55,8580.15,8568.98,8574.79,0,0
2018-03-12,14:00:00,8573.42,8584.81,8573.42,8580.67,0,0
2018-03-12,15:00:00,8579.29,8583.44,8570.85,8570.85,0,0
2018-03-12,16:00:00,8568.74,8580,8567.42,8580,0,0
2018-03-13,09:00:00,8559.15,8588.96,8559.15,8588.96,0,0
2018-03-13,10:00:00,8585.37,8592.25,8579.76,8588.65,0,0
2018-03-13,11:00:00,8592.25,8608.14,8587.12,8602.16,0,0
2018-03-13,12:00:00,8600.83,8604.98,8584.39,8593.32,0,0
2018-03-13,13:00:00,8591.95,8604.69,8591.4,8600.69,0,0
2018-03-13,14:00:00,8600.28,8610.99,8600.28,8607.04,0,0
2018-03-13,15:00:00,8606.9,8613.1,8605.86,8607.24,0,0
2018-03-13,16:00:00,8607.52,8615.82,8604.58,8608.17,0,0
2018-03-14,09:00:00,8612.34,8625.35,8612.34,8616.33,0,0
2018-03-14,10:00:00,8614.52,8616.8,8605.71,8609.18,0,0
2018-03-14,11:00:00,8605.42,8609.02,8591.5,8597.36,0,0
2018-03-14,12:00:00,8597.07,8616.37,8596.37,8613.18,0,0
2018-03-14,13:00:00,8611.16,8621.28,8611.16,8619.64,0,0
2018-03-14,14:00:00,8621.04,8624.8,8618.27,8624.8,0,0
2018-03-14,15:00:00,8624.14,8631.03,8613.46,8613.46,0,0
2018-03-14,16:00:00,8612.06,8623.13,8612.06,8614.94,0,0
2018-03-15,09:00:00,8601.27,8603.74,8597.54,8603.74,0,0
2018-03-15,10:00:00,8600.14,8608.03,8593.32,8604.88,0,0
2018-03-15,11:00:00,8604.67,8627.57,8604.67,8627.57,0,0
2018-03-15,12:00:00,8628.9,8632.89,8627.42,8628.75,0,0
2018-03-15,13:00:00,8632.34,8638.63,8626.84,8635.04,0,0
2018-03-15,14:00:00,8638.67,8643.68,8635.32,8640.37,0,0
2018-03-15,15:00:00,8641.32,8653.09,8641.32,8651.07,0,0
2018-03-15,16:00:00,8650.92,8659.43,8650.92,8659.43,0,0
2018-03-16,09:00:00,8686.45,8699.45,8686.45,8699.45,0,0
2018-03-16,10:00:00,8698.07,8743.83,8698.07,8726.01,0,0
2018-03-16,11:00:00,8729.6,8730.53,8715.74,8724.92,0,0
2018-03-16,12:00:00,8723.59,8749.27,8714.6,8745.68,0,0
2018-03-16,13:00:00,8742.08,8770.98,8742.08,8761.58,0,0
2018-03-16,14:00:00,8760.88,8796.61,8757.29,8783.56,0,0
2018-03-16,15:00:00,8782.23,8793.41,8775.52,8791.24,0,0
2018-03-16,16:00:00,8789.87,8799.65,8780.61,8792.74,0,0
2018-03-19,09:00:00,8817.62,8822.06,8801.91,8808.77,0,0
2018-03-19,10:00:00,8805.34,8805.34,8768.77,8778.92,0,0
2018-03-19,11:00:00,8777.51,8794.69,8774.07,8792.46,0,0
2018-03-19,12:00:00,8789.02,8794.65,8787.06,8792.18,0,0
2018-03-19,13:00:00,8792.33,8804.74,8791.62,8798.76,0,0
2018-03-19,14:00:00,8800.58,8805.53,8793.1,8795,0,0
2018-03-19,15:00:00,8798.43,8818.99,8786.91,8814.19,0,0
2018-03-19,16:00:00,8814.89,8814.89,8801.1,8809.16,0,0
2018-03-20,09:00:00,8775.38,8775.38,8749.08,8749.72,0,0
2018-03-20,10:00:00,8746.29,8753,8730.65,8730.65,0,0
2018-03-20,11:00:00,8731.36,8738.06,8722.57,8722.57,0,0
2018-03-20,12:00:00,8726,8732.09,8714.99,8728.75,0,0
2018-03-20,13:00:00,8730.14,8759.14,8723.27,8757.7,0,0
2018-03-20,14:00:00,8761.71,8766.83,8752.33,8764.79,0,0
2018-03-20,15:00:00,8766.21,8775.08,8762.78,8766.31,0,0
2018-03-20,16:00:00,8766.02,8776.16,8762.89,8770.4,0,0
2018-03-21,09:00:00,8731.99,8748.52,8731.99,8738.34,0,0
2018-03-21,10:00:00,8738.55,8750.32,8729.86,8748.23,0,0
2018-03-21,11:00:00,8744.8,8751.66,8738.35,8746.72,0,0
2018-03-21,12:00:00,8747.01,8772.01,8742.94,8770.3,0,0
2018-03-21,13:00:00,8771.76,8777.42,8762.42,8765.85,0,0
2018-03-21,14:00:00,8769.28,8769.28,8759.38,8768.69,0,0
2018-03-21,15:00:00,8765.26,8796.99,8759.7,8795.74,0,0
2018-03-21,16:00:00,8792.31,8795.74,8785.32,8794,0,0
2018-03-22,09:00:00,8793.27,8793.27,8755.47,8755.47,0,0
2018-03-22,10:00:00,8754.06,8760.74,8690.48,8693.31,0,0
2018-03-22,11:00:00,8689.88,8699.18,8674.92,8684.77,0,0
2018-03-22,12:00:00,8688.2,8709.49,8688.2,8702.4,0,0
2018-03-22,13:00:00,8703.74,8720.9,8703.74,8708.58,0,0
2018-03-22,14:00:00,8709.28,8710.42,8688.81,8688.81,0,0
2018-03-22,15:00:00,8684.04,8690.45,8674.08,8687.09,0,0
2018-03-22,16:00:00,8689.97,8699.3,8689.97,8694.95,0,0
2018-03-23,09:00:00,8643.21,8650.71,8625.77,8648.51,0,0
2018-03-23,10:00:00,8645.08,8650.19,8583.48,8584.82,0,0
2018-03-23,11:00:00,8586.16,8601.13,8561.06,8586.56,0,0
2018-03-23,12:00:00,8593.42,8612.45,8586.56,8600,0,0
2018-03-23,13:00:00,8597.98,8622.37,8597.04,8618.94,0,0
2018-03-23,14:00:00,8618.28,8631.74,8618.28,8625.81,0,0
2018-03-23,15:00:00,8627.19,8651.8,8627.19,8649.97,0,0
2018-03-23,16:00:00,8655.23,8661.43,8643.8,8661.43,0,0
2018-03-26,09:00:00,8660.99,8683.64,8660.99,8673.99,0,0
2018-03-26,10:00:00,8669.97,8672.35,8640.97,8659.99,0,0
2018-03-26,11:00:00,8664.07,8669.99,8651.74,8667.1,0,0
2018-03-26,12:00:00,8666.75,8702.98,8659.35,8702.98,0,0
2018-03-26,13:00:00,8704.37,8719.37,8698.9,8719.37,0,0
2018-03-26,14:00:00,8718.89,8721.77,8703.89,8715.41,0,0
2018-03-26,15:00:00,8716.8,8734.25,8700.33,8726.44,0,0
2018-03-26,16:00:00,8726.79,8726.79,8712.03,8712.03,0,0
2018-03-27,09:00:00,8728.32,8756.64,8727.19,8756.64,0,0
2018-03-27,10:00:00,8752.63,8783.55,8748.54,8766.4,0,0
2018-03-27,11:00:00,8769.83,8773.25,8760.67,8761.31,0,0
2018-03-27,12:00:00,8759.97,8759.97,8750,8753.43,0,0
2018-03-27,13:00:00,8754.82,8768.42,8745.26,8751.96,0,0
2018-03-27,14:00:00,8765.68,8768.26,8760.44,8768.26,0,0
2018-03-27,15:00:00,8768.61,8768.61,8756.78,8756.78,0,0
2018-03-27,16:00:00,8760.43,8760.43,8734.04,8737.34,0,0
2018-03-28,09:00:00,8739.29,8755.31,8739.29,8751.29,0,0
2018-03-28,10:00:00,8751.99,8751.99,8705.63,8705.63,0,0
2018-03-28,11:00:00,8704.29,8704.29,8682.48,8690.09,0,0
2018-03-28,12:00:00,8686.66,8694.91,8681.37,8691.71,0,0
2018-03-28,13:00:00,8691.5,8704.85,8685.67,8697.06,0,0
2018-03-28,14:00:00,8697.73,8712.61,8691.16,8708.48,0,0
2018-03-28,15:00:00,8705.05,8724.92,8698.05,8721.56,0,0
2018-03-28,16:00:00,8722.9,8727.09,8719.52,8724.01,0,0
2018-03-29,09:00:00,8726.88,8728.51,8715.05,8727.17,0,0
2018-03-29,10:00:00,8727.03,8736.24,8720.95,8720.95,0,0
2018-03-29,11:00:00,8720.8,8723.48,8688.94,8690.04,0,0
2018-03-29,12:00:00,8690.19,8708.87,8686.67,8694.37,0,0
2018-03-29,13:00:00,8697.05,8700.98,8688.98,8700.22,0,0
2018-03-29,14:00:00,8700.89,8709.5,8696.46,8705.33,0,0
2018-03-29,15:00:00,8704.5,8718.24,8704.5,8711.88,0,0
2018-03-29,16:00:00,8708.45,8716.73,8703.47,8715.34,0,0
2018-03-30,09:00:00,8678.94,8715.1,8678.94,8707.07,0,0
2018-03-30,10:00:00,8707.22,8735.4,8705.3,8724.72,0,0
2018-03-30,11:00:00,8724.36,8730.49,8705.11,8717.52,0,0
2018-03-30,12:00:00,8715.48,8715.48,8706.94,8709.33,0,0
2018-03-30,13:00:00,8713.98,8714.39,8689.98,8712.95,0,0
2018-03-30,14:00:00,8718.93,8725.14,8717.42,8722.89,0,0
2018-03-30,15:00:00,8717.33,8725.96,8715.45,8723.23,0,0
2018-03-30,16:00:00,8719.8,8719.8,8705.28,8709.6,0,0
