Date,Time,Open,High,Low,Close,Volume,OpenInt
2017-09-28,10:00:00,37282,37493,37257,37470,328055,0
2017-09-28,11:00:00,37465,37545,37351,37474,342899,0
2017-09-28,12:00:00,37512,37527,37192,37409,438528,0
2017-09-28,13:00:00,37408,37439,37220,37220,168549,0
2017-09-28,14:00:00,37222,37229,36950,37062,527941,0
2017-09-28,15:00:00,37081,37235,37067,37235,454265,0
2017-09-28,16:00:00,37226,37283,37122,37206,248302,0
2017-09-28,17:00:00,37185,37306,37154,37192,695766,0
2017-09-29,10:00:00,37192,37649,37192,37616,384391,0
2017-09-29,11:00:00,37617,37687,37529,37529,230078,0
2017-09-29,12:00:00,37534,37594,37465,37576,282402,0
2017-09-29,13:00:00,37553,37603,37526,37549,187601,0
2017-09-29,14:00:00,37547,37549,37433,37507,196965,0
2017-09-29,15:00:00,37513,37567,37455,37566,181399,0
2017-09-29,16:00:00,37570,37617,37477,37515,706549,0
2017-09-29,17:00:00,37514,37558,37291,37291,1296435,0
2017-10-02,10:00:00,37291,37777,37291,37580,483539,0
2017-10-02,11:00:00,37584,37644,37560,37629,160280,0
2017-10-02,12:00:00,37646,37683,37625,37649,156098,0
2017-10-02,13:00:00,37653,37662,37618,37642,142317,0
2017-10-02,14:00:00,37634,37679,37634,37660,171777,0
2017-10-02,15:00:00,37672,37676,37635,37641,218020,0
2017-10-02,16:00:00,37644,37687,37644,37647,141757,0
2017-10-02,17:00:00,37648,37752,37635,37752,562783,0
2017-10-03,10:00:00,37809,37919,37739,37804,173177,0
2017-10-03,11:00:00,37778,37851,37776,37847,203017,0
2017-10-03,12:00:00,37855,37859,37766,37817,205919,0
2017-10-03,13:00:00,37815,37857,37812,37844,133164,0
2017-10-03,14:00:00,37845,37946,37845,37939,269364,0
2017-10-03,15:00:00,37928,37938,37889,37922,53980,0
2017-10-03,16:00:00,37920,37932,37870,37932,121053,0
2017-10-03,17:00:00,37940,38037,37893,37909,508793,0
2017-10-04,10:00:00,37943,37993,37673,37692,406332,0
2017-10-04,11:00:00,37690,37749,37620,37749,200373,0
2017-10-04,12:00:00,37744,37814,37720,37814,87678,0
2017-10-04,13:00:00,37805,37805,37588,37610,219498,0
2017-10-04,14:00:00,37601,37714,37492,37714,252940,0
2017-10-04,15:00:00,37708,37785,37695,37747,93171,0
2017-10-04,16:00:00,37748,37876,37748,37876,165537,0
2017-10-04,17:00:00,37866,37942,37768,37923,1061000,0
2017-10-05,10:00:00,37942,37946,37761,37779,286991,0
2017-10-05,11:00:00,37799,37818,37718,37770,157153,0
2017-10-05,12:00:00,37740,37803,37729,37783,137796,0
2017-10-05,13:00:00,37779,37800,37755,37781,108341,0
2017-10-05,14:00:00,37780,37855,37779,37853,117684,0
2017-10-05,15:00:00,37840,37845,37789,37842,101594,0
2017-10-05,16:00:00,37829,37896,37829,37830,98225,0
2017-10-05,17:00:00,37832,37904,37793,37876,423297,0
2017-10-06,10:00:00,37914,38132,37903,38021,379077,0
2017-10-06,11:00:00,38020,38046,37970,38010,266035,0
2017-10-06,12:00:00,38000,38010,37960,37980,306929,0
2017-10-06,13:00:00,37986,37986,37915,37925,89629,0
2017-10-06,14:00:00,37930,37977,37916,37962,183117,0
2017-10-06,15:00:00,37950,37962,37750,37838,348195,0
2017-10-06,16:00:00,37855,37978,37854,37948,261539,0
2017-10-06,17:00:00,37958,37978,37869,37942,481829,0
2017-10-09,10:00:00,38010,38010,37859,37974,89961,0
2017-10-09,11:00:00,37973,38049,37961,38036,66695,0
2017-10-09,12:00:00,38037,38044,37927,37931,117529,0
2017-10-09,13:00:00,37925,37996,37921,37988,136987,0
2017-10-09,14:00:00,37984,37984,37921,37964,81088,0
2017-10-09,15:00:00,37963,38011,37938,37995,172054,0
2017-10-09,16:00:00,37994,38034,37934,37986,107919,0
2017-10-09,17:00:00,37993,38014,37888,38009,428844,0
2017-10-10,10:00:00,38043,38101,37792,37926,204625,0
2017-10-10,11:00:00,37909,37939,37773,37824,390861,0
2017-10-10,12:00:00,37819,37843,37778,37802,101931,0
2017-10-10,13:00:00,37798,37819,37772,37807,64321,0
2017-10-10,14:00:00,37812,37837,37766,37815,113761,0
2017-10-10,15:00:00,37802,37859,37794,37831,74019,0
2017-10-10,16:00:00,37830,37926,37814,37890,283704,0
2017-10-10,17:00:00,37875,38032,37812,38032,959844,0
2017-10-11,10:00:00,38001,38087,37952,37981,242879,0
2017-10-11,11:00:00,37969,38155,37962,38153,726150,0
2017-10-11,12:00:00,38141,38253,38141,38160,486798,0
2017-10-11,13:00:00,38173,38205,38167,38167,267750,0
2017-10-11,14:00:00,38169,38199,38117,38199,370011,0
2017-10-11,15:00:00,38194,38206,38165,38193,373637,0
2017-10-11,16:00:00,38188,38330,38184,38205,449417,0
2017-10-11,17:00:00,38212,38467,38205,38453,1451910,0
2017-10-12,10:00:00,38454,38576,38442,38542,1295260,0
2017-10-12,11:00:00,38555,38595,38471,38561,840636,0
2017-10-12,12:00:00,38560,38718,38533,38653,697924,0
2017-10-12,13:00:00,38677,38764,38675,38695,428702,0
2017-10-12,14:00:00,38687,38704,38612,38673,201038,0
2017-10-12,15:00:00,38653,38681,38552,38681,386980,0
2017-10-12,16:00:00,38689,38703,38593,38633,197777,0
2017-10-12,17:00:00,38634,38773,38603,38772,1156945,0
2017-10-13,10:00:00,38772,38772,38579,38611,863169,0
2017-10-13,11:00:00,38602,38694,38569,38617,275299,0
2017-10-13,12:00:00,38618,38791,38577,38771,482955,0
2017-10-13,13:00:00,38773,38823,38728,38750,353611,0
2017-10-13,14:00:00,38749,38827,38706,38818,172785,0
2017-10-13,15:00:00,38821,38965,38743,38958,306305,0
2017-10-13,16:00:00,38935,38947,38853,38882,327432,0
2017-10-13,17:00:00,38873,38949,38860,38895,642036,0
2017-10-16,10:00:00,38868,39066,38857,39019,835000,0
2017-10-16,11:00:00,39020,39077,38983,39043,658888,0
2017-10-16,12:00:00,39028,39054,38945,38989,469093,0
2017-10-16,13:00:00,38987,39017,38937,38964,257621,0
2017-10-16,14:00:00,38951,38971,38792,38881,250939,0
2017-10-16,15:00:00,38885,38950,38853,38931,211210,0
2017-10-16,16:00:00,38938,39034,38925,39021,352613,0
2017-10-16,17:00:00,39030,39120,38989,39120,616938,0
2017-10-17,10:00:00,39097,39130,38941,38967,848126,0
2017-10-17,11:00:00,38966,39047,38965,39027,417246,0
2017-10-17,12:00:00,39038,39043,38994,39005,428355,0
2017-10-17,13:00:00,39007,39050,38943,38973,226068,0
2017-10-17,14:00:00,38985,39054,38956,38983,292770,0
2017-10-17,15:00:00,38982,39061,38929,39024,160334,0
2017-10-17,16:00:00,39037,39044,38996,39027,347742,0
2017-10-17,17:00:00,39034,39038,38881,38910,814624,0
2017-10-18,10:00:00,38997,39007,38824,38977,334988,0
2017-10-18,11:00:00,38990,39015,38905,38941,248466,0
2017-10-18,12:00:00,38948,38990,38933,38989,264572,0
2017-10-18,13:00:00,38988,39060,38982,39025,241851,0
2017-10-18,14:00:00,39029,39033,38985,39016,262405,0
2017-10-18,15:00:00,39017,39088,39002,39079,284149,0
2017-10-18,16:00:00,39072,39156,39053,39156,270115,0
2017-10-18,17:00:00,39158,39229,39082,39082,731029,0
2017-10-19,10:00:00,39116,39149,38993,39011,512252,0
2017-10-19,11:00:00,39013,39035,38863,39021,460692,0
2017-10-19,12:00:00,39017,39132,38983,39092,321547,0
2017-10-19,13:00:00,39033,39084,38978,39000,201073,0
2017-10-19,14:00:00,39006,39084,39000,39081,205990,0
2017-10-19,15:00:00,39077,39102,39014,39085,183641,0
2017-10-19,16:00:00,39072,39072,38981,39011,242084,0
2017-10-19,17:00:00,39024,39107,39004,39098,605782,0
2017-10-20,10:00:00,39102,39221,39040,39074,311716,0
2017-10-20,11:00:00,39072,39098,38896,39060,669693,0
2017-10-20,12:00:00,39062,39069,38965,39017,403592,0
2017-10-20,13:00:00,39015,39038,38948,39018,104073,0
2017-10-20,14:00:00,39017,39073,39000,39062,134513,0
2017-10-20,15:00:00,39060,39099,38990,39085,279574,0
2017-10-20,16:00:00,39084,39115,39010,39086,257016,0
2017-10-20,17:00:00,39085,39163,39069,39133,1880321,0
2017-10-24,10:00:00,39133,39133,38885,39075,715228,0
2017-10-24,11:00:00,39073,39111,39041,39103,241444,0
2017-10-24,12:00:00,39104,39174,39063,39173,184670,0
2017-10-24,13:00:00,39175,39181,39112,39163,120360,0
2017-10-24,14:00:00,39164,39246,39163,39235,227461,0
2017-10-24,15:00:00,39236,39288,39190,39190,208129,0
2017-10-24,16:00:00,39191,39272,39191,39246,764883,0
2017-10-24,17:00:00,39245,39411,39245,39411,938478,0
2017-10-25,10:00:00,39476,39646,39476,39636,1099783,0
2017-10-25,11:00:00,39628,39639,39481,39626,650432,0
2017-10-25,12:00:00,39618,39670,39580,39631,270114,0
2017-10-25,13:00:00,39624,39702,39616,39699,196739,0
2017-10-25,14:00:00,39709,39758,39690,39692,176186,0
2017-10-25,15:00:00,39698,39827,39698,39819,348456,0
2017-10-25,16:00:00,39822,39918,39775,39846,311702,0
2017-10-25,17:00:00,39825,39895,39814,39841,987137,0
2017-10-26,10:00:00,39758,39970,39730,39848,444474,0
2017-10-26,11:00:00,39863,39863,39645,39705,255292,0
2017-10-26,12:00:00,39704,39729,39595,39690,117837,0
2017-10-26,13:00:00,39683,39794,39682,39751,151100,0
2017-10-26,14:00:00,39757,39890,39712,39880,203624,0
2017-10-26,15:00:00,39881,39924,39812,39889,393553,0
2017-10-26,16:00:00,39875,40003,39870,39929,288182,0
2017-10-26,17:00:00,39918,39959,39754,39890,708123,0
2017-10-27,10:00:00,39856,39878,39714,39725,634190,0
2017-10-27,11:00:00,39734,39760,39650,39725,535233,0
2017-10-27,12:00:00,39727,39783,39688,39783,164554,0
2017-10-27,13:00:00,39786,39934,39780,39908,773233,0
2017-10-27,14:00:00,39880,39951,39851,39934,332821,0
2017-10-27,15:00:00,39933,39971,39895,39927,282744,0
2017-10-27,16:00:00,39926,39950,39878,39898,431779,0
2017-10-27,17:00:00,39893,39952,39615,39667,838742,0
2017-10-30,10:00:00,39765,39930,39718,39919,780157,0
2017-10-30,11:00:00,39918,39942,39832,39862,412670,0
2017-10-30,12:00:00,39860,39914,39783,39785,635123,0
2017-10-30,13:00:00,39787,39927,39771,39912,479805,0
2017-10-30,14:00:00,39923,39933,39863,39915,171279,0
2017-10-30,15:00:00,39913,39959,39865,39959,223461,0
2017-10-30,16:00:00,39967,40011,39842,39861,333431,0
2017-10-30,17:00:00,39880,39924,39800,39881,468877,0
2017-10-31,10:00:00,39806,40017,39784,39828,1794036,0
2017-10-31,11:00:00,39864,39899,39828,39874,422625,0
2017-10-31,12:00:00,39873,39873,39770,39791,325280,0
2017-10-31,13:00:00,39813,39838,39774,39806,359480,0
2017-10-31,14:00:00,39800,39849,39729,39737,428868,0
2017-10-31,15:00:00,39729,39866,39729,39805,564628,0
2017-10-31,16:00:00,39802,39817,39688,39732,916569,0
2017-10-31,17:00:00,39745,39790,39610,39612,1771115,0
2017-11-02,10:00:00,39646,40015,39646,39945,1281370,0
2017-11-02,11:00:00,39946,40222,39939,40151,631649,0
2017-11-02,12:00:00,40150,40256,40090,40246,532405,0
2017-11-02,13:00:00,40242,40246,40174,40184,442731,0
2017-11-02,14:00:00,40185,40227,40152,40178,255718,0
2017-11-02,15:00:00,40170,40224,40144,40150,322382,0
2017-11-02,16:00:00,40151,40152,40021,40116,411252,0
2017-11-02,17:00:00,40115,40194,40095,40150,746061,0
2017-11-03,10:00:00,40156,40213,39620,39791,1097944,0
2017-11-03,11:00:00,39779,39871,39772,39846,709725,0
2017-11-03,12:00:00,39858,39863,39746,39790,860307,0
2017-11-03,13:00:00,39791,39842,39765,39797,436541,0
2017-11-03,14:00:00,39796,39852,39750,39762,334252,0
2017-11-03,15:00:00,39760,39793,39760,39788,622645,0
2017-11-03,16:00:00,39794,39842,39754,39790,443058,0
2017-11-03,17:00:00,39796,39871,39763,39763,867194,0
2017-11-06,10:00:00,39872,40078,39799,40038,1067214,0
2017-11-06,11:00:00,40030,40129,39988,40027,582251,0
2017-11-06,12:00:00,40021,40074,39955,40017,334871,0
2017-11-06,13:00:00,40016,40059,39975,40023,600954,0
2017-11-06,14:00:00,40024,40049,40014,40040,314794,0
2017-11-06,15:00:00,40041,40053,39980,40045,378331,0
2017-11-06,16:00:00,40037,40105,40034,40084,790519,0
2017-11-06,17:00:00,40071,40118,40057,40116,992094,0
2017-11-07,10:00:00,40116,40370,40091,40340,2006968,0
2017-11-07,11:00:00,40342,40342,39895,40063,1663932,0
2017-11-07,12:00:00,40112,40198,39804,39831,1349510,0
2017-11-07,13:00:00,39830,39843,39756,39790,380592,0
2017-11-07,14:00:00,39803,39885,39796,39827,379481,0
2017-11-07,15:00:00,39828,39888,39824,39846,391434,0
2017-11-07,16:00:00,39852,39931,39843,39875,238656,0
2017-11-07,17:00:00,39854,39965,39809,39809,818965,0
2017-11-08,10:00:00,39824,39949,39618,39806,445083,0
2017-11-08,11:00:00,39827,39882,39744,39787,532027,0
2017-11-08,12:00:00,39780,39921,39780,39889,173437,0
2017-11-08,13:00:00,39897,39911,39851,39883,144287,0
2017-11-08,14:00:00,39875,39884,39817,39843,134695,0
2017-11-08,15:00:00,39842,39948,39842,39929,162958,0
2017-11-08,16:00:00,39935,40241,39928,40063,2206248,0
2017-11-08,17:00:00,40067,40236,40065,40122,1123221,0
2017-11-09,10:00:00,40308.14,40491.02,40170.68,40225,0,0
2017-11-09,11:00:00,40210.23,40328.32,40145.76,40303.17,0,0
2017-11-09,12:00:00,40307.79,40332.73,40221.32,40318.61,0,0
2017-11-09,13:00:00,40319.45,40321.48,40190,40192,280449,0
2017-11-09,14:00:00,40199,40230,40078,40144,611678,0
2017-11-09,15:00:00,40138,40167,40036,40152,823080,0
2017-11-09,16:00:00,40141,40201,40106,40121,473505,0
2017-11-09,17:00:00,40113,40339,40082,40274,1914228,0
2017-11-10,10:00:00,40255,40389,40118,40175,600617,0
2017-11-10,11:00:00,40174,40174,39601,39752,820547,0
2017-11-10,12:00:00,39763,39798,39632,39683,443798,0
2017-11-10,13:00:00,39682,39774,39644,39724,315257,0
2017-11-10,14:00:00,39731,39807,39727,39782,237002,0
2017-11-10,15:00:00,39784,39889,39739,39881,211837,0
2017-11-10,16:00:00,39898,39912,39731,39731,276915,0
2017-11-10,17:00:00,39753,39769,39435,39435,778092,0
2017-11-13,10:00:00,39634.81,39834,39582.32,39773,974883,0
2017-11-13,11:00:00,39786,39794,39494,39658,548348,0
2017-11-13,12:00:00,39663,39767,39624,39731,263349,0
2017-11-13,13:00:00,39719,39759,39630,39688,81949,0
2017-11-13,14:00:00,39676,39728,39609,39693,277335,0
2017-11-13,15:00:00,39694,39715,39576,39614,275523,0
2017-11-13,16:00:00,39607,39607,39343,39348,292304,0
2017-11-13,17:00:00,39359,39542,39254,39254,547698,0
2017-11-14,10:00:00,39260,39712,39260,39651,552761,0
2017-11-14,11:00:00,39669,39676,39558,39587,254623,0
2017-11-14,12:00:00,39574,39578,39511,39558,103638,0
2017-11-14,13:00:00,39561,39598,39544,39590,393466,0
2017-11-14,14:00:00,39591,39603,39402,39474,414674,0
2017-11-14,15:00:00,39456,39550,39456,39502,223151,0
2017-11-14,16:00:00,39506,39507,39307,39313,406471,0
2017-11-14,17:00:00,39302,39343,39140,39140,1173148,0
2017-11-15,10:00:00,39175,39239,38866,39014,794526,0
2017-11-15,11:00:00,39000,39040,38752,38857,564146,0
2017-11-15,12:00:00,38861,38967,38820,38901,320091,0
2017-11-15,13:00:00,38902,38902,38828,38839,264438,0
2017-11-15,14:00:00,38840,38911,38819,38907,197483,0
2017-11-15,15:00:00,38887,38980,38873,38910,214889,0
2017-11-15,16:00:00,38906,38927,38620,38643,495350,0
2017-11-15,17:00:00,38647,38743,38600,38615,951216,0
2017-11-16,10:00:00,38622,39172,38622,39090,754079,0
2017-11-16,11:00:00,39084,39141,38987,39127,270299,0
2017-11-16,12:00:00,39129,39242,39072,39238,310060,0
2017-11-16,13:00:00,39252,39305,39166,39288,193531,0
2017-11-16,14:00:00,39291,39319,39141,39152,234136,0
2017-11-16,15:00:00,39158,39169,38933,39035,414708,0
2017-11-16,16:00:00,39029,39039,38907,38914,606127,0
2017-11-16,17:00:00,38912,39125,38910,38982,1613580,0
2017-11-17,10:00:00,38988,39234,38921,39191,584622,0
2017-11-17,11:00:00,39189,39218,39140,39157,268591,0
2017-11-17,12:00:00,39170,39226,39160,39203,179495,0
2017-11-17,13:00:00,39196,39226,39161,39226,89145,0
2017-11-17,14:00:00,39194,39228,39191,39228,122583,0
2017-11-17,15:00:00,39233,39267,39211,39223,331448,0
2017-11-17,16:00:00,39221,39228,39112,39133,441588,0
2017-11-17,17:00:00,39127,39324,39115,39280,481521,0
2017-11-20,10:00:00,39274,39369,39109,39328,346292,0
2017-11-20,11:00:00,39327,39327,39120,39149,307945,0
2017-11-20,12:00:00,39144,39324,39142,39313,405359,0
2017-11-20,13:00:00,39340,39357,39287,39357,132560,0
2017-11-20,14:00:00,39360,39438,39358,39438,116964,0
2017-11-20,15:00:00,39427,39429,39298,39310,471996,0
2017-11-20,16:00:00,39273,39364,39230,39244,393189,0
2017-11-20,17:00:00,39242,39425,39242,39359,634316,0
2017-11-21,10:00:00,39371,39501,39347,39417,763401,0
2017-11-21,11:00:00,39408,39440,39354,39421,336212,0
2017-11-21,12:00:00,39411,39448,39359,39383,316413,0
2017-11-21,13:00:00,39382,39398,39338,39363,102439,0
2017-11-21,14:00:00,39362,39362,39287,39339,149428,0
2017-11-21,15:00:00,39344,39400,39328,39341,266527,0
2017-11-21,16:00:00,39340,39481,39274,39442,367298,0
2017-11-21,17:00:00,39444,39608,39424,39554,659861,0
2017-11-22,10:00:00,39626,39977,39626,39977,404364,0
2017-11-22,11:00:00,39978,40153,39975,40067,433561,0
2017-11-22,12:00:00,40083,40191,40075,40153,192668,0
2017-11-22,13:00:00,40154,40180,40096,40163,118021,0
2017-11-22,14:00:00,40156,40218,40108,40165,209690,0
2017-11-22,15:00:00,40161,40168,40014,40047,767032,0
2017-11-22,16:00:00,40054,40121,40054,40070,191144,0
2017-11-22,17:00:00,40068,40151,39870,40131,963967,0
2017-11-23,10:00:00,40120,40120,39803,39889,125906,0
2017-11-23,11:00:00,39893,40041,39879,39955,148968,0
2017-11-23,12:00:00,39952,39980,39849,39950,241651,0
2017-11-23,13:00:00,39948,39999,39931,39976,48199,0
2017-11-23,14:00:00,39974,40001,39896,39896,89425,0
2017-11-23,15:00:00,39899,39956,39864,39882,37255,0
2017-11-23,16:00:00,39883,40006,39881,39934,71072,0
2017-11-23,17:00:00,39936,39993,39909,39963,102376,0
2017-11-24,10:00:00,39993,40029,39867,39874,101513,0
2017-11-24,11:00:00,39892,39933,39812,39860,223172,0
2017-11-24,12:00:00,39856,39873,39732,39791,171381,0
2017-11-24,13:00:00,39790,39850,39755,39834,114734,0
2017-11-24,14:00:00,39837,39907,39796,39866,208986,0
2017-11-24,15:00:00,39871,39896,39822,39873,351865,0
2017-11-24,16:00:00,39874,39884,39721,39782,247126,0
2017-11-24,17:00:00,39781,39814,39709,39709,367986,0
2017-11-27,10:00:00,39713,39720,39570,39658,387410,0
2017-11-27,11:00:00,39648,39677,39626,39659,241879,0
2017-11-27,12:00:00,39658,39686,39590,39638,215273,0
2017-11-27,13:00:00,39639,39673,39614,39652,140578,0
2017-11-27,14:00:00,39650,39673,39552,39576,200133,0
2017-11-27,15:00:00,39578,39600,39526,39581,159057,0
2017-11-27,16:00:00,39587,39588,39248,39248,453928,0
2017-11-27,17:00:00,39252,39517,39246,39424,587734,0
2017-11-28,10:00:00,39489,39686,39244,39299,289758,0
2017-11-28,11:00:00,39255,39341,39230,39251,171941,0
2017-11-28,12:00:00,39252,39311,39246,39299,93673,0
2017-11-28,13:00:00,39298,39328,39277,39302,129040,0
2017-11-28,14:00:00,39303,39367,39262,39326,649488,0
2017-11-28,15:00:00,39325,39347,39179,39256,1237979,0
2017-11-28,16:00:00,39258,39268,39066,39096,496512,0
2017-11-28,17:00:00,39098,39242,39067,39242,883632,0
2017-11-29,10:00:00,39352,39461,39210,39256,553154,0
2017-11-29,11:00:00,39282,39282,39049,39056,145541,0
2017-11-29,12:00:00,39053,39054,38883,38980,199044,0
2017-11-29,13:00:00,38986,39068,38951,39022,115306,0
2017-11-29,14:00:00,39047,39068,38993,39066,871438,0
2017-11-29,15:00:00,39064,39086,38972,38997,368744,0
2017-11-29,16:00:00,38970,39020,38824,38838,473103,0
2017-11-29,17:00:00,38844,38904,38796,38819,809304,0
2017-11-30,10:00:00,38819,39006,38685,38911,472213,0
2017-11-30,11:00:00,38904,38908,38728,38728,200053,0
2017-11-30,12:00:00,38717,38777,38621,38742,178942,0
2017-11-30,13:00:00,38747,38848,38732,38796,106935,0
2017-11-30,14:00:00,38795,38796,38630,38640,188819,0
2017-11-30,15:00:00,38642,38648,38525,38586,288787,0
2017-11-30,16:00:00,38588,38635,38502,38542,237187,0
2017-11-30,17:00:00,38556,38708,38458,38674,1934270,0
2017-12-01,10:00:00,38674,38765,38385,38385,310695,0
2017-12-01,11:00:00,38366,38440,38279,38403,284312,0
2017-12-01,12:00:00,38412,38455,38396,38426,138678,0
2017-12-01,13:00:00,38446,38446,38267,38286,235784,0
2017-12-01,14:00:00,38291,38391,38251,38341,173709,0
2017-12-01,15:00:00,38335,38496,38335,38410,139040,0
2017-12-01,16:00:00,38420,38440,38258,38272,410637,0
2017-12-01,17:00:00,38269,38356,38156,38189,674221,0
2017-12-04,10:00:00,38229,38229,37817,37982,490887,0
2017-12-04,11:00:00,38008,38008,37811,37846,626423,0
2017-12-04,12:00:00,37855,38055,37855,37932,258705,0
2017-12-04,13:00:00,37898,37994,37898,37965,138191,0
2017-12-04,14:00:00,37971,38030,37945,38017,207161,0
2017-12-04,15:00:00,38016,38028,37977,38004,115508,0
2017-12-04,16:00:00,37995,38023,37885,37891,210950,0
2017-12-04,17:00:00,37901,38353,37772,37805,655804,0
2017-12-05,10:00:00,37900,38008,37765,37774,338481,0
2017-12-05,11:00:00,37811,37839,37494,37599,645120,0
2017-12-05,12:00:00,37595,37627,37533,37609,208257,0
2017-12-05,13:00:00,37606,37747,37591,37723,255601,0
2017-12-05,14:00:00,37725,37746,37669,37698,220926,0
2017-12-05,15:00:00,37699,37743,37660,37714,217032,0
2017-12-05,16:00:00,37718,37768,37680,37700,177388,0
2017-12-05,17:00:00,37696,37750,37559,37559,759508,0
2017-12-06,10:00:00,37597,37661,37444,37651,373934,0
2017-12-06,11:00:00,37638,37865,37616,37837,250212,0
2017-12-06,12:00:00,37812,37838,37738,37772,258917,0
2017-12-06,13:00:00,37766,37774,37726,37731,138495,0
2017-12-06,14:00:00,37738,37757,37688,37702,251669,0
2017-12-06,15:00:00,37697,37750,37685,37692,189452,0
2017-12-06,16:00:00,37691,37706,37629,37650,229208,0
2017-12-06,17:00:00,37656,37729,37592,37592,900098,0
2017-12-07,10:00:00,37656,37907,37656,37886,200185,0
2017-12-07,11:00:00,37885,37886,37774,37838,133914,0
2017-12-07,12:00:00,37842,38108,37838,38108,202265,0
2017-12-07,13:00:00,38110,38110,37964,38006,69565,0
2017-12-07,14:00:00,38008,38114,38008,38063,185581,0
2017-12-07,15:00:00,38033,38206,38022,38155,355811,0
2017-12-07,16:00:00,38159,38371,38125,38310,401989,0
2017-12-07,17:00:00,38302,38420,38291,38348,943296,0
2017-12-08,10:00:00,38481,38630,38323,38328,564106,0
2017-12-08,11:00:00,38327,38483,38301,38439,213408,0
2017-12-08,12:00:00,38437,38560,38405,38514,195598,0
2017-12-08,13:00:00,38508,38508,38372,38372,72161,0
2017-12-08,14:00:00,38370,38414,38291,38313,166181,0
2017-12-08,15:00:00,38318,38376,38257,38279,144411,0
2017-12-08,16:00:00,38309,38309,38132,38233,177535,0
2017-12-08,17:00:00,38227,38248,38148,38233,481712,0
2017-12-11,10:00:00,38304,38356,38024,38140,250977,0
2017-12-11,11:00:00,38137,38200,38043,38043,724670,0
2017-12-11,12:00:00,38032,38115,37982,38090,235373,0
2017-12-11,13:00:00,38091,38110,38032,38032,290701,0
2017-12-11,14:00:00,38028,38042,37985,37985,295800,0
2017-12-11,15:00:00,37979,37997,37846,37905,270699,0
2017-12-11,16:00:00,37942,37971,37792,37831,661932,0
2017-12-11,17:00:00,37833,37833,37534,37576,1429666,0
2017-12-12,10:00:00,37670,37832,37401,37625,390784,0
2017-12-12,11:00:00,37624,38038,37613,37886,407341,0
2017-12-12,12:00:00,37882,37893,37753,37754,200523,0
2017-12-12,13:00:00,37750,37933,37728,37926,163171,0
2017-12-12,14:00:00,37931,37931,37757,37884,147328,0
2017-12-12,15:00:00,37888,38054,37837,38033,265993,0
2017-12-12,16:00:00,38032,38070,37860,37952,625819,0
2017-12-12,17:00:00,37948,38054,37881,38018,819085,0
2017-12-13,10:00:00,38075,38133,37989,38021,375775,0
2017-12-13,11:00:00,38036,38085,37994,38005,2326407,0
2017-12-13,12:00:00,38001,38052,37979,37980,1045667,0
2017-12-13,13:00:00,37979,38107,37979,38008,919154,0
2017-12-13,14:00:00,37997,38063,37997,38063,100427,0
2017-12-13,15:00:00,38065,38075,38012,38043,426687,0
2017-12-13,16:00:00,38009,38012,37932,38000,698989,0
2017-12-13,17:00:00,38004,38228,37992,38228,1056407,0
2017-12-14,10:00:00,38311,38497,38248,38339,1569959,0
2017-12-14,11:00:00,38342,38361,38185,38361,1241768,0
2017-12-14,12:00:00,38328,38337,38203,38302,730326,0
2017-12-14,13:00:00,38299,38377,38256,38267,700357,0
2017-12-14,14:00:00,38274,38356,38253,38296,793154,0
2017-12-14,15:00:00,38301,38445,38296,38436,625590,0
2017-12-14,16:00:00,38435,38502,38426,38498,434797,0
2017-12-14,17:00:00,38476,38650,38468,38616,1993947,0
2017-12-15,10:00:00,38639,38688,38424,38606,904099,0
2017-12-15,11:00:00,38608,38633,38544,38566,201961,0
2017-12-15,12:00:00,38557,38565,38494,38516,830870,0
2017-12-15,13:00:00,38522,38551,38493,38523,590214,0
2017-12-15,14:00:00,38531,38563,38518,38551,317105,0
2017-12-15,15:00:00,38550,38592,38549,38576,203238,0
2017-12-15,16:00:00,38570,38756,38570,38726,396826,0
2017-12-15,17:00:00,38727,38804,38643,38657,3126953,0
2017-12-18,10:00:00,38774.74,38805,38583.58,38777,243718,0
2017-12-18,11:00:00,38769,38808,38662,38669,138599,0
2017-12-18,12:00:00,38672,38726,38541,38554,462730,0
2017-12-18,13:00:00,38555,38606,38517,38576,80019,0
2017-12-18,14:00:00,38580,38628,38539,38584,228121,0
2017-12-18,15:00:00,38590,38696,38566,38678,433840,0
2017-12-18,16:00:00,38681,38803,38650,38778,234985,0
2017-12-18,17:00:00,38773,38814,38666,38744,663174,0
2017-12-19,10:00:00,38782,38948,38690,38807,931131,0
2017-12-19,11:00:00,38796,38875,38743,38853,657440,0
2017-12-19,12:00:00,38857,38857,38716,38769,249881,0
2017-12-19,13:00:00,38750,38845,38747,38747,207356,0
2017-12-19,14:00:00,38746,38764,38730,38742,501842,0
2017-12-19,15:00:00,38752,38753,38674,38684,369736,0
2017-12-19,16:00:00,38697,38854,38675,38852,340527,0
2017-12-19,17:00:00,38825,39049,38807,38807,990200,0
2017-12-20,10:00:00,38977,39174,38846,38858,380407,0
2017-12-20,11:00:00,38855,38909,38778,38860,144899,0
2017-12-20,12:00:00,38845,38945,38845,38929,262425,0
2017-12-20,13:00:00,38928,39006,38908,38949,379022,0
2017-12-20,14:00:00,38971,39002,38834,38906,450116,0
2017-12-20,15:00:00,38908,38988,38883,38908,424722,0
2017-12-20,16:00:00,38903,38911,38838,38849,490631,0
2017-12-20,17:00:00,38854,38882,38766,38847,548501,0
2017-12-21,10:00:00,38877,38889,38572,38792,255855,0
2017-12-21,11:00:00,38809,38858,38785,38849,492122,0
2017-12-21,12:00:00,38816,38863,38736,38860,243110,0
2017-12-21,13:00:00,38862,38891,38831,38832,103562,0
2017-12-21,14:00:00,38827,38837,38746,38832,97580,0
2017-12-21,15:00:00,38824,38853,38741,38840,257454,0
2017-12-21,16:00:00,38841,38886,38804,38835,110697,0
2017-12-21,17:00:00,38836,39140,38836,39140,431718,0
2017-12-22,10:00:00,39144,39166,38928,38943,385644,0
2017-12-22,11:00:00,38976,39039,38917,39036,344945,0
2017-12-22,12:00:00,39037,39076,39029,39052,249044,0
2017-12-22,13:00:00,39069,39096,38982,39025,75812,0
2017-12-22,14:00:00,39021,39071,39011,39047,83233,0
2017-12-22,15:00:00,39066,39131,39043,39104,336082,0
2017-12-22,16:00:00,39105,39107,39020,39050,186018,0
2017-12-22,17:00:00,39030,39071,38997,39028,301858,0
2017-12-27,10:00:00,39137,39274,39137,39175,264407,0
2017-12-27,11:00:00,39137,39139,39002,39015,279774,0
2017-12-27,12:00:00,39040,39069,39031,39062,142089,0
2017-12-27,13:00:00,39064,39097,39029,39073,156319,0
2017-12-27,14:00:00,39075,39118,39043,39113,112474,0
2017-12-27,15:00:00,39118,39126,39046,39059,223191,0
2017-12-27,16:00:00,39058,39137,39053,39114,264022,0
2017-12-27,17:00:00,39116,39191,39080,39191,480767,0
2017-12-28,10:00:00,39153,39212,39107,39212,156082,0
2017-12-28,11:00:00,39222,39233,39143,39212,107108,0
2017-12-28,12:00:00,39209,39247,39131,39186,405859,0
2017-12-28,13:00:00,39188,39270,39188,39189,216665,0
2017-12-28,14:00:00,39190,39214,39166,39172,81131,0
2017-12-28,15:00:00,39169,39170,39093,39156,158036,0
2017-12-28,16:00:00,39153,39193,39080,39182,125906,0
2017-12-28,17:00:00,39178,39196,39077,39179,415387,0
2017-12-29,10:00:00,39277,39311,39215,39260,97641,0
2017-12-29,11:00:00,39259,39319,39218,39282,129877,0
2017-12-29,12:00:00,39281,39378,39258,39343,248836,0
2017-12-29,13:00:00,39317,39377,39298,39346,164832,0
2017-12-29,14:00:00,39342,39351,39294,39325,106357,0
2017-12-29,15:00:00,39319,39344,39305,39337,62804,0
2017-12-29,16:00:00,39327,39375,39301,39330,199754,0
2017-12-29,17:00:00,39332,39377,39267,39377,1105139,0
2018-01-02,10:00:00,39313,39622,39293,39386,278266,0
2018-01-02,11:00:00,39387,39636,39387,39569,350583,0
2018-01-02,12:00:00,39593,39657,39477,39657,96417,0
2018-01-02,13:00:00,39669,39695,39570,39647,143230,0
2018-01-02,14:00:00,39633,39736,39602,39687,71322,0
2018-01-02,15:00:00,39679,39690,39490,39598,196802,0
2018-01-02,16:00:00,39590,39629,39489,39502,145901,0
2018-01-02,17:00:00,39462,39531,39288,39444,658902,0
2018-01-03,10:00:00,39427,39541,39360,39507,180418,0
2018-01-03,11:00:00,39501,39507,39334,39381,158776,0
2018-01-03,12:00:00,39382,39474,39343,39432,179824,0
2018-01-03,13:00:00,39433,39486,39414,39473,118047,0
2018-01-03,14:00:00,39474,39495,39435,39495,142478,0
2018-01-03,15:00:00,39508,39618,39491,39557,138775,0
2018-01-03,16:00:00,39563,39657,39510,39605,134480,0
2018-01-03,17:00:00,39599,39656,39484,39604,456801,0
2018-01-04,10:00:00,39604,39898,39575,39783,475229,0
2018-01-04,11:00:00,39768,39811,39721,39811,161407,0
2018-01-04,12:00:00,39810,39811,39696,39725,119710,0
2018-01-04,13:00:00,39751,39797,39696,39731,157664,0
2018-01-04,14:00:00,39744,39818,39735,39763,394889,0
2018-01-04,15:00:00,39766,39815,39682,39755,369946,0
2018-01-04,16:00:00,39763,39822,39693,39800,448033,0
2018-01-04,17:00:00,39796,39877,39710,39850,1445655,0
2018-01-05,10:00:00,39851,40006,39821,39880,699722,0
2018-01-05,11:00:00,39853,39876,39786,39840,284337,0
2018-01-05,12:00:00,39839,39908,39808,39908,142094,0
2018-01-05,13:00:00,39878,39937,39816,39867,446515,0
2018-01-05,14:00:00,39858,39941,39856,39915,129373,0
2018-01-05,15:00:00,39919,39919,39868,39918,97211,0
2018-01-05,16:00:00,39910,39940,39860,39930,146713,0
2018-01-05,17:00:00,39922,39995,39874,39995,532513,0
2018-01-08,10:00:00,39997,40011,39862,39945,304497,0
2018-01-08,11:00:00,39953,40055,39937,40042,214512,0
2018-01-08,12:00:00,40036,40102,39982,40102,232316,0
2018-01-08,13:00:00,40110,40193,40061,40106,294865,0
2018-01-08,14:00:00,40105,40118,40022,40024,218187,0
2018-01-08,15:00:00,40025,40055,39990,40039,166722,0
2018-01-08,16:00:00,40062,40100,40035,40097,323576,0
2018-01-08,17:00:00,40093,40106,40047,40104,626655,0
2018-01-09,10:00:00,40105,40167,40033,40135,298959,0
2018-01-09,11:00:00,40132,40208,40053,40053,242901,0
2018-01-09,12:00:00,40102,40110,39940,39959,152397,0
2018-01-09,13:00:00,39961,39963,39681,39718,545072,0
2018-01-09,14:00:00,39705,39792,39663,39740,231655,0
2018-01-09,15:00:00,39742,39823,39664,39813,294492,0
2018-01-09,16:00:00,39807,39887,39760,39776,151359,0
2018-01-09,17:00:00,39781,39870,39703,39870,648111,0
2018-01-10,10:00:00,39868,39931,39729,39784,172451,0
2018-01-10,11:00:00,39783,39797,39644,39646,278422,0
2018-01-10,12:00:00,39645,39683,39587,39636,134873,0
2018-01-10,13:00:00,39645,39647,39525,39558,64275,0
2018-01-10,14:00:00,39566,39566,39448,39448,139830,0
2018-01-10,15:00:00,39454,39513,39401,39496,157707,0
2018-01-10,16:00:00,39516,39551,39434,39473,169130,0
2018-01-10,17:00:00,39481,39651,39464,39651,421414,0
2018-01-11,10:00:00,39651,39734,39520,39602,285864,0
2018-01-11,11:00:00,39605,39656,39464,39587,217638,0
2018-01-11,12:00:00,39601,39622,39520,39572,165668,0
2018-01-11,13:00:00,39565,39586,39488,39547,289460,0
2018-01-11,14:00:00,39545,39611,39494,39500,212014,0
2018-01-11,15:00:00,39501,39565,39453,39498,229035,0
2018-01-11,16:00:00,39539,39540,39388,39522,266594,0
2018-01-11,17:00:00,39531,39773,39496,39773,641144,0
2018-01-12,10:00:00,39773,39916,39724,39785,354974,0
2018-01-12,11:00:00,39782,39828,39728,39809,327616,0
2018-01-12,12:00:00,39808,39856,39768,39833,193604,0
2018-01-12,13:00:00,39829,39859,39775,39811,67302,0
2018-01-12,14:00:00,39810,39820,39719,39719,34401,0
2018-01-12,15:00:00,39712,39739,39655,39739,175316,0
2018-01-12,16:00:00,39737,39745,39594,39740,656397,0
2018-01-12,17:00:00,39722,39883,39678,39878,773374,0
2018-01-15,10:00:00,39878,39879,39622,39622,113992,0
2018-01-15,11:00:00,39595,39636,39522,39550,58542,0
2018-01-15,12:00:00,39546,39637,39523,39529,137617,0
2018-01-15,13:00:00,39530,39578,39512,39552,65046,0
2018-01-15,14:00:00,39551,39573,39479,39498,351889,0
2018-01-15,15:00:00,39506,39569,39486,39540,87619,0
2018-01-15,16:00:00,39546,39573,39500,39573,109517,0
2018-01-15,17:00:00,39552,39615,39503,39579,553036,0
2018-01-16,10:00:00,39580,39800,39511,39772,156125,0
2018-01-16,11:00:00,39766,39840,39766,39813,91450,0
2018-01-16,12:00:00,39839,39913,39805,39905,113651,0
2018-01-16,13:00:00,39898,39911,39859,39895,161407,0
2018-01-16,14:00:00,39908,39987,39789,39789,255651,0
2018-01-16,15:00:00,39777,39806,39629,39663,201949,0
2018-01-16,16:00:00,39665,39687,39530,39562,239780,0
2018-01-16,17:00:00,39565,39688,39564,39684,609770,0
2018-01-17,10:00:00,39682,39704,39590,39646,267985,0
2018-01-17,11:00:00,39642,39728,39612,39718,396196,0
2018-01-17,12:00:00,39733,39733,39547,39599,268189,0
2018-01-17,13:00:00,39598,39690,39598,39660,144991,0
2018-01-17,14:00:00,39662,39692,39587,39611,97753,0
2018-01-17,15:00:00,39599,39622,39409,39521,556828,0
2018-01-17,16:00:00,39534,39630,39505,39506,332496,0
2018-01-17,17:00:00,39521,39543,39363,39543,628547,0
2018-01-18,10:00:00,39544,39694,39435,39646,291328,0
2018-01-18,11:00:00,39648,39703,39609,39686,150448,0
2018-01-18,12:00:00,39673,39715,39658,39682,80610,0
2018-01-18,13:00:00,39677,39695,39661,39667,32957,0
2018-01-18,14:00:00,39659,39712,39643,39705,80490,0
2018-01-18,15:00:00,39707,39707,39649,39673,120416,0
2018-01-18,16:00:00,39658,39734,39634,39707,203173,0
2018-01-18,17:00:00,39701,39741,39639,39664,532683,0
2018-01-19,10:00:00,39665,39862,39640,39846,79281,0
2018-01-19,11:00:00,39853,39858,39770,39816,214956,0
2018-01-19,12:00:00,39819,39850,39773,39803,102039,0
2018-01-19,13:00:00,39821,39892,39775,39853,113479,0
2018-01-19,14:00:00,39845,39900,39831,39846,170229,0
2018-01-19,15:00:00,39845,39870,39789,39825,258648,0
2018-01-19,16:00:00,39838,39909,39822,39867,165142,0
2018-01-19,17:00:00,39875,40022,39843,40022,565905,0
2018-01-22,10:00:00,39984,40246,39935,40137,340658,0
2018-01-22,11:00:00,40141,40545,40136,40469,603464,0
2018-01-22,12:00:00,40466,40563,40427,40563,432254,0
2018-01-22,13:00:00,40555,40681,40551,40661,515018,0
2018-01-22,14:00:00,40659,40792,40647,40748,413523,0
2018-01-22,15:00:00,40732,40777,40702,40724,217275,0
2018-01-22,16:00:00,40730,40856,40704,40845,208263,0
2018-01-22,17:00:00,40858,41002,40817,41002,898970,0
2018-01-23,10:00:00,41004,41282,40986,41036,565299,0
2018-01-23,11:00:00,41062,41132,40984,41004,260472,0
2018-01-23,12:00:00,41018,41165,41006,41125,291052,0
2018-01-23,13:00:00,41123,41123,41041,41090,218300,0
2018-01-23,14:00:00,41091,41250,41069,41209,302574,0
2018-01-23,15:00:00,41174,41323,41130,41322,521275,0
2018-01-23,16:00:00,41324,41344,41221,41252,234869,0
2018-01-23,17:00:00,41261,41520,41253,41516,989557,0
2018-01-24,10:00:00,41517,41609,41306,41440,400455,0
2018-01-24,11:00:00,41427,41466,41225,41256,347153,0
2018-01-24,12:00:00,41243,41285,41196,41238,187337,0
2018-01-24,13:00:00,41229,41282,41215,41268,108119,0
2018-01-24,14:00:00,41255,41271,41142,41213,190531,0
2018-01-24,15:00:00,41220,41245,41098,41098,325076,0
2018-01-24,16:00:00,41104,41159,41052,41124,274416,0
2018-01-24,17:00:00,41118,41152,40889,40980,727152,0
2018-01-25,10:00:00,40983,40983,40779,40827,253603,0
2018-01-25,11:00:00,40820,40869,40704,40708,388414,0
2018-01-25,12:00:00,40711,40765,40633,40633,202714,0
2018-01-25,13:00:00,40646,40726,40646,40726,146305,0
2018-01-25,14:00:00,40719,40731,40620,40643,138959,0
2018-01-25,15:00:00,40656,40670,40515,40557,228992,0
2018-01-25,16:00:00,40556,40635,40404,40419,278134,0
2018-01-25,17:00:00,40447,40514,40358,40432,646877,0
2018-01-26,10:00:00,40432,40794,40399,40651,326387,0
2018-01-26,11:00:00,40633,40784,40633,40686,216709,0
2018-01-26,12:00:00,40691,40723,40623,40705,91519,0
2018-01-26,13:00:00,40704,40725,40679,40695,78179,0
2018-01-26,14:00:00,40689,40740,40666,40726,85194,0
2018-01-26,15:00:00,40730,40805,40724,40739,124158,0
2018-01-26,16:00:00,40752,40768,40653,40656,249706,0
2018-01-26,17:00:00,40666,40786,40627,40786,487029,0
2018-01-29,10:00:00,40760,40884,40698,40767,236901,0
2018-01-29,11:00:00,40755,40811,40679,40767,203802,0
2018-01-29,12:00:00,40766,40770,40687,40752,117102,0
2018-01-29,13:00:00,40742,40838,40659,40838,165221,0
2018-01-29,14:00:00,40728,40846,40724,40756,121102,0
2018-01-29,15:00:00,40754,40843,40728,40808,100889,0
2018-01-29,16:00:00,40798,40843,40718,40761,259857,0
2018-01-29,17:00:00,40762,40762,40423,40500,630513,0
2018-01-30,10:00:00,40492,40505,40273,40297,347105,0
2018-01-30,11:00:00,40289,40333,40227,40249,187983,0
2018-01-30,12:00:00,40264,40338,40237,40303,333688,0
2018-01-30,13:00:00,40300,40355,40273,40343,240976,0
2018-01-30,14:00:00,40336,40349,40144,40213,233322,0
2018-01-30,15:00:00,40214,40290,40148,40182,243145,0
2018-01-30,16:00:00,40162,40162,39738,39809,449818,0
2018-01-30,17:00:00,39816,39932,39701,39926,1107356,0
2018-01-31,10:00:00,39918,40193,39918,40153,384105,0
2018-01-31,11:00:00,40114,40156,39965,39976,623010,0
2018-01-31,12:00:00,39977,39981,39559,39709,705123,0
2018-01-31,13:00:00,39715,39936,39698,39862,346317,0
2018-01-31,14:00:00,39878,40000,39858,39946,234573,0
2018-01-31,15:00:00,39945,40368,39944,40337,390544,0
2018-01-31,16:00:00,40314,40322,40194,40213,901005,0
2018-01-31,17:00:00,40225,40247,40101,40189,1142971,0
2018-02-01,10:00:00,40192,40520,40192,40459,345358,0
2018-02-01,11:00:00,40453,40488,40286,40423,257405,0
2018-02-01,12:00:00,40450,40472,40397,40431,273473,0
2018-02-01,13:00:00,40427,40514,40373,40409,370068,0
2018-02-01,14:00:00,40408,40454,40378,40427,125785,0
2018-02-01,15:00:00,40415,40444,40238,40238,312601,0
2018-02-01,16:00:00,40229,40279,39974,40146,456410,0
2018-02-01,17:00:00,40130,40238,40110,40238,730957,0
2018-02-02,10:00:00,40238,40299,40082,40220,208622,0
2018-02-02,11:00:00,40160,40222,40035,40087,182427,0
2018-02-02,12:00:00,40063,40083,39864,39970,274532,0
2018-02-02,13:00:00,39978,40089,39858,39871,123363,0
2018-02-02,14:00:00,39849,39996,39821,39957,205189,0
2018-02-02,15:00:00,39956,40056,39939,40021,187567,0
2018-02-02,16:00:00,40028,40072,39943,40072,166351,0
2018-02-02,17:00:00,40059,40059,39852,39951,553900,0
2018-02-05,10:00:00,39676,39676,39033,39426,488302,0
2018-02-05,11:00:00,39466,39717,39408,39598,223068,0
2018-02-05,12:00:00,39651,39754,39536,39545,169193,0
2018-02-05,13:00:00,39564,39627,39509,39587,64843,0
2018-02-05,14:00:00,39601,39606,39444,39444,177623,0
2018-02-05,15:00:00,39466,39584,39422,39477,104041,0
2018-02-05,16:00:00,39490,39575,39442,39470,342246,0
2018-02-05,17:00:00,39492,39770,39477,39769,628001,0
2018-02-06,10:00:00,39765,39765,38594,39057,1250602,0
2018-02-06,11:00:00,39042,39153,38896,38896,515676,0
2018-02-06,12:00:00,38862,38939,38788,38836,302176,0
2018-02-06,13:00:00,38875,38901,38801,38835,227295,0
2018-02-06,14:00:00,38821,38848,38580,38702,442395,0
2018-02-06,15:00:00,38689,38775,38626,38763,182859,0
2018-02-06,16:00:00,38789,39144,38719,39008,571239,0
2018-02-06,17:00:00,39045,39274,38806,38806,1092421,0
2018-02-07,10:00:00,38859,39372,38859,39282,415723,0
2018-02-07,11:00:00,39314,39337,39230,39257,282459,0
2018-02-07,12:00:00,39264,39295,39227,39289,158506,0
2018-02-07,13:00:00,39302,39385,39256,39364,114881,0
2018-02-07,14:00:00,39370,39467,39363,39408,124084,0
2018-02-07,15:00:00,39402,39402,39299,39327,164607,0
2018-02-07,16:00:00,39334,39535,39296,39535,252931,0
2018-02-07,17:00:00,39503,39698,39478,39698,1035965,0
2018-02-08,10:00:00,39699,39719,39425,39523,179216,0
2018-02-08,11:00:00,39510,39543,39421,39430,247077,0
2018-02-08,12:00:00,39423,39441,39357,39409,127948,0
2018-02-08,13:00:00,39401,39407,39268,39335,261279,0
2018-02-08,14:00:00,39303,39445,39290,39422,611718,0
2018-02-08,15:00:00,39433,39581,39433,39526,480353,0
2018-02-08,16:00:00,39539,39539,38882,38931,611580,0
2018-02-08,17:00:00,38880,39170,38850,38876,1099959,0
2018-02-09,10:00:00,38832,38832,38344,38647,1361966,0
2018-02-09,11:00:00,38641,38741,38624,38669,473444,0
2018-02-09,12:00:00,38667,38677,38489,38491,328699,0
2018-02-09,13:00:00,38520,38548,38296,38421,357407,0
2018-02-09,14:00:00,38483,38483,38050,38190,670789,0
2018-02-09,15:00:00,38172,38290,38122,38290,345808,0
2018-02-09,16:00:00,38296,38409,38278,38390,504219,0
2018-02-09,17:00:00,38377,38435,38176,38320,1249232,0
2018-02-12,10:00:00,38320,39036,38320,38919,405109,0
2018-02-12,11:00:00,38947,38967,38741,38775,222509,0
2018-02-12,12:00:00,38774,38842,38700,38812,172589,0
2018-02-12,13:00:00,38818,38842,38680,38761,136162,0
2018-02-12,14:00:00,38748,38748,38428,38475,413337,0
2018-02-12,15:00:00,38468,38570,38465,38530,282327,0
2018-02-12,16:00:00,38524,38631,38407,38480,650375,0
2018-02-12,17:00:00,38467,38495,38268,38287,1659716,0
2018-02-13,10:00:00,38293,38751,38293,38534,376651,0
2018-02-13,11:00:00,38528,38583,38476,38582,209098,0
2018-02-13,12:00:00,38553,38737,38529,38682,186000,0
2018-02-13,13:00:00,38694,38703,38570,38570,89894,0
2018-02-13,14:00:00,38557,38610,38537,38572,83121,0
2018-02-13,15:00:00,38571,38582,38465,38465,255441,0
2018-02-13,16:00:00,38459,38505,38112,38177,492685,0
2018-02-13,17:00:00,38184,38408,38169,38387,797191,0
2018-02-14,10:00:00,38389,38687,38389,38456,477334,0
2018-02-14,11:00:00,38454,38496,38366,38384,245908,0
2018-02-14,12:00:00,38385,38583,38385,38569,234645,0
2018-02-14,13:00:00,38570,38669,38521,38548,130838,0
2018-02-14,14:00:00,38553,38603,38527,38576,601124,0
2018-02-14,15:00:00,38577,38582,38227,38309,344496,0
2018-02-14,16:00:00,38282,38399,38257,38330,280336,0
2018-02-14,17:00:00,38324,38454,38251,38454,836443,0
2018-02-15,10:00:00,38451,38767,38451,38764,373860,0
2018-02-15,11:00:00,38784,38996,38751,38943,401546,0
2018-02-15,12:00:00,38929,39048,38863,38892,131580,0
2018-02-15,13:00:00,38895,38939,38856,38856,100330,0
2018-02-15,14:00:00,38863,38938,38838,38884,303272,0
2018-02-15,15:00:00,38897,39007,38870,38922,401786,0
2018-02-15,16:00:00,38920,38986,38851,38980,318386,0
2018-02-15,17:00:00,38986,38994,38523,38523,973794,0
2018-02-16,10:00:00,38527,38988,38527,38918,290676,0
2018-02-16,11:00:00,38916,39054,38885,39054,244153,0
2018-02-16,12:00:00,39046,39138,38944,38944,235030,0
2018-02-16,13:00:00,38956,38975,38899,38953,69950,0
2018-02-16,14:00:00,38941,38994,38923,38960,88561,0
2018-02-16,15:00:00,38966,39029,38947,38984,160466,0
2018-02-16,16:00:00,38997,39049,38959,39041,119758,0
2018-02-16,17:00:00,39034,39147,38977,39139,480466,0
2018-02-19,10:00:00,39112.92,39115.36,38965.65,38997.16,0,0
2018-02-19,11:00:00,38997.16,38998.46,38875.66,38906.46,0,0
2018-02-19,12:00:00,38905.44,39041.08,38905.44,39040.69,0,0
2018-02-19,13:00:00,39043.69,39043.69,38986.09,38994.92,0,0
2018-02-19,14:00:00,38981.82,39038.84,38981.82,39022.79,0,0
2018-02-19,15:00:00,39023.37,39045.79,38950.68,39015.68,0,0
2018-02-19,16:00:00,39038.37,39062.61,38964.1,39049.09,0,0
2018-02-19,17:00:00,39027.42,39096.74,38983.37,38998.69,0,0
2018-02-20,10:00:00,39050,39348,38977,38999,880954,0
2018-02-20,11:00:00,39006,39023,38887,38887,226739,0
2018-02-20,12:00:00,38881,38971,38868,38887,173248,0
2018-02-20,13:00:00,38895,38918,38781,38806,153519,0
2018-02-20,14:00:00,38824,38856,38776,38851,129107,0
2018-02-20,15:00:00,38845,38878,38703,38703,237154,0
2018-02-20,16:00:00,38730,38914,38667,38875,365914,0
2018-02-20,17:00:00,38869,38878,38532,38667,836873,0
2018-02-21,10:00:00,38667,38839,38628,38687,394811,0
2018-02-21,11:00:00,38680,38759,38610,38715,233200,0
2018-02-21,12:00:00,38716,38899,38710,38899,244179,0
2018-02-21,13:00:00,38900,38900,38737,38737,78190,0
2018-02-21,14:00:00,38736,38832,38664,38698,182917,0
2018-02-21,15:00:00,38740,38854,38696,38840,115516,0
2018-02-21,16:00:00,38839,38887,38813,38859,220800,0
2018-02-21,17:00:00,38856,38972,38799,38972,1004612,0
2018-02-22,10:00:00,38972,38972,38568,38573,389687,0
2018-02-22,11:00:00,38567,38610,38462,38462,310371,0
2018-02-22,12:00:00,38451,38546,38449,38523,335168,0
2018-02-22,13:00:00,38527,38557,38504,38504,248075,0
2018-02-22,14:00:00,38497,38541,38455,38455,323672,0
2018-02-22,15:00:00,38454,38488,38429,38456,121544,0
2018-02-22,16:00:00,38479,38598,38458,38568,346697,0
2018-02-22,17:00:00,38548,38656,38518,38644,819744,0
2018-02-23,10:00:00,38650,38735,38260,38260,414248,0
2018-02-23,11:00:00,38253,38306,38090,38297,505217,0
2018-02-23,12:00:00,38289,38320,38207,38250,266639,0
2018-02-23,13:00:00,38265,38302,38232,38273,188893,0
2018-02-23,14:00:00,38286,38360,38286,38313,200838,0
2018-02-23,15:00:00,38298,38372,38293,38366,115889,0
2018-02-23,16:00:00,38368,38409,38355,38373,140405,0
2018-02-23,17:00:00,38366,38374,38238,38240,467935,0
2018-02-26,10:00:00,38422,38589,38234,38406,377995,0
2018-02-26,11:00:00,38405,38467,38379,38413,199304,0
2018-02-26,12:00:00,38408,38408,38299,38312,102602,0
2018-02-26,13:00:00,38299,38451,38297,38451,132305,0
2018-02-26,14:00:00,38473,38480,38436,38462,133546,0
2018-02-26,15:00:00,38464,38612,38464,38612,202214,0
2018-02-26,16:00:00,38610,38644,38544,38623,240919,0
2018-02-26,17:00:00,38635,38798,38601,38621,764407,0
2018-02-27,10:00:00,38623,38690,38226,38487,511381,0
2018-02-27,11:00:00,38468,38528,38448,38467,460531,0
2018-02-27,12:00:00,38475,38475,38346,38372,243969,0
2018-02-27,13:00:00,38353,38400,38164,38326,364155,0
2018-02-27,14:00:00,38322,38325,38261,38294,149725,0
2018-02-27,15:00:00,38287,38351,38164,38200,159201,0
2018-02-27,16:00:00,38194,38318,38161,38310,184774,0
2018-02-27,17:00:00,38312,38463,38293,38463,1257845,0
2018-02-28,10:00:00,38489,38557,38287,38551,233173,0
2018-02-28,11:00:00,38549,38567,38420,38431,240602,0
2018-02-28,12:00:00,38421,38434,38256,38338,258782,0
2018-02-28,13:00:00,38336,38394,38324,38378,175730,0
2018-02-28,14:00:00,38380,38459,38373,38397,209717,0
2018-02-28,15:00:00,38399,38520,38383,38472,258302,0
2018-02-28,16:00:00,38478,38479,38382,38449,293871,0
2018-02-28,17:00:00,38456,38456,38111,38112,1916771,0
2018-03-01,10:00:00,38111,38373,38104,38359,668021,0
2018-03-01,11:00:00,38357,38417,38264,38267,360346,0
2018-03-01,12:00:00,38280,38314,38037,38141,215832,0
2018-03-01,13:00:00,38134,38280,38134,38233,171053,0
2018-03-01,14:00:00,38237,38290,38143,38227,179432,0
2018-03-01,15:00:00,38219,38251,38147,38173,211442,0
2018-03-01,16:00:00,38211,38218,38005,38025,246655,0
2018-03-01,17:00:00,38006,38091,37768,37768,1404754,0
2018-03-02,10:00:00,37768,37969,37610,37612,655451,0
2018-03-02,11:00:00,37667,37667,37383,37524,494254,0
2018-03-02,12:00:00,37542,37547,37291,37361,680188,0
2018-03-02,13:00:00,37354,37400,37321,37363,249951,0
2018-03-02,14:00:00,37375,37429,37359,37421,223118,0
2018-03-02,15:00:00,37414,37421,37316,37394,250029,0
2018-03-02,16:00:00,37378,37440,37095,37220,548569,0
2018-03-02,17:00:00,37226,37274,36939,36939,1547711,0
2018-03-05,10:00:00,36938,37362,36917,37318,1117091,0
2018-03-05,11:00:00,37311,37360,37139,37231,544333,0
2018-03-05,12:00:00,37232,37297,37198,37198,218241,0
2018-03-05,13:00:00,37223,37252,37079,37095,181177,0
2018-03-05,14:00:00,37105,37338,37097,37285,370994,0
2018-03-05,15:00:00,37278,37278,37159,37191,256124,0
2018-03-05,16:00:00,37193,37260,37168,37204,215566,0
2018-03-05,17:00:00,37191,37249,37030,37120,1107814,0
2018-03-06,10:00:00,37117,37662,37117,37568,789012,0
2018-03-06,11:00:00,37545,37799,37535,37791,535558,0
2018-03-06,12:00:00,37784,37826,37708,37770,237180,0
2018-03-06,13:00:00,37762,37934,37737,37862,186693,0
2018-03-06,14:00:00,37848,37898,37820,37839,199554,0
2018-03-06,15:00:00,37846,38030,37834,37928,296070,0
2018-03-06,16:00:00,37953,37973,37865,37935,347281,0
2018-03-06,17:00:00,37932,38008,37886,38008,846754,0
2018-03-07,10:00:00,37982,38204,37675,38128,795302,0
2018-03-07,11:00:00,38125,38178,38035,38061,723180,0
2018-03-07,12:00:00,38081,38176,38070,38149,529202,0
2018-03-07,13:00:00,38157,38231,38127,38198,241118,0
2018-03-07,14:00:00,38238,38410,38238,38339,369781,0
2018-03-07,15:00:00,38335,38425,38134,38157,378402,0
2018-03-07,16:00:00,38155,38224,38039,38090,326614,0
2018-03-07,17:00:00,38075,38277,38067,38186,1060613,0
2018-03-08,10:00:00,38186,38517,38186,38476,432043,0
2018-03-08,11:00:00,38475,38507,38363,38503,180128,0
2018-03-08,12:00:00,38480,38495,38364,38364,510945,0
2018-03-08,13:00:00,38379,38595,38361,38595,324032,0
2018-03-08,14:00:00,38587,38693,38564,38623,336510,0
2018-03-08,15:00:00,38624,38624,38411,38518,161921,0
2018-03-08,16:00:00,38515,38545,38450,38522,244371,0
2018-03-08,17:00:00,38523,38760,38523,38671,729146,0
2018-03-09,10:00:00,38592,38808,38592,38718,523494,0
2018-03-09,11:00:00,38711,38713,38441,38485,312269,0
2018-03-09,12:00:00,38512,38552,38337,38382,182538,0
2018-03-09,13:00:00,38395,38402,38361,38381,166901,0
2018-03-09,14:00:00,38380,38405,38296,38304,236653,0
2018-03-09,15:00:00,38296,38517,38296,38514,221781,0
2018-03-09,16:00:00,38502,38507,38319,38340,245152,0
2018-03-09,17:00:00,38345,38419,38253,38412,489411,0
2018-03-12,10:00:00,38464,38857,38464,38745,146720,0
2018-03-12,11:00:00,38746,38808,38721,38753,118040,0
2018-03-12,12:00:00,38743,38809,38672,38797,109317,0
2018-03-12,13:00:00,38798,38841,38755,38796,79029,0
2018-03-12,14:00:00,38795,38836,38777,38823,81115,0
2018-03-12,15:00:00,38816,38853,38781,38805,553493,0
2018-03-12,16:00:00,38803,38811,38725,38775,550401,0
2018-03-12,17:00:00,38770,38859,38743,38823,646244,0
2018-03-13,10:00:00,38798,39008,38756,38779,565708,0
2018-03-13,11:00:00,38792,38809,38558,38622,321237,0
2018-03-13,12:00:00,38606,38813,38599,38813,175541,0
2018-03-13,13:00:00,38865,38942,38802,38802,185934,0
2018-03-13,14:00:00,38817,38901,38779,38886,160690,0
2018-03-13,15:00:00,38883,38885,38791,38863,193242,0
2018-03-13,16:00:00,38857,38857,38737,38788,180335,0
2018-03-13,17:00:00,38801,38831,38348,38664,851122,0
2018-03-14,10:00:00,38550,38702,38426,38633,327211,0
2018-03-14,11:00:00,38628,38835,38604,38786,349755,0
2018-03-14,12:00:00,38787,38841,38750,38812,209339,0
2018-03-14,13:00:00,38790,38865,38759,38803,152718,0
2018-03-14,14:00:00,38788,38817,38666,38740,170839,0
2018-03-14,15:00:00,38690,38882,38670,38875,430593,0
2018-03-14,16:00:00,38863,38929,38790,38816,409212,0
2018-03-14,17:00:00,38808,38891,38715,38891,3245716,0
2018-03-19,10:00:00,38844,38849,38447,38447,444417,0
2018-03-19,11:00:00,38450,38552,38340,38481,792382,0
2018-03-19,12:00:00,38483,38501,38273,38298,230418,0
2018-03-19,13:00:00,38311,38351,38286,38317,135355,0
2018-03-19,14:00:00,38304,38313,38139,38150,220820,0
2018-03-19,15:00:00,38145,38145,37905,37911,547132,0
2018-03-19,16:00:00,37918,37925,37754,37770,425035,0
2018-03-19,17:00:00,37769,37882,37689,37689,947683,0
2018-03-20,10:00:00,37689,38011,37521,37753,384363,0
2018-03-20,11:00:00,37754,37926,37748,37910,213732,0
2018-03-20,12:00:00,37886,37934,37841,37910,211549,0
2018-03-20,13:00:00,37916,37978,37881,37959,122007,0
2018-03-20,14:00:00,37966,38013,37934,38001,109273,0
2018-03-20,15:00:00,38000,38008,37805,37874,157992,0
2018-03-20,16:00:00,37873,37940,37823,37900,189130,0
2018-03-20,17:00:00,37905,38025,37905,37954,594043,0
2018-03-21,10:00:00,37955,38201,37922,38063,139421,0
2018-03-21,11:00:00,38062,38076,37943,37962,157644,0
2018-03-21,12:00:00,37976,38006,37928,37961,75065,0
2018-03-21,13:00:00,37963,38170,37962,38101,128700,0
2018-03-21,14:00:00,38108,38108,37992,38002,87365,0
2018-03-21,15:00:00,38001,38032,37940,38023,115760,0
2018-03-21,16:00:00,38010,38168,37953,38124,167913,0
2018-03-21,17:00:00,38136,38300,38130,38237,768472,0
2018-03-22,10:00:00,38186,38202,37900,38159,169749,0
2018-03-22,11:00:00,38141,38185,37852,37852,221832,0
2018-03-22,12:00:00,37848,37939,37820,37844,175076,0
2018-03-22,13:00:00,37850,37884,37801,37846,143812,0
2018-03-22,14:00:00,37838,37867,37680,37680,167335,0
2018-03-22,15:00:00,37673,37882,37654,37793,102591,0
2018-03-22,16:00:00,37795,37820,37621,37699,344227,0
2018-03-22,17:00:00,37702,37702,37350,37351,850722,0
2018-03-23,10:00:00,37349,37397,37101,37158,390521,0
2018-03-23,11:00:00,37134,37182,37013,37047,268495,0
2018-03-23,12:00:00,37071,37370,37046,37246,182609,0
2018-03-23,13:00:00,37245,37329,37122,37181,237740,0
2018-03-23,14:00:00,37194,37300,37107,37143,274575,0
2018-03-23,15:00:00,37130,37130,36703,36932,674947,0
2018-03-23,16:00:00,36924,37019,36859,36890,283806,0
2018-03-23,17:00:00,36855,37000,36780,36940,998552,0
2018-03-26,10:00:00,37006.25,37406,37006.25,37369.81,0,0
2018-03-26,11:00:00,37293.72,37338.45,37087.95,37188.86,0,0
2018-03-26,12:00:00,37156.8,37216.48,37042.73,37214.77,0,0
2018-03-26,13:00:00,37215.45,37285.4,37151.1,37270.66,0,0
2018-03-26,14:00:00,37272.14,37284.25,37192.24,37243.89,0,0
2018-03-26,15:00:00,37242.61,37273.2,37169.8,37175.79,0,0
2018-03-26,16:00:00,37194.75,37259.98,37158.64,37205.38,0,0
2018-03-26,17:00:00,37199.04,37223.65,37087.05,37087.05,0,0
2018-03-27,10:00:00,36945,37618,36945,37596,188264,0
2018-03-27,11:00:00,37604,37604,37442,37519,75060,0
2018-03-27,12:00:00,37513,37536,37486,37512,76637,0
2018-03-27,13:00:00,37518,37579,37369,37369,167796,0
2018-03-27,14:00:00,37363,37432,37326,37339,128945,0
2018-03-27,15:00:00,37326,37386,37308,37369,163143,0
2018-03-27,16:00:00,37368,37391,37222,37257,221161,0
2018-03-27,17:00:00,37244,37415,37237,37301,537764,0
2018-03-28,10:00:00,37302,37328,37088,37127,255457,0
2018-03-28,11:00:00,37121,37167,36974,37016,296992,0
2018-03-28,12:00:00,37029,37056,36969,36986,310972,0
2018-03-28,13:00:00,36999,37009,36890,36966,129518,0
2018-03-28,14:00:00,36980,37087,36980,37037,175709,0
2018-03-28,15:00:00,37036,37096,37013,37071,190075,0
2018-03-28,16:00:00,37065,37065,36994,37003,190422,0
2018-03-28,17:00:00,37016,37046,36783,36783,755670,0
2018-03-29,10:00:00,36810,37145,36810,37145,175406,0
2018-03-29,11:00:00,37158,37347,37130,37347,137574,0
2018-03-29,12:00:00,37343,37377,37280,37280,71251,0
2018-03-29,13:00:00,37312,37335,37241,37266,82444,0
2018-03-29,14:00:00,37258,37285,37185,37191,109036,0
2018-03-29,15:00:00,37195,37206,37089,37134,195914,0
2018-03-29,16:00:00,37149,37354,37119,37286,377070,0
2018-03-29,17:00:00,37283,37346,37232,37259,1064143,0
