Date,Time,Open,High,Low,Close,Volume,OpenInt
2017-09-12,16:00:00,74312,74752,74296,74727,0,0
2017-09-12,17:00:00,74767,74880,74574,74801,0,0
2017-09-12,18:00:00,74792,75033,74792,75000,0,0
2017-09-12,19:00:00,74997,75207,74945,75207,0,0
2017-09-12,20:00:00,75203,75275,75177,75203,0,0
2017-09-12,21:00:00,75193,75332,74971,74971,0,0
2017-09-12,22:00:00,74978,74978,74415,74538,0,0
2017-09-13,16:00:00,74542,74716,74196,74604,0,0
2017-09-13,17:00:00,74598,74793,74388,74456,0,0
2017-09-13,18:00:00,74491,74614,74405,74544,0,0
2017-09-13,19:00:00,74554,74758,74547,74712,0,0
2017-09-13,20:00:00,74719,75053,74719,75050,0,0
2017-09-13,21:00:00,75046,75120,74828,75116,0,0
2017-09-13,22:00:00,75087,75146,74787,74787,0,0
2017-09-14,16:00:00,74786,74786,74396,74658,0,0
2017-09-14,17:00:00,74688,74949,74589,74815,0,0
2017-09-14,18:00:00,74811,74885,74591,74635,0,0
2017-09-14,19:00:00,74636,74676,74532,74538,0,0
2017-09-14,20:00:00,74513,74746,74493,74711,0,0
2017-09-14,21:00:00,74703,74714,74518,74559,0,0
2017-09-14,22:00:00,74542,74881,74542,74656,0,0
2017-09-15,16:00:00,74654,75073,74647,75017,0,0
2017-09-15,17:00:00,74995,75323,74992,75259,0,0
2017-09-15,18:00:00,75263,75371,75206,75359,0,0
2017-09-15,19:00:00,75343,75547,75310,75539,0,0
2017-09-15,20:00:00,75528,75730,75516,75727,0,0
2017-09-15,21:00:00,75720,75793,75580,75710,0,0
2017-09-15,22:00:00,75686,75820,75645,75756,0,0
2017-09-18,16:00:00,75746,76246,75621,76206,0,0
2017-09-18,17:00:00,76219,76403,76133,76133,0,0
2017-09-18,18:00:00,76158,76179,75825,75825,0,0
2017-09-18,19:00:00,75812,76035,75786,76006,0,0
2017-09-18,20:00:00,76009,76150,75947,76124,0,0
2017-09-18,21:00:00,76110,76110,75732,75836,0,0
2017-09-18,22:00:00,75824,76072,75812,75990,0,0
2017-09-19,16:00:00,75988,76071,75669,75669,0,0
2017-09-19,17:00:00,75656,75678,75401,75491,0,0
2017-09-19,18:00:00,75506,75514,75299,75424,0,0
2017-09-19,19:00:00,75421,75717,75349,75716,0,0
2017-09-19,20:00:00,75715,75934,75715,75893,0,0
2017-09-19,21:00:00,75874,75981,75781,75940,0,0
2017-09-19,22:00:00,75935,76035,75745,75974,0,0
2017-09-20,16:00:00,75973,76419,75971,76125,0,0
2017-09-20,17:00:00,76121,76174,75653,75692,0,0
2017-09-20,18:00:00,75730,75859,75446,75473,0,0
2017-09-20,19:00:00,75493,75591,75394,75514,0,0
2017-09-20,20:00:00,75509,75800,75426,75696,0,0
2017-09-20,21:00:00,75697,75726,75074,75606,0,0
2017-09-20,22:00:00,75593,76004,75518,76004,0,0
2017-09-21,16:00:00,76013,76251,75833,75833,0,0
2017-09-21,17:00:00,75837,75865,75520,75648,0,0
2017-09-21,18:00:00,75621,75816,75282,75299,0,0
2017-09-21,19:00:00,75290,75757,75282,75669,0,0
2017-09-21,20:00:00,75659,75713,75466,75572,0,0
2017-09-21,21:00:00,75589,75629,75335,75459,0,0
2017-09-21,22:00:00,75477,75607,75475,75604,0,0
2017-09-22,16:00:00,75617,75620,75028,75195,0,0
2017-09-22,17:00:00,75223,75517,75200,75243,0,0
2017-09-22,18:00:00,75247,75720,75240,75601,0,0
2017-09-22,19:00:00,75599,75602,75382,75430,0,0
2017-09-22,20:00:00,75416,75436,75293,75330,0,0
2017-09-22,21:00:00,75324,75417,75275,75300,0,0
2017-09-22,22:00:00,75302,75389,75188,75389,0,0
2017-09-25,16:00:00,75381,75469,75013,75116,0,0
2017-09-25,17:00:00,75023,75091,74748,74785,0,0
2017-09-25,18:00:00,74766,74814,74576,74625,0,0
2017-09-25,19:00:00,74624,74639,74378,74592,0,0
2017-09-25,20:00:00,74599,74689,74495,74495,0,0
2017-09-25,21:00:00,74497,74553,74404,74443,0,0
2017-09-25,22:00:00,74429,74487,74303,74443,0,0
2017-09-26,16:00:00,74437,74835,74433,74713,0,0
2017-09-26,17:00:00,74686,74971,74665,74712,0,0
2017-09-26,18:00:00,74711,74849,74566,74687,0,0
2017-09-26,19:00:00,74693,74801,74617,74731,0,0
2017-09-26,20:00:00,74728,74917,74728,74836,0,0
2017-09-26,21:00:00,74843,74843,74610,74650,0,0
2017-09-26,22:00:00,74651,74746,74318,74318,0,0
2017-09-27,16:00:00,74357,74743,74079,74079,0,0
2017-09-27,17:00:00,74063,74101,73574,73671,0,0
2017-09-27,18:00:00,73650,73674,73336,73336,0,0
2017-09-27,19:00:00,73328,73337,73125,73324,0,0
2017-09-27,20:00:00,73351,73518,73326,73518,0,0
2017-09-27,21:00:00,73568,73849,73540,73801,0,0
2017-09-27,22:00:00,73796,73868,73598,73796,0,0
2017-09-28,16:00:00,73803,74010,73501,73711,0,0
2017-09-28,17:00:00,73659,73897,73590,73725,0,0
2017-09-28,18:00:00,73724,73724,73276,73294,0,0
2017-09-28,19:00:00,73303,73539,73303,73477,0,0
2017-09-28,20:00:00,73495,73657,73363,73579,0,0
2017-09-28,21:00:00,73558,73779,73527,73779,0,0
2017-09-28,22:00:00,73780,73792,73567,73567,0,0
2017-09-29,16:00:00,73571,74233,73571,74196,0,0
2017-09-29,17:00:00,74172,74517,74101,74462,0,0
2017-09-29,18:00:00,74458,74458,73817,73984,0,0
2017-09-29,19:00:00,73959,74137,73829,74137,0,0
2017-09-29,20:00:00,74162,74215,74097,74215,0,0
2017-09-29,21:00:00,74196,74506,74196,74418,0,0
2017-09-29,22:00:00,74421,74487,74293,74293,0,0
2017-10-02,16:00:00,74294,74370,73845,74154,0,0
2017-10-02,17:00:00,74140,74480,74015,74382,0,0
2017-10-02,18:00:00,74401,74506,73910,73928,0,0
2017-10-02,19:00:00,73934,74272,73907,74272,0,0
2017-10-02,20:00:00,74263,74304,74026,74129,0,0
2017-10-02,21:00:00,74144,74366,74071,74290,0,0
2017-10-02,22:00:00,74291,74359,74183,74359,0,0
2017-10-03,16:00:00,74403,75057,74396,75057,0,0
2017-10-03,17:00:00,75055,75554,75027,75554,0,0
2017-10-03,18:00:00,75559,75749,75512,75699,0,0
2017-10-03,19:00:00,75703,75798,75622,75673,0,0
2017-10-03,20:00:00,75674,75914,75659,75914,0,0
2017-10-03,21:00:00,75925,76589,75923,76403,0,0
2017-10-03,22:00:00,76390,76762,76277,76762,0,0
2017-10-04,16:00:00,76778,76952,76501,76586,0,0
2017-10-04,17:00:00,76630,76955,76437,76932,0,0
2017-10-04,18:00:00,76966,76966,76724,76793,0,0
2017-10-04,19:00:00,76821,76970,76742,76937,0,0
2017-10-04,20:00:00,76942,77003,76611,76660,0,0
2017-10-04,21:00:00,76665,76691,76487,76561,0,0
2017-10-04,22:00:00,76541,76621,76422,76591,0,0
2017-10-05,16:00:00,76592,78024,76592,77867,0,0
2017-10-05,17:00:00,77825,77825,77426,77499,0,0
2017-10-05,18:00:00,77465,77652,77329,77438,0,0
2017-10-05,19:00:00,77427,77638,77373,77503,0,0
2017-10-05,20:00:00,77491,77516,77178,77351,0,0
2017-10-05,21:00:00,77404,77431,77013,77126,0,0
2017-10-05,22:00:00,77117,77197,76617,76617,0,0
2017-10-06,16:00:00,76422,76422,75634,75898,0,0
2017-10-06,17:00:00,75863,76260,75724,75724,0,0
2017-10-06,18:00:00,75721,75947,75602,75884,0,0
2017-10-06,19:00:00,75874,75935,75731,75886,0,0
2017-10-06,20:00:00,75887,76027,75770,75783,0,0
2017-10-06,21:00:00,75789,75966,75787,75966,0,0
2017-10-06,22:00:00,75947,76054,75866,76054,0,0
2017-10-09,16:00:00,76066,76067,75482,75541,0,0
2017-10-09,17:00:00,75546,75558,75180,75260,0,0
2017-10-09,18:00:00,75262,75361,75226,75337,0,0
2017-10-09,19:00:00,75330,75457,75213,75457,0,0
2017-10-09,20:00:00,75458,75546,75366,75393,0,0
2017-10-09,21:00:00,75402,75485,75402,75468,0,0
2017-10-09,22:00:00,75462,75726,75291,75726,0,0
2017-10-10,16:00:00,75745,76791,75745,76745,0,0
2017-10-10,17:00:00,76768,76768,76134,76536,0,0
2017-10-10,18:00:00,76558,76558,76265,76281,0,0
2017-10-10,19:00:00,76317,76529,76255,76529,0,0
2017-10-10,20:00:00,76554,76691,76545,76617,0,0
2017-10-10,21:00:00,76632,76695,76571,76596,0,0
2017-10-10,22:00:00,76599,76995,76599,76897,0,0
2017-10-11,16:00:00,76910,76984,76530,76607,0,0
2017-10-11,17:00:00,76598,76851,76594,76670,0,0
2017-10-11,18:00:00,76662,76786,76570,76610,0,0
2017-10-11,19:00:00,76608,76616,76424,76474,0,0
2017-10-11,20:00:00,76485,76560,76323,76354,0,0
2017-10-11,21:00:00,76333,76522,76322,76438,0,0
2017-10-11,22:00:00,76442,76659,76403,76659,0,0
2017-10-13,16:00:00,76677,77318,76676,77107,0,0
2017-10-13,17:00:00,77131,77182,76739,76810,0,0
2017-10-13,18:00:00,76797,76993,76768,76989,0,0
2017-10-13,19:00:00,76993,77046,76800,76897,0,0
2017-10-13,20:00:00,76894,77141,76876,77119,0,0
2017-10-13,21:00:00,77128,77137,76867,76888,0,0
2017-10-13,22:00:00,76880,77127,76857,76989,0,0
2017-10-16,15:00:00,76998,77297,76987,77205,0,0
2017-10-16,16:00:00,77203,77382,77159,77195,0,0
2017-10-16,17:00:00,77212,77218,76565,76585,0,0
2017-10-16,18:00:00,76600,76838,76600,76838,0,0
2017-10-16,19:00:00,76839,76842,76650,76811,0,0
2017-10-16,20:00:00,76815,76893,76781,76781,0,0
2017-10-16,21:00:00,76759,76907,76727,76890,0,0
2017-10-16,22:00:00,76866,77028,76864,76891,0,0
2017-10-17,15:00:00,76882,76884,76595,76756,0,0
2017-10-17,16:00:00,76742,76775,76261,76411,0,0
2017-10-17,17:00:00,76403,76403,76051,76051,0,0
2017-10-17,18:00:00,76046,76261,76046,76258,0,0
2017-10-17,19:00:00,76259,76342,76193,76193,0,0
2017-10-17,20:00:00,76207,76286,76199,76255,0,0
2017-10-17,21:00:00,76259,76368,76219,76242,0,0
2017-10-17,22:00:00,76241,76358,76143,76201,0,0
2017-10-18,15:00:00,76227,76716,76227,76582,0,0
2017-10-18,16:00:00,76572,76676,76207,76207,0,0
2017-10-18,17:00:00,76208,76341,76103,76109,0,0
2017-10-18,18:00:00,76103,76320,76012,76283,0,0
2017-10-18,19:00:00,76264,76423,76226,76363,0,0
2017-10-18,20:00:00,76364,76590,76364,76556,0,0
2017-10-18,21:00:00,76542,76729,76542,76616,0,0
2017-10-18,22:00:00,76605,76666,76514,76591,0,0
2017-10-19,15:00:00,76590,76590,75881,76024,0,0
2017-10-19,16:00:00,76008,76052,75611,75782,0,0
2017-10-19,17:00:00,75772,75799,75546,75674,0,0
2017-10-19,18:00:00,75650,75662,75365,75474,0,0
2017-10-19,19:00:00,75492,75730,75439,75625,0,0
2017-10-19,20:00:00,75643,75953,75643,75953,0,0
2017-10-19,21:00:00,75949,76136,75912,76101,0,0
2017-10-19,22:00:00,76096,76283,75995,76283,0,0
2017-10-20,15:00:00,76314,76752,76314,76682,0,0
2017-10-20,16:00:00,76683,76922,76639,76639,0,0
2017-10-20,17:00:00,76634,76971,76575,76787,0,0
2017-10-20,18:00:00,76785,76894,76715,76791,0,0
2017-10-20,19:00:00,76785,76787,76602,76719,0,0
2017-10-20,20:00:00,76720,76795,76654,76775,0,0
2017-10-20,21:00:00,76770,76784,76512,76602,0,0
2017-10-20,22:00:00,76599,76629,76390,76390,0,0
2017-10-23,15:00:00,76438,76497,75834,76003,0,0
2017-10-23,16:00:00,76009,76234,75950,76149,0,0
2017-10-23,17:00:00,76151,76175,76070,76175,0,0
2017-10-24,15:00:00,75458,76005,75458,75836,0,0
2017-10-24,16:00:00,75831,76041,75732,75858,0,0
2017-10-24,17:00:00,75854,75899,75480,75748,0,0
2017-10-24,18:00:00,75764,76359,75764,76261,0,0
2017-10-24,19:00:00,76232,76251,76098,76172,0,0
2017-10-24,20:00:00,76165,76419,76088,76413,0,0
2017-10-24,21:00:00,76403,76403,76120,76137,0,0
2017-10-24,22:00:00,76154,76350,76088,76350,0,0
2017-10-25,15:00:00,76489,76882,76488,76624,0,0
2017-10-25,16:00:00,76631,76779,76286,76308,0,0
2017-10-25,17:00:00,76276,76346,76120,76164,0,0
2017-10-25,18:00:00,76152,76157,75840,75978,0,0
2017-10-25,19:00:00,75974,76129,75404,76118,0,0
2017-10-25,20:00:00,76108,76190,75941,76144,0,0
2017-10-25,21:00:00,76157,76261,76023,76135,0,0
2017-10-25,22:00:00,76094,76771,76094,76671,0,0
2017-10-26,15:00:00,76708,77060,76666,76808,0,0
2017-10-26,16:00:00,76911,76983,76516,76780,0,0
2017-10-26,17:00:00,76758,76796,76486,76658,0,0
2017-10-26,18:00:00,76655,76975,76655,76817,0,0
2017-10-26,19:00:00,76830,76832,76316,76330,0,0
2017-10-26,20:00:00,76314,76381,76024,76264,0,0
2017-10-26,21:00:00,76271,76345,76048,76105,0,0
2017-10-26,22:00:00,76129,76228,75813,75896,0,0
2017-10-27,15:00:00,75950,76397,75600,76387,0,0
2017-10-27,16:00:00,76383,76470,75976,76061,0,0
2017-10-27,17:00:00,76062,76616,76054,76073,0,0
2017-10-27,18:00:00,76017,76471,75884,76333,0,0
2017-10-27,19:00:00,76306,76537,76235,76286,0,0
2017-10-27,20:00:00,76246,76340,76142,76278,0,0
2017-10-27,21:00:00,76281,76345,75972,76182,0,0
2017-10-27,22:00:00,76171,76204,75975,75975,0,0
2017-10-30,15:00:00,75225,75476,75049,75428,0,0
2017-10-30,16:00:00,75454,75553,75195,75221,0,0
2017-10-30,17:00:00,75215,75299,75064,75147,0,0
2017-10-30,18:00:00,75146,75178,74616,74702,0,0
2017-10-30,19:00:00,74726,74820,74492,74492,0,0
2017-10-30,20:00:00,74510,74672,74435,74484,0,0
2017-10-30,21:00:00,74486,74803,74305,74800,0,0
2017-10-31,15:00:00,74827,74862,74144,74323,0,0
2017-10-31,16:00:00,74269,74626,74156,74626,0,0
2017-10-31,17:00:00,74608,74800,74574,74787,0,0
2017-10-31,18:00:00,74771,74786,74320,74448,0,0
2017-10-31,19:00:00,74446,74593,74414,74508,0,0
2017-10-31,20:00:00,74512,74648,74512,74587,0,0
2017-10-31,21:00:00,74597,74671,74308,74308,0,0
2017-11-01,14:00:00,74321,75038,74321,74764,0,0
2017-11-01,15:00:00,74713,74982,74518,74921,0,0
2017-11-01,16:00:00,74905,75167,74779,74779,0,0
2017-11-01,17:00:00,74738,74862,74529,74529,0,0
2017-11-01,18:00:00,74528,74546,74380,74481,0,0
2017-11-01,19:00:00,74489,74489,73953,74135,0,0
2017-11-01,20:00:00,74157,74345,74004,74057,0,0
2017-11-01,21:00:00,74111,74216,73822,73823,0,0
2017-11-03,14:00:00,73843,74254,73843,74009,0,0
2017-11-03,15:00:00,74005,74141,73564,73599,0,0
2017-11-03,16:00:00,73635,73660,73093,73313,0,0
2017-11-03,17:00:00,73334,73476,73099,73462,0,0
2017-11-03,18:00:00,73521,73858,73426,73782,0,0
2017-11-03,19:00:00,73791,73891,73641,73807,0,0
2017-11-03,20:00:00,73825,74028,73748,73828,0,0
2017-11-03,21:00:00,73807,74003,73799,73915,0,0
2017-11-06,14:00:00,73966,74399,73966,73998,0,0
2017-11-06,15:00:00,74015,74265,73829,74265,0,0
2017-11-06,16:00:00,74266,74295,74033,74209,0,0
2017-11-06,17:00:00,74191,74398,74099,74099,0,0
2017-11-06,18:00:00,74107,74283,73910,74254,0,0
2017-11-06,19:00:00,74246,74265,74098,74098,0,0
2017-11-06,20:00:00,74096,74354,74092,74325,0,0
2017-11-06,21:00:00,74347,74444,74277,74310,0,0
2017-11-07,14:00:00,74228,74228,73472,73472,0,0
2017-11-07,15:00:00,73479,73714,73463,73685,0,0
2017-11-07,16:00:00,73694,73793,73324,73324,0,0
2017-11-07,17:00:00,73293,73343,72684,72744,0,0
2017-11-07,18:00:00,72734,72812,72386,72441,0,0
2017-11-07,19:00:00,72433,72785,72424,72753,0,0
2017-11-07,20:00:00,72773,72844,72595,72750,0,0
2017-11-07,21:00:00,72751,72935,72414,72414,0,0
2017-11-08,14:00:00,72499,73070,72485,72956,0,0
2017-11-08,15:00:00,72961,73221,72946,73106,0,0
2017-11-08,16:00:00,73097,73257,72799,72896,0,0
2017-11-08,17:00:00,72874,72936,72638,72786,0,0
2017-11-08,18:00:00,72748,73128,72748,72968,0,0
2017-11-08,19:00:00,72962,72989,72767,72805,0,0
2017-11-08,20:00:00,72800,73038,72732,72953,0,0
2017-11-08,21:00:00,72955,74480,72950,74363,0,0
2017-11-09,14:00:00,74361,74361,73571,73571,0,0
2017-11-09,15:00:00,73609,73780,73434,73572,0,0
2017-11-09,16:00:00,73535,73676,73251,73636,0,0
2017-11-09,17:00:00,73622,73780,73304,73347,0,0
2017-11-09,18:00:00,73398,73509,73259,73427,0,0
2017-11-09,19:00:00,73418,73474,72803,73126,0,0
2017-11-09,20:00:00,73153,73488,72947,73168,0,0
2017-11-09,21:00:00,73183,73302,72923,72930,0,0
2017-11-10,14:00:00,72953,73018,72474,72492,0,0
2017-11-10,15:00:00,72378,72378,71919,72119,0,0
2017-11-10,16:00:00,72111,72434,72075,72380,0,0
2017-11-10,17:00:00,72382,72451,72107,72348,0,0
2017-11-10,18:00:00,72377,72546,72207,72374,0,0
2017-11-10,19:00:00,72367,72435,72121,72143,0,0
2017-11-10,20:00:00,72074,72159,71973,72089,0,0
2017-11-10,21:00:00,72093,72304,72065,72165,0,0
2017-11-13,14:00:00,72166.52,72396.66,71796.96,72311.34,0,0
2017-11-13,15:00:00,72260.82,72417.93,71972.23,72016.91,0,0
2017-11-13,16:00:00,72008.27,72259.41,71791.69,72235.5,0,0
2017-11-13,17:00:00,72216.41,72410.21,72111.97,72294.49,0,0
2017-11-13,18:00:00,72297.34,72379.13,72061.76,72089,0,0
2017-11-13,19:00:00,72084.23,72146.05,71977.3,72033.43,0,0
2017-11-13,20:00:00,72018.95,72134.2,71775.76,71963.83,0,0
2017-11-13,21:00:00,71986.88,72735.4,71794.82,72724.41,0,0
2017-11-14,14:00:00,72442.33,72628.73,72361.47,72628.73,0,0
2017-11-14,15:00:00,72681.26,72826.77,72268.21,72460.07,0,0
2017-11-14,16:00:00,72507.6,72524.82,72257.51,72392.59,0,0
2017-11-14,17:00:00,72370.11,72370.11,71830.35,72030.55,0,0
2017-11-14,18:00:00,72013.62,72026.48,71378.87,71508.9,0,0
2017-11-14,19:00:00,71512.35,71684.94,71328.95,71603.09,0,0
2017-11-14,20:00:00,71589.23,71589.23,71155.2,71220.43,0,0
2017-11-14,21:00:00,71225.32,71301.57,70916.3,70955.45,0,0
2017-11-16,14:00:00,70827.38,71634.89,70827.38,71537.33,0,0
2017-11-16,15:00:00,71556.34,71907.77,71556.34,71874.97,0,0
2017-11-16,16:00:00,71904.02,72007.12,71627.96,71687.92,0,0
2017-11-16,17:00:00,71588.31,72521.39,71588.31,72359.12,0,0
2017-11-16,18:00:00,72366.04,72461.84,72162.1,72434.84,0,0
2017-11-16,19:00:00,72419.29,72579.7,72315.66,72560.87,0,0
2017-11-16,20:00:00,72556.18,72774.84,72556.18,72668.1,0,0
2017-11-16,21:00:00,72608.84,72877.96,72517.7,72809.04,0,0
2017-11-17,14:00:00,72512.13,72847.79,72389.59,72797.47,0,0
2017-11-17,15:00:00,72878.74,73098.91,72585.16,72682.88,0,0
2017-11-17,16:00:00,72682.91,72795.93,72450.62,72748.23,0,0
2017-11-17,17:00:00,72737.55,72974.94,72646.04,72949.27,0,0
2017-11-17,18:00:00,72934.13,73203.29,72804.18,73188.99,0,0
2017-11-17,19:00:00,73230.43,73632.2,73202.73,73516.81,0,0
2017-11-17,20:00:00,73522.48,73601.72,73377.69,73473.92,0,0
2017-11-17,21:00:00,73462.66,73522.55,73369.13,73437.28,0,0
2017-11-21,14:00:00,73438.97,74277.06,73438.97,74017.07,0,0
2017-11-21,15:00:00,74015.53,74496.88,74015.53,74339.11,0,0
2017-11-21,16:00:00,74354.95,74649.82,74305.8,74636.8,0,0
2017-11-21,17:00:00,74624.69,74898.84,74564.17,74833.09,0,0
2017-11-21,18:00:00,74833.05,75012.01,74793.17,74956.84,0,0
2017-11-21,19:00:00,74948.16,75073.29,74863.94,74906.98,0,0
2017-11-21,20:00:00,74866.53,74882.32,74490.94,74521.42,0,0
2017-11-21,21:00:00,74511.27,74594.62,74329.39,74594.62,0,0
2017-11-22,14:00:00,74618.33,74875.86,74308.2,74549.64,0,0
2017-11-22,15:00:00,74529.88,74972.53,74500.45,74527.38,0,0
2017-11-22,16:00:00,74539.45,74917.1,74539.45,74899.04,0,0
2017-11-22,17:00:00,74942.39,75019.16,74586.77,74586.77,0,0
2017-11-22,18:00:00,74584.5,74756.26,74341.3,74439.3,0,0
2017-11-22,19:00:00,74426.27,74605.11,74397.84,74485.77,0,0
2017-11-22,20:00:00,74466.37,74502.95,74241.62,74352.65,0,0
2017-11-22,21:00:00,74332.48,74552.96,74332.48,74518.79,0,0
2017-11-23,14:00:00,74518.79,74518.79,74004.37,74012.95,0,0
2017-11-23,15:00:00,74009.4,74080.83,73851.64,73999.83,0,0
2017-11-23,16:00:00,74030.29,74123.59,73889.97,73960.87,0,0
2017-11-23,17:00:00,73943.42,74008.62,73918.55,73986.12,0,0
2017-11-23,18:00:00,73969.45,74413.81,73969.45,74388.55,0,0
2017-11-23,19:00:00,74319.35,74577.82,74304.92,74424.64,0,0
2017-11-23,20:00:00,74439.84,74545.92,74402.52,74455.54,0,0
2017-11-23,21:00:00,74435.3,74488.64,74353.58,74486.58,0,0
2017-11-24,14:00:00,74503.01,74507.99,74255.62,74409.44,0,0
2017-11-24,15:00:00,74370.5,74444.97,74279.2,74294.38,0,0
2017-11-24,16:00:00,74298.45,74451.98,74208.39,74451.98,0,0
2017-11-24,17:00:00,74458.55,74542.32,74254.79,74271.26,0,0
2017-11-24,18:00:00,74267.62,74390.4,74184.51,74351.16,0,0
2017-11-24,19:00:00,74357.45,74406.51,74261.09,74274.84,0,0
2017-11-24,20:00:00,74281.27,74316.72,74199.01,74227.57,0,0
2017-11-24,21:00:00,74217.63,74217.63,74093.2,74157.38,0,0
2017-11-27,14:00:00,74157.15,74157.15,73537.38,73594.66,0,0
2017-11-27,15:00:00,73613.48,73689.53,73158.98,73389.33,0,0
2017-11-27,16:00:00,73411.62,73414.9,73285.53,73392.12,0,0
2017-11-27,17:00:00,73469.24,73584.2,73329.49,73496.66,0,0
2017-11-27,18:00:00,73491,73491,73300.12,73411.29,0,0
2017-11-27,19:00:00,73422.41,73539.12,73360.16,73499.69,0,0
2017-11-27,20:00:00,73506.49,73905.98,73506.49,73878.56,0,0
2017-11-27,21:00:00,73892.04,74138.3,73892.04,74058.91,0,0
2017-11-28,14:00:00,74059.95,74584.94,74059.95,74464.88,0,0
2017-11-28,15:00:00,74464.56,74506.09,74330.73,74446.57,0,0
2017-11-28,16:00:00,74461.88,74579.55,74124.32,74124.32,0,0
2017-11-28,17:00:00,74121.81,74474.3,74076.4,74474.3,0,0
2017-11-28,18:00:00,74456.51,74694.04,74382.02,74581.98,0,0
2017-11-28,19:00:00,74568.32,74961.9,74568.32,74952.7,0,0
2017-11-28,20:00:00,74948.03,74983.09,74544.6,74581.29,0,0
2017-11-28,21:00:00,74598.12,74711.42,74139.72,74139.72,0,0
2017-11-29,14:00:00,74134.7,74514.86,74134.7,74384.81,0,0
2017-11-29,15:00:00,74372.79,74411.67,73924.09,73924.09,0,0
2017-11-29,16:00:00,73791.65,73805.92,73128.52,73240.09,0,0
2017-11-29,17:00:00,73243.02,73292.91,72893.94,73244.29,0,0
2017-11-29,18:00:00,73256.32,73319.19,72754.11,72777.24,0,0
2017-11-29,19:00:00,72753.05,73202.82,72717.27,72813.45,0,0
2017-11-29,20:00:00,72819.19,73126.82,72819.19,73072.55,0,0
2017-11-29,21:00:00,73046.41,73119.72,72700.45,72700.45,0,0
2017-11-30,14:00:00,72700.45,72700.45,71938.06,72413.4,0,0
2017-11-30,15:00:00,72409.44,72427.56,71818.18,72155.46,0,0
2017-11-30,16:00:00,72143.16,72351.62,71999.23,71999.23,0,0
2017-11-30,17:00:00,71991.16,72080.88,71653.42,71672.73,0,0
2017-11-30,18:00:00,71734.55,71734.55,71215.19,71256.09,0,0
2017-11-30,19:00:00,71327.92,71578.08,71264.82,71420.83,0,0
2017-11-30,20:00:00,71427.38,71572.28,71321.26,71511.29,0,0
2017-11-30,21:00:00,71514.98,71970.99,71276.38,71970.99,0,0
2017-12-01,14:00:00,71955.27,72015.91,71538.46,71833.25,0,0
2017-12-01,15:00:00,71851.89,72387.79,71851.89,72256.02,0,0
2017-12-01,16:00:00,72191.28,72315.13,71883.45,72073.05,0,0
2017-12-01,17:00:00,72083.83,72467.02,72020.12,72352.52,0,0
2017-12-01,18:00:00,72352.39,72360.86,71487.73,71795.06,0,0
2017-12-01,19:00:00,71839.41,72187.94,71772.63,72187.94,0,0
2017-12-01,20:00:00,72187.88,72297.28,71877.74,71984.05,0,0
2017-12-01,21:00:00,71982.92,72406.93,71880.11,72264.45,0,0
2017-12-04,14:00:00,72266.11,72724.24,72266.11,72567.81,0,0
2017-12-04,15:00:00,72536.66,72982.03,72536.66,72866.31,0,0
2017-12-04,16:00:00,72917.77,73071.67,72732.4,72912.78,0,0
2017-12-04,17:00:00,72911.38,72985.54,72680.39,72700.61,0,0
2017-12-04,18:00:00,72726.16,73579.8,72726.16,73461.76,0,0
2017-12-04,19:00:00,73475.04,73517.09,73217.01,73299.6,0,0
2017-12-04,20:00:00,73325.11,73748.68,73325.11,73365.25,0,0
2017-12-04,21:00:00,73356.51,73490.33,73090.17,73090.17,0,0
2017-12-05,14:00:00,73090.17,73912.08,72914.81,73824.4,0,0
2017-12-05,15:00:00,73898.05,74166.01,73888.23,73899.12,0,0
2017-12-05,16:00:00,73909.11,74080.72,73639.03,73685.81,0,0
2017-12-05,17:00:00,73676.67,73854.3,73480.77,73827.34,0,0
2017-12-05,18:00:00,73834.58,73834.58,73188.82,73188.82,0,0
2017-12-05,19:00:00,73193.66,73454.04,73013.22,73056.6,0,0
2017-12-05,20:00:00,73073.82,73499.24,73063.59,73304.46,0,0
2017-12-05,21:00:00,73301.62,73448.26,72318.6,72546.17,0,0
2017-12-06,14:00:00,72534.52,72721.75,72116.24,72721.75,0,0
2017-12-06,15:00:00,72724,72874.98,72560.52,72704,0,0
2017-12-06,16:00:00,72697.4,72807.85,72226.62,72255.02,0,0
2017-12-06,17:00:00,72208.05,72431.02,71906.41,72406.89,0,0
2017-12-06,18:00:00,72441.09,72558.67,72047.74,72218.27,0,0
2017-12-06,19:00:00,72263.54,72556.29,72166.42,72551.04,0,0
2017-12-06,20:00:00,72548.93,73172.86,72457.77,73114.8,0,0
2017-12-06,21:00:00,73136.68,73418.14,72981.39,73268.35,0,0
2017-12-07,14:00:00,73267.88,73267.88,71389.24,71774.22,0,0
2017-12-07,15:00:00,71762.48,72263.54,71603.74,71867.96,0,0
2017-12-07,16:00:00,71799.18,72210.19,71450.95,72129.47,0,0
2017-12-07,17:00:00,72070.31,72514.83,71941.42,72445.56,0,0
2017-12-07,18:00:00,72441.59,72710.93,72344.47,72572.73,0,0
2017-12-07,19:00:00,72533.46,72803.34,72490.53,72579.95,0,0
2017-12-07,20:00:00,72588.55,72740.1,72446.87,72680.57,0,0
2017-12-07,21:00:00,72693.33,72699.57,72424.11,72424.11,0,0
2017-12-08,14:00:00,72546.25,73425.31,72533.91,73282.59,0,0
2017-12-08,15:00:00,73288.66,73329.62,73117.82,73309.93,0,0
2017-12-08,16:00:00,73313.02,73342.11,73110.86,73151.86,0,0
2017-12-08,17:00:00,73151.31,73151.31,72884.82,73003.58,0,0
2017-12-08,18:00:00,72985.86,73228.79,72912.95,73224.86,0,0
2017-12-08,19:00:00,73233.13,73358.23,72988.25,73003.66,0,0
2017-12-08,20:00:00,73039.37,73228.03,73039.37,73092.95,0,0
2017-12-08,21:00:00,73043.33,73053.29,72664.7,72731.84,0,0
2017-12-11,14:00:00,72774.97,73360.94,72774.97,73270.04,0,0
2017-12-11,15:00:00,73261.83,73290.63,72497.52,72656.48,0,0
2017-12-11,16:00:00,72640.66,73309.09,72570.62,73309.09,0,0
2017-12-11,17:00:00,73308.74,73308.74,72962.61,72983.98,0,0
2017-12-11,18:00:00,73026.14,73164.21,72854.21,73123.07,0,0
2017-12-11,19:00:00,73118.59,73121.82,72890.82,73103.95,0,0
2017-12-11,20:00:00,73105.36,73162.69,72922.71,72963.04,0,0
2017-12-11,21:00:00,72929.18,72957.07,72738.83,72800.04,0,0
2017-12-12,14:00:00,72799.71,72799.71,72207.6,72207.6,0,0
2017-12-12,15:00:00,72185.04,72185.04,71798.49,72029.43,0,0
2017-12-12,16:00:00,72062.55,72600.49,71950.2,72600.49,0,0
2017-12-12,17:00:00,72639.17,73075.27,72553.73,72957.97,0,0
2017-12-12,18:00:00,72966.5,73203.87,72681.73,72833.22,0,0
2017-12-12,19:00:00,72828.77,72866.63,72549.75,72672.58,0,0
2017-12-12,20:00:00,72629.52,73068.43,72629.52,72696.05,0,0
2017-12-12,21:00:00,72693.52,73813.53,72647.84,73813.53,0,0
2017-12-13,14:00:00,73827.21,74416.01,73827.21,74092.51,0,0
2017-12-13,15:00:00,74130.2,74531.51,73815.3,74477.57,0,0
2017-12-13,16:00:00,74450.56,74621.78,74143.34,74400.12,0,0
2017-12-13,17:00:00,74412.52,74435.52,74094.16,74384.41,0,0
2017-12-13,18:00:00,74399.2,74457.15,74020.2,74020.2,0,0
2017-12-13,19:00:00,73963.37,73981.25,73642.49,73715.72,0,0
2017-12-13,20:00:00,73754.27,73808.19,73118.27,73222.45,0,0
2017-12-13,21:00:00,73206.73,73376.12,72568.73,72914.34,0,0
2017-12-14,14:00:00,72912.72,72912.72,71968.98,72007.46,0,0
2017-12-14,15:00:00,72004.19,72390.31,72004.19,72331.38,0,0
2017-12-14,16:00:00,72316.68,72744.32,72173.95,72594.92,0,0
2017-12-14,17:00:00,72612.78,72730.03,72456.52,72652.6,0,0
2017-12-14,18:00:00,72640.85,72677.98,72191.02,72327.28,0,0
2017-12-14,19:00:00,72309.66,72551.73,72257.2,72454.28,0,0
2017-12-14,20:00:00,72453.44,72459.99,72226.27,72319.33,0,0
2017-12-14,21:00:00,72335.6,72434.83,72145.52,72428.93,0,0
2017-12-15,14:00:00,72428.32,72956.48,72278.21,72890.75,0,0
2017-12-15,15:00:00,72888.02,73068.8,72655.25,72670.54,0,0
2017-12-15,16:00:00,72667.6,72761.72,72490.54,72490.54,0,0
2017-12-15,17:00:00,72506.57,72985.95,72506.57,72697.34,0,0
2017-12-15,18:00:00,72683.24,72927.63,72678.23,72896.23,0,0
2017-12-15,19:00:00,72875.05,72875.05,72612.29,72696.47,0,0
2017-12-15,20:00:00,72698.29,72709.4,72535.39,72618.73,0,0
2017-12-15,21:00:00,72621,72866.17,72498.08,72607.7,0,0
2017-12-18,14:00:00,72621.39,73266.7,72621.39,73016.62,0,0
2017-12-18,15:00:00,72993.35,73174.55,72967.63,73096.71,0,0
2017-12-18,16:00:00,73093.61,73262.66,73045.15,73185.12,0,0
2017-12-18,17:00:00,73144.38,73387.96,73144.38,73353.74,0,0
2017-12-18,18:00:00,73427.82,73518.58,73395.21,73408.77,0,0
2017-12-18,19:00:00,73395.79,73408.08,73214.41,73233.83,0,0
2017-12-18,20:00:00,73291.5,73390.61,73204.64,73372.04,0,0
2017-12-18,21:00:00,73347.24,73350.17,73066.9,73115.45,0,0
2017-12-19,14:00:00,73121.62,73139.27,72740.64,72772.42,0,0
2017-12-19,15:00:00,72765.99,72792.33,72632.78,72764.38,0,0
2017-12-19,16:00:00,72759.03,72818.02,72635.36,72704.98,0,0
2017-12-19,17:00:00,72685.45,72838.42,72432.2,72561.23,0,0
2017-12-19,18:00:00,72547.84,72612.15,72346.58,72348.77,0,0
2017-12-19,19:00:00,72357.92,72653.94,72357.92,72634.14,0,0
2017-12-19,20:00:00,72624.6,72801.44,72572.3,72783.91,0,0
2017-12-19,21:00:00,72797.76,72885.95,72596.17,72680.37,0,0
2017-12-20,14:00:00,72679.76,73173.65,72679.76,73112.38,0,0
2017-12-20,15:00:00,73095,73289.01,73019.06,73244.44,0,0
2017-12-20,16:00:00,73268.84,73385.73,73156.81,73342.98,0,0
2017-12-20,17:00:00,73333.9,73440.2,73246.88,73353.51,0,0
2017-12-20,18:00:00,73353.92,73491.52,73309.54,73398.05,0,0
2017-12-20,19:00:00,73398.68,73440.74,73294.05,73344.13,0,0
2017-12-20,20:00:00,73340.41,73345.44,73218.7,73219.91,0,0
2017-12-20,21:00:00,73210.02,73369.29,73160.18,73367.03,0,0
2017-12-21,14:00:00,73367.03,73673.05,73358.55,73600.06,0,0
2017-12-21,15:00:00,73603.98,73603.98,73265.41,73368.36,0,0
2017-12-21,16:00:00,73369.15,73902.03,73369.15,73888.83,0,0
2017-12-21,17:00:00,73879.02,74440.3,73879.02,74412.3,0,0
2017-12-21,18:00:00,74379.94,74824.72,74337.27,74797.69,0,0
2017-12-21,19:00:00,74787.94,75096.73,74683.41,74940.35,0,0
2017-12-21,20:00:00,74941.13,75012.66,74793.16,74810.17,0,0
2017-12-21,21:00:00,74827.8,75133.43,74731.38,75133.43,0,0
2017-12-22,14:00:00,75128.09,75147.92,74652.58,74671.26,0,0
2017-12-22,15:00:00,74659.59,75099.69,74622.58,74995.14,0,0
2017-12-22,16:00:00,74979.29,75215.71,74936.48,75152.2,0,0
2017-12-22,17:00:00,75151.79,75191.45,75016.88,75111.59,0,0
2017-12-22,18:00:00,75118.88,75146.31,75014.88,75033.87,0,0
2017-12-22,19:00:00,75025.97,75227.01,75021.83,75110.02,0,0
2017-12-22,20:00:00,75113.97,75137.17,74984.14,75105.79,0,0
2017-12-22,21:00:00,75103.16,75201.78,75072.41,75186.53,0,0
2017-12-26,14:00:00,75186.53,75186.53,74923.89,75076.8,0,0
2017-12-26,15:00:00,75074.22,75701.59,75028.03,75668.59,0,0
2017-12-26,16:00:00,75682.54,75689.79,75310.68,75554.99,0,0
2017-12-26,17:00:00,75553.95,75610.29,75438.41,75580.8,0,0
2017-12-26,18:00:00,75570.42,75644.7,75432.87,75589.36,0,0
2017-12-26,19:00:00,75556.95,75663.75,75539.73,75641.69,0,0
2017-12-26,20:00:00,75638.71,75757.98,75623.4,75723.25,0,0
2017-12-26,21:00:00,75745.77,75837.23,75707.73,75707.73,0,0
2017-12-27,14:00:00,75707.73,76155.73,75707.73,76055.16,0,0
2017-12-27,15:00:00,76042.33,76231.83,76035.55,76188.66,0,0
2017-12-27,16:00:00,76173.2,76243.93,76087.48,76165.56,0,0
2017-12-27,17:00:00,76163.05,76288.95,76125.3,76241.55,0,0
2017-12-27,18:00:00,76251.01,76292.7,76204.85,76204.85,0,0
2017-12-27,19:00:00,76206.29,76206.29,76097.36,76189.69,0,0
2017-12-27,20:00:00,76196.81,76215.88,75980.27,76033.02,0,0
2017-12-27,21:00:00,76031.09,76114.91,75963.51,76072.54,0,0
2017-12-28,14:00:00,76077.05,76425.15,76077.05,76409.52,0,0
2017-12-28,15:00:00,76407.23,76434.68,76327.31,76380.32,0,0
2017-12-28,16:00:00,76378.02,76436.88,76363.66,76399.95,0,0
2017-12-28,17:00:00,76403.11,76404.04,76271.39,76274.16,0,0
2017-12-28,18:00:00,76299.7,76299.7,76225.12,76256.87,0,0
2017-12-28,19:00:00,76249.57,76317.38,76218,76305.77,0,0
2017-12-28,20:00:00,76303.51,76303.51,76239.87,76259.13,0,0
2017-12-28,21:00:00,76258.15,76433.67,76258.15,76402.08,0,0
2018-01-02,14:00:00,76402.6,77356.16,76402.6,77310.91,0,0
2018-01-02,15:00:00,77316.76,77647.88,77258.16,77562.68,0,0
2018-01-02,16:00:00,77565.81,77595.12,77429.06,77585.08,0,0
2018-01-02,17:00:00,77574.79,77658.02,77508.98,77620.48,0,0
2018-01-02,18:00:00,77582.2,77693.66,77582.2,77618.3,0,0
2018-01-02,19:00:00,77617.34,77670,77602.67,77639.66,0,0
2018-01-02,20:00:00,77646.12,77909.02,77633.8,77853.61,0,0
2018-01-02,21:00:00,77820.72,77891.04,77770.48,77891.04,0,0
2018-01-03,14:00:00,77895.32,78004.62,77601.52,77954.65,0,0
2018-01-03,15:00:00,77950.52,78215.98,77859.66,78140.1,0,0
2018-01-03,16:00:00,78121.38,78182.4,77950.3,78095.74,0,0
2018-01-03,17:00:00,78061.44,78164.5,77980.48,78088.7,0,0
2018-01-03,18:00:00,78130.33,78187.02,78062.25,78176.81,0,0
2018-01-03,19:00:00,78179.35,78413.89,78121.34,78360.4,0,0
2018-01-03,20:00:00,78344.94,78380.81,78039.95,78202.91,0,0
2018-01-03,21:00:00,78161.7,78193.86,77901.12,77995.16,0,0
2018-01-04,14:00:00,77997.69,78825.43,77997.69,78825.27,0,0
2018-01-04,15:00:00,78807.48,78836.05,78632.01,78730.45,0,0
2018-01-04,16:00:00,78708.45,78946.37,78708.45,78821.36,0,0
2018-01-04,17:00:00,78832.2,79102.03,78730.98,79032.16,0,0
2018-01-04,18:00:00,79042.83,79134.83,78979.68,79080.62,0,0
2018-01-04,19:00:00,79021.66,79089.68,78948.7,78964.64,0,0
2018-01-04,20:00:00,78964.33,79026.55,78541.7,78671.34,0,0
2018-01-04,21:00:00,78691.02,78908.07,78465.76,78647.42,0,0
2018-01-05,14:00:00,78644.27,78888.78,78218.11,78502.58,0,0
2018-01-05,15:00:00,78527.09,78675.38,78350.98,78622.07,0,0
2018-01-05,16:00:00,78626.47,78729.7,78403.88,78533.02,0,0
2018-01-05,17:00:00,78549.63,78916.82,78549.63,78916.82,0,0
2018-01-05,18:00:00,78936.24,78986.84,78807.72,78944.29,0,0
2018-01-05,19:00:00,78925.28,78933.3,78760.53,78860.03,0,0
2018-01-05,20:00:00,78841.52,78957.2,78803.5,78872.38,0,0
2018-01-05,21:00:00,78866.17,79071.47,78810.7,79071.47,0,0
2018-01-08,14:00:00,79074.09,79088.05,78631.25,78716.92,0,0
2018-01-08,15:00:00,78708.16,79068.23,78653.09,78992.75,0,0
2018-01-08,16:00:00,79006.5,79171.18,78947.5,79110.07,0,0
2018-01-08,17:00:00,79032.48,79216.52,79021.51,79079.46,0,0
2018-01-08,18:00:00,79080.73,79116.81,78891.12,78942.14,0,0
2018-01-08,19:00:00,78959.53,79092.59,78866.44,79073.16,0,0
2018-01-08,20:00:00,79071.15,79395.45,79034.62,79305.67,0,0
2018-01-08,21:00:00,79295.41,79378.53,79255.38,79378.53,0,0
2018-01-09,14:00:00,79342.77,79413.66,79257.03,79270.15,0,0
2018-01-09,15:00:00,79267.86,79271.59,79107.27,79159.06,0,0
2018-01-09,16:00:00,79159.71,79268.85,78975.09,79060.6,0,0
2018-01-09,17:00:00,79053.12,79182.07,79006.23,79146,0,0
2018-01-09,18:00:00,79126.29,79150.8,78945.7,79025.2,0,0
2018-01-09,19:00:00,79041.51,79050.05,78933.23,79030.21,0,0
2018-01-09,20:00:00,79029.29,79062.7,78906.9,78974.42,0,0
2018-01-09,21:00:00,78975.97,78992.05,78699.25,78863.54,0,0
2018-01-10,14:00:00,78863.57,78863.57,78299.88,78390,0,0
2018-01-10,15:00:00,78403.59,78583.81,78348.23,78485.77,0,0
2018-01-10,16:00:00,78487.33,78542.38,78163.85,78214.38,0,0
2018-01-10,17:00:00,78220.32,78463.66,78220.32,78352.74,0,0
2018-01-10,18:00:00,78364.98,78551.92,78352.6,78441.3,0,0
2018-01-10,19:00:00,78430.21,78445.88,78278.99,78316.71,0,0
2018-01-10,20:00:00,78304.32,78496.1,78304.32,78382.91,0,0
2018-01-10,21:00:00,78395.78,78395.78,78172.97,78200.57,0,0
2018-01-11,14:00:00,78200.74,78587.32,78200.74,78462.16,0,0
2018-01-11,15:00:00,78467.89,78598.39,78394.52,78469.43,0,0
2018-01-11,16:00:00,78503.35,78624.8,78400.62,78549.54,0,0
2018-01-11,17:00:00,78546.89,78788.07,78543.23,78785.38,0,0
2018-01-11,18:00:00,78790.35,78920.41,78725.75,78759.09,0,0
2018-01-11,19:00:00,78755.23,78895.31,78697.95,78895.31,0,0
2018-01-11,20:00:00,78888.73,78993.56,78856.5,78984.77,0,0
2018-01-11,21:00:00,78979.23,79365.44,78963.87,79365.44,0,0
2018-01-12,14:00:00,79365.44,79365.44,78861.38,79114.82,0,0
2018-01-12,15:00:00,79157.5,79440.47,78965.97,79010.41,0,0
2018-01-12,16:00:00,78939.86,79293.6,78939.86,79246.93,0,0
2018-01-12,17:00:00,79244.2,79384.74,79113.27,79280.04,0,0
2018-01-12,18:00:00,79284.24,79303.92,79063.27,79068.4,0,0
2018-01-12,19:00:00,79084.16,79239.42,78953.55,79007.84,0,0
2018-01-12,20:00:00,79006.34,79044.19,78900.28,79002.13,0,0
2018-01-12,21:00:00,79033.43,79350.73,79015.51,79349.12,0,0
2018-01-15,14:00:00,79349.12,79778.23,79349.12,79778.23,0,0
2018-01-15,15:00:00,79782.67,79846.66,79732.47,79732.47,0,0
2018-01-15,16:00:00,79751.31,79753.47,79639.46,79640.41,0,0
2018-01-15,17:00:00,79646.62,79750.26,79628.56,79710.27,0,0
2018-01-15,18:00:00,79705.69,79782.04,79694.74,79767.1,0,0
2018-01-15,19:00:00,79767.19,79767.19,79595.2,79650.64,0,0
2018-01-15,20:00:00,79654.4,79710.82,79613.34,79684.93,0,0
2018-01-15,21:00:00,79689.73,79757.2,79608.14,79752.38,0,0
2018-01-16,14:00:00,79750.74,79954.34,79688.74,79815.45,0,0
2018-01-16,15:00:00,79817.66,80145.97,79811.64,80131.27,0,0
2018-01-16,16:00:00,80145.84,80222.02,80047.47,80108.2,0,0
2018-01-16,17:00:00,80101.08,80216.29,80016.16,80216.29,0,0
2018-01-16,18:00:00,80234.2,80238.34,80029.91,80074.26,0,0
2018-01-16,19:00:00,80086.7,80124.39,80041.45,80071.2,0,0
2018-01-16,20:00:00,80068.64,80233.36,80005.65,80125.52,0,0
2018-01-16,21:00:00,80111.88,80122.42,79667.72,79831.77,0,0
2018-01-17,14:00:00,79831.63,80158.56,79827.85,80136.66,0,0
2018-01-17,15:00:00,80140.74,80196.73,80114.55,80183.89,0,0
2018-01-17,16:00:00,80188.79,80339.18,80118.41,80257.4,0,0
2018-01-17,17:00:00,80250.98,80504.48,80232.95,80471.55,0,0
2018-01-17,18:00:00,80453.57,80564.44,80385.14,80559.82,0,0
2018-01-17,19:00:00,80610.66,80869.09,80585.55,80865.02,0,0
2018-01-17,20:00:00,80864.23,81103.04,80811.56,81086.66,0,0
2018-01-17,21:00:00,81071.62,81189.48,80963.84,81189.16,0,0
2018-01-18,14:00:00,81185.02,81367.38,81118.84,81265.85,0,0
2018-01-18,15:00:00,81269.91,81304.3,81004.05,81160.1,0,0
2018-01-18,16:00:00,81141.86,81319.48,81117.91,81268.71,0,0
2018-01-18,17:00:00,81291.45,81323.44,81185.59,81204.09,0,0
2018-01-18,18:00:00,81210.92,81250.78,80936.67,81003.63,0,0
2018-01-18,19:00:00,81012.27,81087.75,80744.15,80782.7,0,0
2018-01-18,20:00:00,80785.92,80812.33,80498.49,80806.66,0,0
2018-01-18,21:00:00,80792.33,81005.23,80652.34,80962.65,0,0
2018-01-19,14:00:00,80964.73,81429.06,80964.73,81368.75,0,0
2018-01-19,15:00:00,81349.8,81349.8,81063.99,81145.66,0,0
2018-01-19,16:00:00,81151.02,81322.84,81034.76,81048.14,0,0
2018-01-19,17:00:00,81046.82,81046.82,80853.76,80950.77,0,0
2018-01-19,18:00:00,80963.23,81122.49,80950.14,81073.82,0,0
2018-01-19,19:00:00,81107.43,81194.27,81006.88,81079.27,0,0
2018-01-19,20:00:00,81085.41,81184.07,80941.21,81160.05,0,0
2018-01-19,21:00:00,81160.28,81421.5,81142.06,81219.5,0,0
2018-01-22,14:00:00,81219.5,81436.73,81207.64,81223.98,0,0
2018-01-22,15:00:00,81225.38,81281.12,81084.95,81137.44,0,0
2018-01-22,16:00:00,81133.47,81133.47,80922.85,81070.1,0,0
2018-01-22,17:00:00,81101.67,81339.3,81087.33,81279.22,0,0
2018-01-22,18:00:00,81308.77,81446.41,81286.67,81308.49,0,0
2018-01-22,19:00:00,81320.43,81438.01,81280.7,81385.9,0,0
2018-01-22,20:00:00,81391.97,81525.79,81331.41,81481.8,0,0
2018-01-22,21:00:00,81498,81675.42,81451.95,81675.42,0,0
2018-01-23,14:00:00,81676.09,81676.09,81317.79,81456.16,0,0
2018-01-23,15:00:00,81460.2,81460.2,80663.02,80790.65,0,0
2018-01-23,16:00:00,80838.6,81019.02,80648.27,80897.8,0,0
2018-01-23,17:00:00,80862.73,81136.7,80862.73,81083.02,0,0
2018-01-23,18:00:00,81094.62,81165.25,80964.3,81062.3,0,0
2018-01-23,19:00:00,81060.46,81067.23,80764.99,80848.23,0,0
2018-01-23,20:00:00,80833.41,80837.77,80523.84,80717.96,0,0
2018-01-23,21:00:00,80710,80764.1,80538.79,80678.34,0,0
2018-01-24,14:00:00,80678.81,82458.8,80678.81,82445.86,0,0
2018-01-24,15:00:00,82442.1,82573.81,82252.89,82424.1,0,0
2018-01-24,16:00:00,82409.91,82658.11,81982.32,82141.73,0,0
2018-01-24,17:00:00,82160.32,82531.93,82160.32,82409.1,0,0
2018-01-24,18:00:00,82403.39,82416.7,82032.29,82068.61,0,0
2018-01-24,19:00:00,82085.91,82532.89,82070.68,82532.89,0,0
2018-01-24,20:00:00,82522.31,83604.38,82347.9,83153.05,0,0
2018-01-24,21:00:00,83259.98,83680,82854.38,83680,0,0
2018-01-26,14:00:00,83680.24,84282.59,83680.24,84164,0,0
2018-01-26,15:00:00,84220.41,84522.78,84066,84103.84,0,0
2018-01-26,16:00:00,84112.66,84617.38,83943.79,84602.75,0,0
2018-01-26,17:00:00,84606.94,85427.52,84606.94,85285.24,0,0
2018-01-26,18:00:00,85295.1,85433.86,84889.95,84926.3,0,0
2018-01-26,19:00:00,84931.25,85418.41,84931.25,85344.56,0,0
2018-01-26,20:00:00,85359.92,85406.09,85189.74,85397.43,0,0
2018-01-26,21:00:00,85369.65,85530.84,85213.62,85530.84,0,0
2018-01-29,14:00:00,85530.84,85530.84,84752.45,85314.78,0,0
2018-01-29,15:00:00,85317.74,85318.45,84891.76,85078.49,0,0
2018-01-29,16:00:00,85067.46,85112.06,84881.43,84993.47,0,0
2018-01-29,17:00:00,84950.27,85153.66,84572.32,84637.35,0,0
2018-01-29,18:00:00,84579.01,84603.33,84356.5,84537.59,0,0
2018-01-29,19:00:00,84527.62,84529.29,84340.7,84471.78,0,0
2018-01-29,20:00:00,84452.72,84514.56,84352.73,84476.44,0,0
2018-01-29,21:00:00,84473.89,84701.59,84473.89,84698.02,0,0
2018-01-30,14:00:00,84697.27,84697.27,84198.92,84260.16,0,0
2018-01-30,15:00:00,84251.19,84444.91,84098.66,84123.26,0,0
2018-01-30,16:00:00,84119.04,84317.27,83953.84,84036.35,0,0
2018-01-30,17:00:00,84028.87,84034.39,83849.68,83987.14,0,0
2018-01-30,18:00:00,83964.91,84078.8,83804.91,83854.7,0,0
2018-01-30,19:00:00,83862.32,83992.02,83844.71,83914.2,0,0
2018-01-30,20:00:00,83912.15,84068.16,83828.29,84067.47,0,0
2018-01-30,21:00:00,84147.33,84527.05,84118.96,84482.46,0,0
2018-01-31,14:00:00,84484.76,86059.39,84484.39,86056.55,0,0
2018-01-31,15:00:00,86095.2,86095.2,85772.12,85961.11,0,0
2018-01-31,16:00:00,85945,86212.82,85876.59,85876.59,0,0
2018-01-31,17:00:00,85884.58,85884.58,85538.36,85552.95,0,0
2018-01-31,18:00:00,85563.41,85665.16,85385.82,85645.41,0,0
2018-01-31,19:00:00,85646.73,85701.7,85273.41,85339.27,0,0
2018-01-31,20:00:00,85318.08,85557.85,85277.7,85525.73,0,0
2018-01-31,21:00:00,85531.1,85845.95,84912.7,84912.7,0,0
2018-02-01,14:00:00,84912.88,85699.16,84861.93,85553.61,0,0
2018-02-01,15:00:00,85540.26,85540.26,84978.3,85198.13,0,0
2018-02-01,16:00:00,85182.2,85410.48,84974.14,85410.48,0,0
2018-02-01,17:00:00,85400.39,85539.94,85249.07,85461.68,0,0
2018-02-01,18:00:00,85464.21,85874.7,85278.45,85874.7,0,0
2018-02-01,19:00:00,85907.36,86027.98,85789.59,85822.7,0,0
2018-02-01,20:00:00,85804.64,86003.77,85710.21,85710.21,0,0
2018-02-01,21:00:00,85717.83,85717.83,85310.6,85495.24,0,0
2018-02-02,14:00:00,85495.08,85495.08,84237.67,84346.91,0,0
2018-02-02,15:00:00,84349.01,84471.02,83860.35,84272.8,0,0
2018-02-02,16:00:00,84187.88,84393.79,84053.78,84098.59,0,0
2018-02-02,17:00:00,84092.98,84092.98,83831.2,84040.79,0,0
2018-02-02,18:00:00,84073.86,84322.88,84013.27,84190.49,0,0
2018-02-02,19:00:00,84113.59,84673.3,84098.3,84570.3,0,0
2018-02-02,20:00:00,84537.38,84593.07,84346.52,84349.3,0,0
2018-02-02,21:00:00,84321.2,84321.2,83848.53,84041.34,0,0
2018-02-05,14:00:00,84039.78,84039.78,83030.53,83458.78,0,0
2018-02-05,15:00:00,83410.98,83792.13,83371.84,83703.25,0,0
2018-02-05,16:00:00,83690.11,83755.08,83271.55,83514.06,0,0
2018-02-05,17:00:00,83557.62,84310.79,83468.74,84106.62,0,0
2018-02-05,18:00:00,84149.2,84187.53,83689.52,84005.29,0,0
2018-02-05,19:00:00,84019.04,84060.82,83661.95,83734.88,0,0
2018-02-05,20:00:00,83714.83,83714.83,83083.52,83376.48,0,0
2018-02-05,21:00:00,83411.26,83417.62,81861.09,81861.09,0,0
2018-02-06,14:00:00,81857.26,81857.26,80804.3,81745.33,0,0
2018-02-06,15:00:00,81767.67,81767.67,81282.67,81716.16,0,0
2018-02-06,16:00:00,81708.52,83252.12,81522.09,82854.55,0,0
2018-02-06,17:00:00,82989.98,83228.9,82387.66,82829.34,0,0
2018-02-06,18:00:00,82798.95,83011.13,82575.73,82969.27,0,0
2018-02-06,19:00:00,82932.55,83488.37,82932.55,83368.45,0,0
2018-02-06,20:00:00,83213.09,83454.74,82946.53,83159.1,0,0
2018-02-06,21:00:00,83129.97,84161.84,83128.2,83894.04,0,0
2018-02-07,14:00:00,83893.81,84125.59,83582.04,83762.75,0,0
2018-02-07,15:00:00,83784.73,84067.39,83707.47,83986.41,0,0
2018-02-07,16:00:00,84012.3,84409.73,83950.69,84259.26,0,0
2018-02-07,17:00:00,84223.65,84375.21,83741.68,83949.84,0,0
2018-02-07,18:00:00,83913.07,84248.27,83642.7,83753.55,0,0
2018-02-07,19:00:00,83743.37,83743.37,83063.52,83102.21,0,0
2018-02-07,20:00:00,83087.55,83313.37,82869.57,83104.91,0,0
2018-02-07,21:00:00,83083.88,83228.16,82548.24,82766.73,0,0
2018-02-08,14:00:00,82773.48,83371.84,82773.48,83232.18,0,0
2018-02-08,15:00:00,83246.85,83500.94,82962.52,83387.52,0,0
2018-02-08,16:00:00,83376.19,83474.38,82952.46,83057.92,0,0
2018-02-08,17:00:00,83067.07,83223.66,82347.07,82432.6,0,0
2018-02-08,18:00:00,82391.91,82653.16,81818.2,81933.37,0,0
2018-02-08,19:00:00,81855.96,82000.33,81273.38,81321.95,0,0
2018-02-08,20:00:00,81332.52,82043.58,81109.01,81857.67,0,0
2018-02-08,21:00:00,81796.45,81977.91,81410.31,81532.53,0,0
2018-02-09,14:00:00,81518.8,81518.8,80866.16,80930.48,0,0
2018-02-09,15:00:00,80941.32,81848.52,80934.15,81755.57,0,0
2018-02-09,16:00:00,81685.28,81897,81225.35,81897,0,0
2018-02-09,17:00:00,81836.84,81836.84,80724.84,80747.51,0,0
2018-02-09,18:00:00,80763.94,80981,80343.09,80343.09,0,0
2018-02-09,19:00:00,80316.94,80384.95,79807.3,80079.41,0,0
2018-02-09,20:00:00,80078.14,80675.27,79690.09,80447.41,0,0
2018-02-09,21:00:00,80445.02,81387.24,80365.37,80898.7,0,0
2018-02-14,17:00:00,80901.47,82974.64,80901.47,82925.24,0,0
2018-02-14,18:00:00,82917.8,82985.15,82695.82,82897.95,0,0
2018-02-14,19:00:00,82897.91,83304.12,82777.35,83277.62,0,0
2018-02-14,20:00:00,83265.47,83437.3,83201.7,83412.96,0,0
2018-02-14,21:00:00,83334.51,83769.16,83334.51,83542.84,0,0
2018-02-15,14:00:00,83550.96,84436.65,83550.96,84256.23,0,0
2018-02-15,15:00:00,84250.82,84482.91,84161.45,84412.02,0,0
2018-02-15,16:00:00,84413.3,84663.25,84259.12,84663.25,0,0
2018-02-15,17:00:00,84649.95,84686.09,84181.83,84181.83,0,0
2018-02-15,18:00:00,84067.47,84460.65,83961.55,84357.6,0,0
2018-02-15,19:00:00,84331.26,84422.05,84130.97,84236.39,0,0
2018-02-15,20:00:00,84278.2,84560.13,84278.2,84361.19,0,0
2018-02-15,21:00:00,84371.89,84501.4,84159.16,84290.56,0,0
2018-02-16,14:00:00,84275.03,84504.13,84015.94,84258.76,0,0
2018-02-16,15:00:00,84257.07,84265.11,84054.18,84058.03,0,0
2018-02-16,16:00:00,84064.04,84082.78,83823.95,83969.86,0,0
2018-02-16,17:00:00,83967.94,84276.91,83867.84,84233.16,0,0
2018-02-16,18:00:00,84246.62,84452.48,84246.62,84294.2,0,0
2018-02-16,19:00:00,84288.65,84575.33,84202,84335.98,0,0
2018-02-16,20:00:00,84337.82,84378.49,84020.37,84275.15,0,0
2018-02-16,21:00:00,84300.98,84524.58,84111.49,84524.58,0,0
2018-02-19,15:00:00,84524.58,84926.43,84524.58,84872.76,0,0
2018-02-19,16:00:00,84880.41,84955.59,84714.48,84810.97,0,0
2018-02-19,17:00:00,84828.8,84828.8,84621.92,84642.54,0,0
2018-02-19,18:00:00,84608.64,84785.95,84583.59,84782.18,0,0
2018-02-19,19:00:00,84781.23,84781.23,84670.12,84699.62,0,0
2018-02-19,20:00:00,84694.95,84760.93,84616.17,84700.56,0,0
2018-02-19,21:00:00,84693.5,84792.71,84623.03,84792.71,0,0
2018-02-20,15:00:00,84791.97,84791.97,84278.54,84474.48,0,0
2018-02-20,16:00:00,84488.27,84960.29,84386.6,84875.24,0,0
2018-02-20,17:00:00,84867.15,85427.09,84795.36,85276.51,0,0
2018-02-20,18:00:00,85283.22,85813.29,85283.22,85789.52,0,0
2018-02-20,19:00:00,85797.82,86290.32,85797.82,86077.13,0,0
2018-02-20,20:00:00,86055.26,86164.62,85890.65,85937.42,0,0
2018-02-20,21:00:00,85959.91,85967.64,85388.27,85803.95,0,0
2018-02-21,15:00:00,85803.95,86264.53,85803.95,86149.7,0,0
2018-02-21,16:00:00,86161,86706.6,86161,86400.41,0,0
2018-02-21,17:00:00,86394.87,86499.52,86288.92,86361.34,0,0
2018-02-21,18:00:00,86369.41,86635.81,86219.27,86574.95,0,0
2018-02-21,19:00:00,86570.62,86781.91,86419.1,86662.42,0,0
2018-02-21,20:00:00,86661.28,86815.63,86564.23,86716.64,0,0
2018-02-21,21:00:00,86695.67,87358.33,86025.38,86051.82,0,0
2018-02-22,15:00:00,86060.45,86846.7,86052.88,86846.7,0,0
2018-02-22,16:00:00,86852.48,87159.04,86743.88,86754.32,0,0
2018-02-22,17:00:00,86771.01,87032.55,86727.31,86805.9,0,0
2018-02-22,18:00:00,86869.65,87114.62,86852.97,87030.16,0,0
2018-02-22,19:00:00,87034.22,87070.6,86811.4,86844.1,0,0
2018-02-22,20:00:00,86833.47,86882.81,86308.85,86556.99,0,0
2018-02-22,21:00:00,86521.75,86792.95,86396.38,86686.45,0,0
2018-02-23,15:00:00,86690.01,87191.7,86690.01,87069.53,0,0
2018-02-23,16:00:00,87084.17,87193.24,86822.8,86853.36,0,0
2018-02-23,17:00:00,86863.31,86936.66,86472.55,86607.72,0,0
2018-02-23,18:00:00,86644.56,86687.1,86137.51,86662.54,0,0
2018-02-23,19:00:00,86651.95,86898.67,86497.78,86772.9,0,0
2018-02-23,20:00:00,86777.6,86850.57,86529.72,86824.84,0,0
2018-02-23,21:00:00,86817.52,87344.76,86747.22,87293.24,0,0
2018-02-26,15:00:00,87295.86,88271.66,87295.86,88228.07,0,0
2018-02-26,16:00:00,88229.49,88317.83,87681.39,87686.91,0,0
2018-02-26,17:00:00,87732.07,87769.16,87361.32,87483.96,0,0
2018-02-26,18:00:00,87480.46,87709.05,87431.23,87674.23,0,0
2018-02-26,19:00:00,87673.91,87889.45,87652.08,87676.34,0,0
2018-02-26,20:00:00,87695.75,87733.05,87392.86,87438.83,0,0
2018-02-26,21:00:00,87432.08,87771.62,87241.91,87652.64,0,0
2018-02-27,15:00:00,87648.98,87704.13,87312.02,87674.98,0,0
2018-02-27,16:00:00,87693.85,87839.35,87456.57,87474.2,0,0
2018-02-27,17:00:00,87499.62,87590.94,86654.2,86827.3,0,0
2018-02-27,18:00:00,86889.42,87079.66,86782.02,86928.31,0,0
2018-02-27,19:00:00,86938.54,87211.8,86882.27,87192.66,0,0
2018-02-27,20:00:00,87173.86,87279.87,87050.45,87124.85,0,0
2018-02-27,21:00:00,87126.33,87186.91,86842.62,86935.44,0,0
2018-02-28,15:00:00,86938.56,86939.85,86466.59,86774.55,0,0
2018-02-28,16:00:00,86880.79,87109.23,86584.85,86859.91,0,0
2018-02-28,17:00:00,86907.89,86907.89,86057.39,86121.5,0,0
2018-02-28,18:00:00,86144.39,86199.94,85893.09,86138.05,0,0
2018-02-28,19:00:00,86168.9,86216.55,85935.95,86097.08,0,0
2018-02-28,20:00:00,86102.93,86276.42,86025.94,86250.65,0,0
2018-02-28,21:00:00,86259.19,86273.48,85199.13,85353.59,0,0
2018-03-01,15:00:00,85337.16,86108.7,85253.3,86063.5,0,0
2018-03-01,16:00:00,86109.71,86260.48,85675.16,85961.19,0,0
2018-03-01,17:00:00,85848.73,86182.05,85835.8,85845.69,0,0
2018-03-01,18:00:00,85791.45,86082.33,85581.51,85996.08,0,0
2018-03-01,19:00:00,85960.81,85960.81,85546.69,85722.43,0,0
2018-03-01,20:00:00,85743.44,85743.44,84999.95,85053.21,0,0
2018-03-01,21:00:00,84964.52,85529.48,84639.55,85377.79,0,0
2018-03-02,15:00:00,85341.33,85341.33,84288.42,84608.61,0,0
2018-03-02,16:00:00,84586.23,84695.42,83896.94,84017.8,0,0
2018-03-02,17:00:00,84057.3,84226.14,83926.25,84216.06,0,0
2018-03-02,18:00:00,84183.2,84647.97,84107.64,84616.26,0,0
2018-03-02,19:00:00,84622.05,85104.46,84571.77,85090.02,0,0
2018-03-02,20:00:00,84995.27,85044.81,84805.52,84890.13,0,0
2018-03-02,21:00:00,84892.91,85761.34,84892.91,85761.34,0,0
2018-03-05,15:00:00,85761.19,85768.25,85146.02,85200.05,0,0
2018-03-05,16:00:00,85173.9,85359.68,85053.33,85165.44,0,0
2018-03-05,17:00:00,85211.44,85696.84,85178.15,85691.46,0,0
2018-03-05,18:00:00,85688.59,86048.21,85652.92,85966.55,0,0
2018-03-05,19:00:00,86007.64,86107.95,85903.53,85986.46,0,0
2018-03-05,20:00:00,85976.45,86164.8,85955.23,86039.27,0,0
2018-03-05,21:00:00,86028.27,86093.88,85664.86,86022.83,0,0
2018-03-06,15:00:00,86023.05,86912.03,86023.05,86611.86,0,0
2018-03-06,16:00:00,86628.59,86796.22,86395.2,86673.66,0,0
2018-03-06,17:00:00,86607.61,86723.25,86050.95,86059.56,0,0
2018-03-06,18:00:00,86109.62,86460.55,86058.6,86460.55,0,0
2018-03-06,19:00:00,86529.39,86577.46,86293.61,86549.92,0,0
2018-03-06,20:00:00,86567.86,86607.38,86158.4,86290.9,0,0
2018-03-06,21:00:00,86270.77,86412.72,85653.02,85653.02,0,0
2018-03-07,15:00:00,85652.91,85652.91,85196.09,85355.59,0,0
2018-03-07,16:00:00,85342.84,85488.69,84857.66,84942.52,0,0
2018-03-07,17:00:00,84923.66,84999.09,84675.79,84875.04,0,0
2018-03-07,18:00:00,84889.16,84910.97,84504.72,84504.72,0,0
2018-03-07,19:00:00,84502.51,84661.04,84396.91,84631.62,0,0
2018-03-07,20:00:00,84607.84,84886.62,84399.89,84766.05,0,0
2018-03-07,21:00:00,84779.47,85483.55,84698.38,85483.55,0,0
2018-03-08,15:00:00,85509.88,85829.53,85216.94,85389.66,0,0
2018-03-08,16:00:00,85401.19,85616.7,84969.96,85002.38,0,0
2018-03-08,17:00:00,85014.61,85024.24,84492.57,84537.75,0,0
2018-03-08,18:00:00,84525.39,84897.07,84491.49,84897.07,0,0
2018-03-08,19:00:00,84890.66,84929.36,84688.94,84834.93,0,0
2018-03-08,20:00:00,84861.6,84950.11,84535.46,84738.8,0,0
2018-03-08,21:00:00,84724.14,85248.27,84623.74,84984.61,0,0
2018-03-09,15:00:00,84987.16,85924.36,84749.29,85772.66,0,0
2018-03-09,16:00:00,85747.77,86148.23,85692.34,86148.23,0,0
2018-03-09,17:00:00,86140.65,86306.94,85937.81,86197.49,0,0
2018-03-09,18:00:00,86164.91,86388.75,86110.3,86245.3,0,0
2018-03-09,19:00:00,86270.77,86313.52,85891.42,85968.51,0,0
2018-03-09,20:00:00,85969.89,86206.52,85969.89,86073.66,0,0
2018-03-09,21:00:00,86072.2,86371.41,86012.09,86371.41,0,0
2018-03-12,15:00:00,86413.55,86936.43,86413.55,86836.09,0,0
2018-03-12,16:00:00,86842.66,87019.72,86713.27,86780.7,0,0
2018-03-12,17:00:00,86740.68,86827.68,86511.56,86528.73,0,0
2018-03-12,18:00:00,86551.63,86763.74,86550.81,86707.7,0,0
2018-03-12,19:00:00,86693.84,86873.36,86637.75,86825.84,0,0
2018-03-12,20:00:00,86801.86,86970.71,86757.13,86833.68,0,0
2018-03-12,21:00:00,86875.56,87045.75,86808.76,86900.43,0,0
2018-03-13,15:00:00,86902.49,87333.24,86902.49,87042.95,0,0
2018-03-13,16:00:00,87025.75,87150.49,86656.14,86658.01,0,0
2018-03-13,17:00:00,86612.88,86692.02,86396.23,86396.23,0,0
2018-03-13,18:00:00,86388.37,86561.45,86149.86,86508.89,0,0
2018-03-13,19:00:00,86524.51,86601.66,86182.45,86199.32,0,0
2018-03-13,20:00:00,86211.07,86513.52,86211.07,86386.98,0,0
2018-03-13,21:00:00,86399.9,86435.64,86118.93,86383.84,0,0
2018-03-14,15:00:00,86383.16,86969.99,86383.16,86473.09,0,0
2018-03-14,16:00:00,86481.66,86591.14,86179.73,86234.5,0,0
2018-03-14,17:00:00,86214.43,86251.08,85847.85,85973.88,0,0
2018-03-14,18:00:00,85963.25,85971.26,85690.88,85852.96,0,0
2018-03-14,19:00:00,85869.77,86206.14,85794.93,86131.62,0,0
2018-03-14,20:00:00,86126.58,86180.8,85867.02,86088.37,0,0
2018-03-14,21:00:00,86084.57,86148.98,85968.48,86050.96,0,0
2018-03-15,15:00:00,86050.73,86050.73,85118.19,85162.27,0,0
2018-03-15,16:00:00,85181.7,85359.18,85035.96,85357.88,0,0
2018-03-15,17:00:00,85336.09,85565.81,85236.53,85321.76,0,0
2018-03-15,18:00:00,85404.66,85457.59,85179.45,85291.29,0,0
2018-03-15,19:00:00,85242.35,85335.14,84820.27,84820.27,0,0
2018-03-15,20:00:00,84824.23,84936.98,84719.69,84899.64,0,0
2018-03-15,21:00:00,84920.59,85038.27,84904.84,84928.2,0,0
2018-03-16,15:00:00,84928.2,85405.99,84525.46,85308.23,0,0
2018-03-16,16:00:00,85302.95,85494.68,85236.3,85360.1,0,0
2018-03-16,17:00:00,85341.96,85363.8,85056.48,85167.13,0,0
2018-03-16,18:00:00,85170.09,85220.38,84913.62,85019.67,0,0
2018-03-16,19:00:00,85012.43,85070.86,84883.82,84938.7,0,0
2018-03-16,20:00:00,84962.21,85052.23,84822.39,84901.01,0,0
2018-03-16,21:00:00,84896.04,84945.51,84789.81,84886.48,0,0
2018-03-19,15:00:00,84886.15,84886.15,83951.3,84424.55,0,0
2018-03-19,16:00:00,84426.72,84678.19,84176.77,84244.54,0,0
2018-03-19,17:00:00,84185.73,84247.05,83830.62,83830.62,0,0
2018-03-19,18:00:00,83849.81,83932.81,83692.79,83789.89,0,0
2018-03-19,19:00:00,83764.48,83946.47,83677.64,83913.5,0,0
2018-03-19,20:00:00,83929.25,84016.72,83798.04,83996.44,0,0
2018-03-19,21:00:00,83977,84056.19,83822.51,83913.06,0,0
2018-03-20,15:00:00,83918.78,84393.91,83824.3,83837.18,0,0
2018-03-20,16:00:00,83849.16,84017.96,83682.05,83947.92,0,0
2018-03-20,17:00:00,83979.8,84411.65,83945.49,84245.85,0,0
2018-03-20,18:00:00,84256.08,84363.81,84162.9,84363.81,0,0
2018-03-20,19:00:00,84363.8,84388.23,84043.82,84098.3,0,0
2018-03-20,20:00:00,84091.59,84226.98,84046.63,84075.94,0,0
2018-03-20,21:00:00,84091.99,84248.99,84037.37,84163.8,0,0
2018-03-21,15:00:00,84161.39,84299.05,84080.02,84299.05,0,0
2018-03-21,16:00:00,84278.02,84705.38,84260.31,84613.87,0,0
2018-03-21,17:00:00,84588.43,84677.64,84492.34,84537.2,0,0
2018-03-21,18:00:00,84497.41,84637.49,84483.52,84637.49,0,0
2018-03-21,19:00:00,84642.8,84644.36,84515.88,84541.18,0,0
2018-03-21,20:00:00,84562.45,85145.34,84413.95,84599.97,0,0
2018-03-21,21:00:00,84593.18,85069.33,84593.18,84976.59,0,0
2018-03-22,15:00:00,84984.13,85162.26,84624.88,84899.27,0,0
2018-03-22,16:00:00,84892.31,84924.69,84479.94,84543.88,0,0
2018-03-22,17:00:00,84599.54,84643.41,84383.34,84574.3,0,0
2018-03-22,18:00:00,84527.37,84843.85,84518.34,84763.7,0,0
2018-03-22,19:00:00,84783.59,85443.23,84686.11,85379.17,0,0
2018-03-22,20:00:00,85380.15,85475.9,85032.34,85048.3,0,0
2018-03-22,21:00:00,85050.77,85135.32,84196.6,84767.88,0,0
2018-03-23,15:00:00,84766.09,84766.09,84041.53,84556.78,0,0
2018-03-23,16:00:00,84532.62,84956.1,84464.04,84956.1,0,0
2018-03-23,17:00:00,84934.95,85009.91,84329.71,84329.71,0,0
2018-03-23,18:00:00,84313.09,84411.25,84064.87,84234.26,0,0
2018-03-23,19:00:00,84241.44,85373.76,84224.05,85358.65,0,0
2018-03-23,20:00:00,85323.96,85431.6,84901.48,84901.48,0,0
2018-03-23,21:00:00,84873.49,85182.8,84330.87,84377.2,0,0
2018-03-26,16:00:00,84377.3,85552.73,84377.3,85153.15,0,0
2018-03-26,17:00:00,85125.68,85149.91,84836.44,84836.44,0,0
2018-03-26,18:00:00,84837.28,84890.31,84538.03,84686.72,0,0
2018-03-26,19:00:00,84651.39,84675.3,84356.76,84471.18,0,0
2018-03-26,20:00:00,84457.6,84732.46,84457.6,84651.55,0,0
2018-03-26,21:00:00,84685.3,84872.82,84672.91,84791.34,0,0
2018-03-26,22:00:00,84741.76,85088.23,84726.02,85087.86,0,0
2018-03-27,16:00:00,85102.68,85295.81,84769.74,84836.13,0,0
2018-03-27,17:00:00,84868.66,84893.3,84520.67,84768.18,0,0
2018-03-27,18:00:00,84773.77,85080.55,84654.15,85080.55,0,0
2018-03-27,19:00:00,85077.85,85111.51,84701.4,84921.45,0,0
2018-03-27,20:00:00,84932.54,85008.78,84617.1,84628.41,0,0
2018-03-27,21:00:00,84671.77,84671.77,84142.01,84142.01,0,0
2018-03-27,22:00:00,84133.62,84157.95,83542.05,83808.05,0,0
2018-03-28,16:00:00,83805.7,83805.7,82889.44,83309.59,0,0
2018-03-28,17:00:00,83203.66,83511.36,82917.23,83021.64,0,0
2018-03-28,18:00:00,83032.34,83313.41,83011.39,83170.98,0,0
2018-03-28,19:00:00,83131.49,83496.65,83131.49,83252.74,0,0
2018-03-28,20:00:00,83237.24,83675.48,83108.65,83548.96,0,0
2018-03-28,21:00:00,83545.8,83776.58,83397.98,83731.54,0,0
2018-03-28,22:00:00,83721.19,83889,83421.73,83874.13,0,0
2018-03-29,16:00:00,84252.3,84610.8,84252.3,84522.26,0,0
2018-03-29,17:00:00,84568.95,84956.3,84558.69,84955.23,0,0
2018-03-29,18:00:00,84942.34,85087.85,84877.06,85087.85,0,0
2018-03-29,19:00:00,85102.51,85324.23,84988.91,85287.43,0,0
2018-03-29,20:00:00,85280.54,85606.85,85190.12,85498.38,0,0
2018-03-29,21:00:00,85490.77,85657.48,85437.55,85561.37,0,0
2018-03-29,22:00:00,85550.48,85708.01,85365.56,85365.56,0,0
