Date,Time,Open,High,Low,Close,Volume,OpenInt
2017-10-23,10:00:00,5377.45,5379.29,5368.17,5374.54,0,0
2017-10-23,11:00:00,5374.35,5392.36,5372.72,5385.92,0,0
2017-10-23,12:00:00,5386.13,5404.66,5382.65,5403.57,0,0
2017-10-23,13:00:00,5408.69,5408.69,5398.62,5400.43,0,0
2017-10-23,14:00:00,5399.59,5405.29,5389.39,5390.79,0,0
2017-10-23,15:00:00,5390.78,5398.47,5389.9,5398.47,0,0
2017-10-23,16:00:00,5398.66,5407.4,5398.66,5401.25,0,0
2017-10-23,17:00:00,5400.36,5401.57,5391.96,5392.37,0,0
2017-10-23,18:00:00,5392.11,5393.95,5386.81,5386.81,0,0
2017-10-24,10:00:00,5377.86,5408.56,5377.86,5397.38,0,0
2017-10-24,11:00:00,5396.4,5400.5,5388.62,5396.57,0,0
2017-10-24,12:00:00,5397.29,5399.81,5392.08,5398.9,0,0
2017-10-24,13:00:00,5398.94,5403.87,5398.76,5400.55,0,0
2017-10-24,14:00:00,5400.57,5413.03,5399.84,5411.58,0,0
2017-10-24,15:00:00,5410,5411.9,5396.47,5397.5,0,0
2017-10-24,16:00:00,5397.23,5397.81,5385.34,5386.31,0,0
2017-10-24,17:00:00,5385.48,5400.03,5385.48,5398.45,0,0
2017-10-24,18:00:00,5397.91,5399.39,5394.8,5394.8,0,0
2017-10-25,10:00:00,5399.61,5412.38,5394.7,5407.61,0,0
2017-10-25,11:00:00,5407.82,5410.02,5392.63,5403.4,0,0
2017-10-25,12:00:00,5403.28,5410.59,5400.26,5408.27,0,0
2017-10-25,13:00:00,5407.29,5412.18,5406.25,5411.22,0,0
2017-10-25,14:00:00,5411.94,5416.32,5406.21,5407.97,0,0
2017-10-25,15:00:00,5407.89,5410.25,5403.72,5407.91,0,0
2017-10-25,16:00:00,5407.3,5407.49,5399.46,5402.69,0,0
2017-10-25,17:00:00,5402.44,5404.1,5375.54,5376.29,0,0
2017-10-25,18:00:00,5376.99,5376.99,5364.16,5374.89,0,0
2017-10-26,10:00:00,5383.44,5389.65,5375.26,5387.52,0,0
2017-10-26,11:00:00,5388.01,5392.1,5382.34,5382.7,0,0
2017-10-26,12:00:00,5382.65,5392.91,5382.34,5392.91,0,0
2017-10-26,13:00:00,5393,5406.28,5393,5404.83,0,0
2017-10-26,14:00:00,5404.79,5422.06,5404.45,5413.46,0,0
2017-10-26,15:00:00,5413.37,5426.89,5413.26,5416.39,0,0
2017-10-26,16:00:00,5415.96,5431.74,5412.47,5429.25,0,0
2017-10-26,17:00:00,5429.21,5454.38,5422.39,5447.53,0,0
2017-10-26,18:00:00,5449.2,5459.03,5448.51,5455.4,0,0
2017-10-27,10:00:00,5470.34,5497.45,5470.24,5492.49,0,0
2017-10-27,11:00:00,5490.94,5505.08,5484.19,5505.08,0,0
2017-10-27,12:00:00,5505.38,5513.53,5500.87,5509.5,0,0
2017-10-27,13:00:00,5509.74,5511.62,5497.3,5500.15,0,0
2017-10-27,14:00:00,5500.07,5500.07,5494.85,5497.43,0,0
2017-10-27,15:00:00,5497.48,5504.29,5496.5,5500.44,0,0
2017-10-27,16:00:00,5500.06,5504.13,5484.35,5498,0,0
2017-10-27,17:00:00,5498.3,5501.93,5491.11,5499.69,0,0
2017-10-27,18:00:00,5498.93,5501.89,5494.13,5494.13,0,0
2017-10-30,10:00:00,5488.33,5496.27,5487.29,5493.73,0,0
2017-10-30,11:00:00,5493.84,5503,5493.49,5497.09,0,0
2017-10-30,12:00:00,5497.3,5499.7,5493.15,5495.14,0,0
2017-10-30,13:00:00,5495.36,5496.85,5490.28,5494.23,0,0
2017-10-30,14:00:00,5494.4,5496.16,5492.68,5496.05,0,0
2017-10-30,15:00:00,5495.87,5499.72,5492.18,5494.61,0,0
2017-10-30,16:00:00,5493.83,5498.86,5492.13,5497.08,0,0
2017-10-30,17:00:00,5497.35,5507.56,5489.06,5493.47,0,0
2017-10-30,18:00:00,5494.05,5494.22,5490.24,5493.63,0,0
2017-10-31,10:00:00,5492.63,5502.25,5489.41,5491.76,0,0
2017-10-31,11:00:00,5491.9,5502.87,5490.46,5500.54,0,0
2017-10-31,12:00:00,5500.49,5504.32,5496.64,5499.35,0,0
2017-10-31,13:00:00,5499.66,5503.98,5496.24,5503.09,0,0
2017-10-31,14:00:00,5503.68,5506.43,5499.71,5500.66,0,0
2017-10-31,15:00:00,5500.44,5505.11,5498.97,5499.63,0,0
2017-10-31,16:00:00,5499.74,5502.11,5497.71,5497.89,0,0
2017-10-31,17:00:00,5497.92,5504.78,5496.74,5504.78,0,0
2017-10-31,18:00:00,5505.11,5509.44,5503.29,5503.29,0,0
2017-11-01,10:00:00,5524.38,5532.65,5520.43,5531.39,0,0
2017-11-01,11:00:00,5531.35,5535.24,5527.64,5534.3,0,0
2017-11-01,12:00:00,5536.31,5536.4,5526.27,5528.22,0,0
2017-11-01,13:00:00,5528.4,5533.7,5523.44,5527.35,0,0
2017-11-01,14:00:00,5526.44,5529.66,5523.33,5526.9,0,0
2017-11-01,15:00:00,5526.38,5533.91,5524.76,5532.62,0,0
2017-11-01,16:00:00,5532.74,5532.74,5517.77,5525.83,0,0
2017-11-01,17:00:00,5526.31,5526.93,5519.01,5521.68,0,0
2017-11-01,18:00:00,5521.37,5521.37,5514.29,5514.29,0,0
2017-11-02,10:00:00,5510.97,5520.81,5510.31,5514.74,0,0
2017-11-02,11:00:00,5514.19,5514.76,5508.41,5512.16,0,0
2017-11-02,12:00:00,5511.59,5512.48,5507.79,5507.85,0,0
2017-11-02,13:00:00,5508.3,5509.39,5504.2,5507.83,0,0
2017-11-02,14:00:00,5508.88,5508.88,5503.06,5503.06,0,0
2017-11-02,15:00:00,5502.66,5505.59,5496.66,5497.76,0,0
2017-11-02,16:00:00,5497.65,5503.03,5486.24,5500.45,0,0
2017-11-02,17:00:00,5501.76,5507.72,5491.46,5499.56,0,0
2017-11-02,18:00:00,5500.44,5510.92,5499.66,5510.5,0,0
2017-11-03,10:00:00,5513.47,5513.58,5500.97,5509.59,0,0
2017-11-03,11:00:00,5510.07,5513.57,5508.36,5510.23,0,0
2017-11-03,12:00:00,5510.24,5521.92,5509.45,5520.6,0,0
2017-11-03,13:00:00,5518.94,5518.94,5511.14,5511.44,0,0
2017-11-03,14:00:00,5511.68,5511.68,5502.45,5509.06,0,0
2017-11-03,15:00:00,5509.2,5509.2,5502.29,5503.53,0,0
2017-11-03,16:00:00,5503.03,5509.05,5498.29,5506.16,0,0
2017-11-03,17:00:00,5506.75,5511.09,5502.99,5510.51,0,0
2017-11-03,18:00:00,5509.43,5517.97,5508.68,5517.97,0,0
2017-11-06,10:00:00,5508.34,5512.34,5498.44,5499.35,0,0
2017-11-06,11:00:00,5499.77,5510.97,5492.9,5509.31,0,0
2017-11-06,12:00:00,5509.56,5511.12,5503.56,5508.08,0,0
2017-11-06,13:00:00,5508.21,5510.33,5503.64,5504.02,0,0
2017-11-06,14:00:00,5503.55,5506.67,5503.48,5506.11,0,0
2017-11-06,15:00:00,5506.22,5506.89,5502.93,5506.7,0,0
2017-11-06,16:00:00,5506.75,5512.97,5504.13,5510.47,0,0
2017-11-06,17:00:00,5511.54,5513.31,5506.32,5506.45,0,0
2017-11-06,18:00:00,5506.6,5509.35,5505.78,5507.25,0,0
2017-11-07,10:00:00,5521.75,5525.55,5510.37,5512.22,0,0
2017-11-07,11:00:00,5512.41,5513.28,5504.46,5508.74,0,0
2017-11-07,12:00:00,5508.74,5508.97,5498.68,5504.28,0,0
2017-11-07,13:00:00,5504.07,5505.88,5498.72,5502.49,0,0
2017-11-07,14:00:00,5502.14,5504.13,5499.07,5501,0,0
2017-11-07,15:00:00,5501.53,5503.31,5498.99,5500.25,0,0
2017-11-07,16:00:00,5500.47,5505.07,5497.25,5498.55,0,0
2017-11-07,17:00:00,5498.82,5504.25,5475.92,5485.74,0,0
2017-11-07,18:00:00,5485.35,5491.61,5480.64,5480.64,0,0
2017-11-08,10:00:00,5487.53,5496.08,5473.21,5477.01,0,0
2017-11-08,11:00:00,5476.52,5484.61,5469.65,5472.26,0,0
2017-11-08,12:00:00,5472.45,5472.9,5461.97,5462.08,0,0
2017-11-08,13:00:00,5462.14,5468.33,5461.48,5466.86,0,0
2017-11-08,14:00:00,5466.72,5471.99,5465.85,5468.06,0,0
2017-11-08,15:00:00,5467.99,5470.74,5465.75,5469.13,0,0
2017-11-08,16:00:00,5469.28,5470.77,5452.74,5459.04,0,0
2017-11-08,17:00:00,5459.05,5470.08,5458.51,5467.11,0,0
2017-11-08,18:00:00,5467.04,5474.44,5466.24,5471.43,0,0
2017-11-09,10:00:00,5470.18,5479.7,5457.55,5462.77,0,0
2017-11-09,11:00:00,5464.22,5476.73,5462.12,5474.46,0,0
2017-11-09,12:00:00,5473.8,5473.8,5462.37,5463.92,0,0
2017-11-09,13:00:00,5461.56,5461.56,5435.11,5440.93,0,0
2017-11-09,14:00:00,5441.09,5443.2,5431.97,5432.38,0,0
2017-11-09,15:00:00,5432.39,5432.56,5415.07,5425.89,0,0
2017-11-09,16:00:00,5426.25,5427.45,5401.43,5404.49,0,0
2017-11-09,17:00:00,5402.54,5421.55,5402.54,5416.66,0,0
2017-11-09,18:00:00,5417.23,5417.23,5407.75,5407.75,0,0
2017-11-10,10:00:00,5405.55,5415.88,5392.73,5398.68,0,0
2017-11-10,11:00:00,5399.31,5404,5382.89,5382.89,0,0
2017-11-10,12:00:00,5383.38,5394.54,5382.51,5389.36,0,0
2017-11-10,13:00:00,5389.64,5396.31,5388.58,5394.26,0,0
2017-11-10,14:00:00,5394.31,5401.82,5388.5,5397.76,0,0
2017-11-10,15:00:00,5397.78,5402.98,5394.6,5398,0,0
2017-11-10,16:00:00,5397.85,5398.93,5391.67,5393.35,0,0
2017-11-10,17:00:00,5393.34,5394.92,5375.12,5382.14,0,0
2017-11-10,18:00:00,5381.83,5384.06,5377.65,5380.72,0,0
2017-11-13,10:00:00,5382.65,5383.81,5374.49,5375.23,0,0
2017-11-13,11:00:00,5376.25,5381.43,5364.59,5370.11,0,0
2017-11-13,12:00:00,5369.99,5371.08,5361.66,5361.66,0,0
2017-11-13,13:00:00,5361.68,5363.06,5349.29,5351.66,0,0
2017-11-13,14:00:00,5351.79,5353.46,5319.84,5334.15,0,0
2017-11-13,15:00:00,5333.97,5336.71,5311.39,5311.67,0,0
2017-11-13,16:00:00,5311.42,5320.85,5301.02,5319.76,0,0
2017-11-13,17:00:00,5323.45,5343.1,5322.72,5332.41,0,0
2017-11-13,18:00:00,5334.53,5343.29,5331.37,5341.63,0,0
2017-11-14,10:00:00,5345.3,5365.6,5342.3,5364,0,0
2017-11-14,11:00:00,5363.52,5363.52,5339.62,5345.6,0,0
2017-11-14,12:00:00,5345.43,5347.27,5334.84,5338.15,0,0
2017-11-14,13:00:00,5338.28,5340.14,5329.79,5334.6,0,0
2017-11-14,14:00:00,5334.61,5334.61,5317.44,5327.37,0,0
2017-11-14,15:00:00,5326.99,5327.08,5314.07,5314.96,0,0
2017-11-14,16:00:00,5315.13,5322.51,5313.31,5314.74,0,0
2017-11-14,17:00:00,5316.09,5325.66,5301.57,5321.47,0,0
2017-11-14,18:00:00,5320.83,5326.97,5315.58,5315.58,0,0
2017-11-15,10:00:00,5301.14,5310.83,5292.82,5294.39,0,0
2017-11-15,11:00:00,5293.52,5306.82,5283.72,5290.22,0,0
2017-11-15,12:00:00,5290.35,5294.85,5279.71,5284.25,0,0
2017-11-15,13:00:00,5283.72,5288.26,5280.26,5283.37,0,0
2017-11-15,14:00:00,5283.03,5290.36,5283.03,5286.7,0,0
2017-11-15,15:00:00,5286.95,5288.7,5276.71,5279.52,0,0
2017-11-15,16:00:00,5279.1,5281.16,5267.22,5276.14,0,0
2017-11-15,17:00:00,5275.76,5306.84,5275.4,5306.84,0,0
2017-11-15,18:00:00,5306.73,5309.09,5301.25,5301.25,0,0
2017-11-16,10:00:00,5325.41,5327.26,5312.87,5325.51,0,0
2017-11-16,11:00:00,5325.31,5338.78,5323.39,5331.68,0,0
2017-11-16,12:00:00,5331.93,5344.62,5331.06,5335.4,0,0
2017-11-16,13:00:00,5335.43,5338.64,5330.23,5330.64,0,0
2017-11-16,14:00:00,5330.74,5343.52,5330.74,5342.6,0,0
2017-11-16,15:00:00,5340.29,5340.82,5332.61,5338.55,0,0
2017-11-16,16:00:00,5338.65,5344.75,5333.23,5335.86,0,0
2017-11-16,17:00:00,5335.11,5341,5333.89,5339.25,0,0
2017-11-16,18:00:00,5339.31,5340.85,5334.69,5336.39,0,0
2017-11-17,10:00:00,5333.61,5341.46,5320.2,5320.2,0,0
2017-11-17,11:00:00,5319.35,5329.46,5314.87,5323.94,0,0
2017-11-17,12:00:00,5324.09,5342.43,5320.23,5338.68,0,0
2017-11-17,13:00:00,5338.86,5346.54,5335.71,5346.54,0,0
2017-11-17,14:00:00,5346.76,5350.25,5341.7,5342.78,0,0
2017-11-17,15:00:00,5342.58,5342.58,5333.71,5334.44,0,0
2017-11-17,16:00:00,5333.51,5334.24,5304.35,5315.43,0,0
2017-11-17,17:00:00,5315.5,5332.65,5315.5,5331.36,0,0
2017-11-17,18:00:00,5331.73,5332.16,5316.66,5319.17,0,0
2017-11-20,10:00:00,5310.39,5321.55,5303.23,5312.62,0,0
2017-11-20,11:00:00,5313.71,5327.13,5312.84,5317.82,0,0
2017-11-20,12:00:00,5317.67,5335.93,5317.67,5332.7,0,0
2017-11-20,13:00:00,5332.48,5338.84,5328.75,5335.81,0,0
2017-11-20,14:00:00,5335.87,5338,5324.02,5325.45,0,0
2017-11-20,15:00:00,5325.66,5337.29,5325.56,5335.75,0,0
2017-11-20,16:00:00,5335.93,5343.85,5332.41,5343.44,0,0
2017-11-20,17:00:00,5342.24,5348.15,5336.2,5347.04,0,0
2017-11-20,18:00:00,5346.21,5346.96,5340.45,5340.45,0,0
2017-11-21,10:00:00,5336.96,5342.94,5326.86,5335.33,0,0
2017-11-21,11:00:00,5335.61,5352.61,5335.16,5349.35,0,0
2017-11-21,12:00:00,5349.4,5368.62,5349.4,5363.54,0,0
2017-11-21,13:00:00,5363.93,5366.76,5359.54,5364.68,0,0
2017-11-21,14:00:00,5366.1,5385.86,5365.38,5378.9,0,0
2017-11-21,15:00:00,5379.14,5384.82,5375.79,5380.3,0,0
2017-11-21,16:00:00,5380.37,5385.25,5374.62,5381.72,0,0
2017-11-21,17:00:00,5382.14,5382.61,5371.56,5378.8,0,0
2017-11-21,18:00:00,5378.57,5379.06,5365.19,5366.15,0,0
2017-11-22,10:00:00,5364.31,5374.29,5361.11,5365.51,0,0
2017-11-22,11:00:00,5364.49,5368.67,5356.77,5360.71,0,0
2017-11-22,12:00:00,5360.8,5368.88,5360.2,5365.06,0,0
2017-11-22,13:00:00,5364.88,5372.18,5360.78,5371.58,0,0
2017-11-22,14:00:00,5371.7,5386.41,5371.67,5385.43,0,0
2017-11-22,15:00:00,5385.46,5388.22,5380.01,5381.14,0,0
2017-11-22,16:00:00,5381.24,5391.01,5380.75,5385.07,0,0
2017-11-22,17:00:00,5386.15,5386.55,5367.38,5371.45,0,0
2017-11-22,18:00:00,5371.77,5371.98,5352.76,5352.76,0,0
2017-11-23,10:00:00,5339.76,5361.8,5330.32,5359.94,0,0
2017-11-23,11:00:00,5358.81,5369.2,5355.68,5367.25,0,0
2017-11-23,12:00:00,5367.91,5387.65,5363,5387.65,0,0
2017-11-23,13:00:00,5388.16,5391.89,5378.15,5381.34,0,0
2017-11-23,14:00:00,5381.49,5387.83,5379.96,5380.19,0,0
2017-11-23,15:00:00,5379.92,5388.24,5371.85,5385.44,0,0
2017-11-23,16:00:00,5385.57,5385.58,5377.98,5384.49,0,0
2017-11-23,17:00:00,5384.08,5387.41,5380.18,5386.02,0,0
2017-11-23,18:00:00,5385.85,5387.59,5377.96,5379.54,0,0
2017-11-24,10:00:00,5374.4,5388.53,5374.4,5385.07,0,0
2017-11-24,11:00:00,5385.38,5396.23,5385.13,5396.23,0,0
2017-11-24,12:00:00,5396.47,5407.82,5393.53,5407.24,0,0
2017-11-24,13:00:00,5407.19,5419.88,5407.19,5415.51,0,0
2017-11-24,14:00:00,5415.33,5418.84,5409.67,5415.25,0,0
2017-11-24,15:00:00,5415.04,5415.07,5398.68,5399.26,0,0
2017-11-24,16:00:00,5399.68,5407.08,5398.27,5398.88,0,0
2017-11-24,17:00:00,5398.58,5398.58,5388.54,5390.48,0,0
2017-11-24,18:00:00,5390.41,5397.59,5390.35,5390.46,0,0
2017-11-27,10:00:00,5378.96,5395.37,5365.61,5395.37,0,0
2017-11-27,11:00:00,5395.35,5408.47,5393.45,5400.59,0,0
2017-11-27,12:00:00,5400.55,5405.29,5398.36,5403.67,0,0
2017-11-27,13:00:00,5403.52,5406.78,5397.13,5397.13,0,0
2017-11-27,14:00:00,5396.98,5397.33,5368.5,5375.02,0,0
2017-11-27,15:00:00,5374.31,5382.77,5369.06,5375.35,0,0
2017-11-27,16:00:00,5375.65,5376.68,5359.39,5375.09,0,0
2017-11-27,17:00:00,5375.15,5381.15,5371.59,5379.48,0,0
2017-11-27,18:00:00,5380.18,5384.3,5360.09,5360.09,0,0
2017-11-28,10:00:00,5368.01,5384.12,5358.08,5378.06,0,0
2017-11-28,11:00:00,5378.55,5384.92,5376.31,5384.92,0,0
2017-11-28,12:00:00,5385.84,5393.45,5377.84,5390.35,0,0
2017-11-28,13:00:00,5389.94,5392.34,5386.06,5389.6,0,0
2017-11-28,14:00:00,5389.64,5392.45,5381.11,5382.51,0,0
2017-11-28,15:00:00,5382.49,5391.58,5381.8,5390.51,0,0
2017-11-28,16:00:00,5390.56,5396.77,5381.3,5383.52,0,0
2017-11-28,17:00:00,5383.76,5398.19,5383.76,5393.78,0,0
2017-11-28,18:00:00,5393.7,5396.72,5390.48,5390.48,0,0
2017-11-29,10:00:00,5416.62,5426.38,5412.26,5413.33,0,0
2017-11-29,11:00:00,5413.28,5421.67,5405.41,5416.7,0,0
2017-11-29,12:00:00,5417.32,5421.01,5415.09,5421.01,0,0
2017-11-29,13:00:00,5421.25,5429.77,5419.93,5422.88,0,0
2017-11-29,14:00:00,5421.48,5425.79,5420.55,5422.95,0,0
2017-11-29,15:00:00,5422.63,5430.75,5422.37,5429.67,0,0
2017-11-29,16:00:00,5430.22,5437.5,5428.56,5437.28,0,0
2017-11-29,17:00:00,5437.51,5441.69,5419.85,5420.77,0,0
2017-11-29,18:00:00,5420.84,5425.82,5398.05,5398.05,0,0
2017-11-30,10:00:00,5402.66,5408.28,5391.62,5402.42,0,0
2017-11-30,11:00:00,5401.94,5422.1,5401.94,5416.4,0,0
2017-11-30,12:00:00,5415.82,5429.65,5412.84,5423.41,0,0
2017-11-30,13:00:00,5423.46,5428.65,5418.37,5420.57,0,0
2017-11-30,14:00:00,5420.38,5420.38,5404.17,5412.11,0,0
2017-11-30,15:00:00,5412.1,5414.35,5409.02,5411,0,0
2017-11-30,16:00:00,5411.7,5412.24,5391.55,5396.05,0,0
2017-11-30,17:00:00,5396.08,5402.13,5382.71,5393.17,0,0
2017-11-30,18:00:00,5392.44,5395.19,5372.59,5372.79,0,0
2017-12-01,10:00:00,5374.13,5377.11,5329.81,5331.42,0,0
2017-12-01,11:00:00,5331.73,5332.05,5312.71,5330.18,0,0
2017-12-01,12:00:00,5329.89,5330.9,5299.06,5314.34,0,0
2017-12-01,13:00:00,5313.44,5326.51,5309.4,5321.79,0,0
2017-12-01,14:00:00,5322.31,5338.64,5322.31,5334.8,0,0
2017-12-01,15:00:00,5335.13,5355.93,5334.86,5355.08,0,0
2017-12-01,16:00:00,5353.84,5362.65,5348.49,5357.26,0,0
2017-12-01,17:00:00,5359.06,5378.32,5356,5370.65,0,0
2017-12-01,18:00:00,5370.84,5373.3,5315.05,5316.89,0,0
2017-12-04,10:00:00,5363.29,5370.62,5350.59,5363,0,0
2017-12-04,11:00:00,5363.52,5367.91,5357.13,5360.69,0,0
2017-12-04,12:00:00,5361.36,5370.96,5360.07,5365.27,0,0
2017-12-04,13:00:00,5365.28,5376.5,5364.29,5373.58,0,0
2017-12-04,14:00:00,5373.23,5376.38,5371.22,5374.28,0,0
2017-12-04,15:00:00,5374.32,5387.23,5373.79,5386.83,0,0
2017-12-04,16:00:00,5387.07,5400.1,5386.78,5390.4,0,0
2017-12-04,17:00:00,5390.25,5394.2,5369.54,5376.66,0,0
2017-12-04,18:00:00,5375.89,5389.29,5372.2,5389.29,0,0
2017-12-05,10:00:00,5377.8,5392.39,5377.8,5384.34,0,0
2017-12-05,11:00:00,5384.89,5386.75,5372.81,5379.13,0,0
2017-12-05,12:00:00,5378.9,5379.79,5349.79,5355.34,0,0
2017-12-05,13:00:00,5355.54,5364.63,5352.73,5364.63,0,0
2017-12-05,14:00:00,5365.13,5374.39,5359.62,5372.79,0,0
2017-12-05,15:00:00,5372.78,5392.48,5361.21,5361.21,0,0
2017-12-05,16:00:00,5360.9,5372.61,5359.83,5364.74,0,0
2017-12-05,17:00:00,5365.3,5386.12,5356.75,5386.12,0,0
2017-12-05,18:00:00,5385.66,5387.72,5375.53,5375.53,0,0
2017-12-06,10:00:00,5333.32,5344.63,5316.55,5344.63,0,0
2017-12-06,11:00:00,5346.05,5359.75,5338.26,5338.26,0,0
2017-12-06,12:00:00,5338.42,5345.34,5336.89,5342.7,0,0
2017-12-06,13:00:00,5342.48,5352.9,5340.56,5349.09,0,0
2017-12-06,14:00:00,5348.7,5351.53,5345.29,5348.31,0,0
2017-12-06,15:00:00,5348.45,5350.21,5339.28,5349.81,0,0
2017-12-06,16:00:00,5349.09,5369.62,5348.68,5368.09,0,0
2017-12-06,17:00:00,5368.94,5381.48,5366.12,5381.48,0,0
2017-12-06,18:00:00,5381.72,5381.72,5372.6,5374.35,0,0
2017-12-07,10:00:00,5376.81,5389.15,5376.22,5385.48,0,0
2017-12-07,11:00:00,5385.11,5395.21,5385.11,5388.73,0,0
2017-12-07,12:00:00,5388.88,5396.31,5383.76,5385,0,0
2017-12-07,13:00:00,5385.21,5387.68,5374.29,5377.24,0,0
2017-12-07,14:00:00,5376.35,5379.34,5371.37,5371.37,0,0
2017-12-07,15:00:00,5369.38,5372.15,5365.75,5367.9,0,0
2017-12-07,16:00:00,5367.91,5377.77,5367.11,5376.09,0,0
2017-12-07,17:00:00,5376.82,5386.59,5371.41,5385.89,0,0
2017-12-07,18:00:00,5386.88,5387.91,5376.23,5385.12,0,0
2017-12-08,10:00:00,5411.91,5420.16,5409.38,5414.22,0,0
2017-12-08,11:00:00,5414.6,5422.05,5410.97,5421.1,0,0
2017-12-08,12:00:00,5421.51,5425.57,5410.15,5411.46,0,0
2017-12-08,13:00:00,5411.53,5412.09,5405.21,5410.33,0,0
2017-12-08,14:00:00,5409.42,5411.15,5401.34,5404.87,0,0
2017-12-08,15:00:00,5404.84,5409.5,5398.77,5408.71,0,0
2017-12-08,16:00:00,5409.29,5411.37,5403.57,5407.07,0,0
2017-12-08,17:00:00,5404.19,5407.97,5393.56,5407.97,0,0
2017-12-08,18:00:00,5407.46,5407.98,5399.09,5399.09,0,0
2017-12-11,10:00:00,5408.69,5411.65,5402.56,5403.05,0,0
2017-12-11,11:00:00,5403.35,5405.2,5397.43,5398.13,0,0
2017-12-11,12:00:00,5398.19,5403.5,5395.48,5395.53,0,0
2017-12-11,13:00:00,5395.24,5399.66,5389.05,5392.68,0,0
2017-12-11,14:00:00,5391.84,5395.23,5390.65,5391.84,0,0
2017-12-11,15:00:00,5391.54,5397.95,5387.31,5397.54,0,0
2017-12-11,16:00:00,5397.63,5399.72,5392.03,5395.24,0,0
2017-12-11,17:00:00,5397.21,5398.77,5382.5,5385.21,0,0
2017-12-11,18:00:00,5385.36,5390.29,5384.87,5386.83,0,0
2017-12-12,10:00:00,5394.93,5398.92,5359.76,5363.3,0,0
2017-12-12,11:00:00,5363.57,5401.12,5363.05,5397.2,0,0
2017-12-12,12:00:00,5397.84,5399.59,5391.94,5397.17,0,0
2017-12-12,13:00:00,5399.83,5408.06,5395.49,5400.6,0,0
2017-12-12,14:00:00,5400.89,5411.43,5400.6,5410.39,0,0
2017-12-12,15:00:00,5410.18,5415.87,5410.18,5413.01,0,0
2017-12-12,16:00:00,5412.79,5412.79,5403.9,5411.68,0,0
2017-12-12,17:00:00,5412.63,5422.75,5410.84,5413.27,0,0
2017-12-12,18:00:00,5413.55,5427.19,5413.55,5427.19,0,0
2017-12-13,10:00:00,5415.32,5429.03,5412.61,5421.14,0,0
2017-12-13,11:00:00,5420.64,5427.84,5417.25,5419.13,0,0
2017-12-13,12:00:00,5419.05,5423.84,5416.23,5420.53,0,0
2017-12-13,13:00:00,5420.45,5422.01,5412.95,5412.95,0,0
2017-12-13,14:00:00,5412.67,5417.43,5410.22,5411.39,0,0
2017-12-13,15:00:00,5411.02,5415.44,5406.65,5407.38,0,0
2017-12-13,16:00:00,5407.7,5411.66,5403.94,5411.66,0,0
2017-12-13,17:00:00,5411.58,5411.7,5393.98,5399.84,0,0
2017-12-13,18:00:00,5399.69,5401.33,5397.29,5399.45,0,0
2017-12-14,10:00:00,5392,5400.06,5385.84,5393.5,0,0
2017-12-14,11:00:00,5394.02,5396.03,5383.82,5389.97,0,0
2017-12-14,12:00:00,5389.55,5390.29,5369.79,5377.21,0,0
2017-12-14,13:00:00,5376.93,5387.23,5374.74,5383.12,0,0
2017-12-14,14:00:00,5383.39,5395.88,5381.92,5381.92,0,0
2017-12-14,15:00:00,5381.73,5397.54,5379.35,5392,0,0
2017-12-14,16:00:00,5392.85,5398.72,5382.71,5392.74,0,0
2017-12-14,17:00:00,5392.68,5393.18,5378.07,5378.07,0,0
2017-12-14,18:00:00,5377.3,5379.59,5357.14,5357.14,0,0
2017-12-15,10:00:00,5340.34,5352.71,5331.5,5348.27,0,0
2017-12-15,11:00:00,5349.44,5360.87,5334,5335.45,0,0
2017-12-15,12:00:00,5334.84,5346.95,5331.85,5340.14,0,0
2017-12-15,13:00:00,5339.77,5340.74,5330.1,5334.27,0,0
2017-12-15,14:00:00,5334.3,5339.88,5330.8,5337.21,0,0
2017-12-15,15:00:00,5337.25,5351,5334.59,5343.97,0,0
2017-12-15,16:00:00,5343.9,5349.03,5335.61,5336.49,0,0
2017-12-15,17:00:00,5336.31,5343.7,5333.19,5333.43,0,0
2017-12-15,18:00:00,5333.08,5353.62,5333.08,5349.3,0,0
2017-12-18,10:00:00,5386.4,5416.51,5386.4,5414.74,0,0
2017-12-18,11:00:00,5414.37,5419.8,5408.62,5409.84,0,0
2017-12-18,12:00:00,5410.9,5414.56,5408.68,5412.4,0,0
2017-12-18,13:00:00,5412.09,5416.25,5410.63,5412.34,0,0
2017-12-18,14:00:00,5412.3,5417.23,5408.23,5412.54,0,0
2017-12-18,15:00:00,5412.76,5418.57,5412.41,5416.89,0,0
2017-12-18,16:00:00,5416.97,5421.97,5413.85,5421.21,0,0
2017-12-18,17:00:00,5421.08,5427.75,5415.92,5427.26,0,0
2017-12-18,18:00:00,5426.81,5427.52,5420.58,5420.58,0,0
2017-12-19,10:00:00,5409.65,5420.57,5409.08,5411.27,0,0
2017-12-19,11:00:00,5411.37,5419.2,5410.09,5414.86,0,0
2017-12-19,12:00:00,5415.06,5416.17,5410.14,5414.58,0,0
2017-12-19,13:00:00,5414.02,5414.56,5410.57,5413.76,0,0
2017-12-19,14:00:00,5413.88,5418.2,5413.69,5417.5,0,0
2017-12-19,15:00:00,5418.06,5418.68,5409.71,5410.23,0,0
2017-12-19,16:00:00,5410.64,5411.86,5404.93,5407.77,0,0
2017-12-19,17:00:00,5407.51,5408.17,5387.85,5391.52,0,0
2017-12-19,18:00:00,5391.74,5393.56,5380.15,5382.91,0,0
2017-12-20,10:00:00,5377.92,5382.37,5351.48,5381,0,0
2017-12-20,11:00:00,5380.57,5382.07,5367.16,5372.61,0,0
2017-12-20,12:00:00,5372.57,5376.06,5367.4,5374.32,0,0
2017-12-20,13:00:00,5373.77,5373.83,5356.52,5368.94,0,0
2017-12-20,14:00:00,5368.68,5379.47,5365.68,5368.71,0,0
2017-12-20,15:00:00,5368.12,5373.12,5366.86,5368.44,0,0
2017-12-20,16:00:00,5368.21,5370.98,5360.5,5367.47,0,0
2017-12-20,17:00:00,5368.83,5368.83,5338.03,5343.44,0,0
2017-12-20,18:00:00,5344.58,5355.09,5344.58,5352.77,0,0
2017-12-21,10:00:00,5332.39,5339,5323.54,5336.52,0,0
2017-12-21,11:00:00,5339.29,5343.95,5334.97,5342.64,0,0
2017-12-21,12:00:00,5343.5,5353.12,5341.98,5348.83,0,0
2017-12-21,13:00:00,5348.53,5357.42,5348.49,5349.63,0,0
2017-12-21,14:00:00,5350.02,5354.57,5349.54,5351.09,0,0
2017-12-21,15:00:00,5351.12,5356.9,5351.12,5355.33,0,0
2017-12-21,16:00:00,5355.72,5367.62,5354.03,5367.14,0,0
2017-12-21,17:00:00,5366.56,5389.8,5366.56,5383.41,0,0
2017-12-21,18:00:00,5383.86,5388.48,5382.47,5385.97,0,0
2017-12-22,10:00:00,5370.7,5385.96,5369.52,5371.57,0,0
2017-12-22,11:00:00,5372.91,5381.27,5372.67,5376.02,0,0
2017-12-22,12:00:00,5376.46,5377.76,5360.9,5362.23,0,0
2017-12-22,13:00:00,5362,5370.1,5360.51,5369.05,0,0
2017-12-22,14:00:00,5368.64,5368.64,5355.44,5359.42,0,0
2017-12-22,15:00:00,5360.6,5366.05,5358.96,5362.24,0,0
2017-12-22,16:00:00,5361.92,5373.2,5361.2,5373.2,0,0
2017-12-22,17:00:00,5372,5373.45,5366.22,5369.77,0,0
2017-12-22,18:00:00,5369.44,5369.44,5360.91,5364.72,0,0
2017-12-27,10:00:00,5359.82,5387.68,5359.36,5377.39,0,0
2017-12-27,11:00:00,5377.65,5377.65,5361.03,5363.7,0,0
2017-12-27,12:00:00,5363.95,5373.85,5362.75,5369.98,0,0
2017-12-27,13:00:00,5370.48,5370.7,5352.69,5357.24,0,0
2017-12-27,14:00:00,5357.78,5361.61,5355.56,5355.77,0,0
2017-12-27,15:00:00,5355.72,5369.99,5355.34,5369.79,0,0
2017-12-27,16:00:00,5369.86,5370.24,5363.21,5368.42,0,0
2017-12-27,17:00:00,5368.18,5374.93,5365.06,5372.27,0,0
2017-12-27,18:00:00,5372.43,5374.71,5368.84,5368.84,0,0
2017-12-28,10:00:00,5367.7,5370.43,5353.21,5358.28,0,0
2017-12-28,11:00:00,5358.3,5367.87,5358.3,5364.78,0,0
2017-12-28,12:00:00,5364.81,5369.73,5362.2,5362.86,0,0
2017-12-28,13:00:00,5361.86,5368.64,5361.84,5367.52,0,0
2017-12-28,14:00:00,5367.56,5368.35,5358.69,5359.46,0,0
2017-12-28,15:00:00,5359.37,5362.39,5357.06,5358.12,0,0
2017-12-28,16:00:00,5358.33,5359.49,5353.14,5359.29,0,0
2017-12-28,17:00:00,5359.82,5360.83,5352.87,5354.15,0,0
2017-12-28,18:00:00,5354.42,5354.98,5334.12,5339.42,0,0
2017-12-29,10:00:00,5336.15,5344.05,5333.21,5343.03,0,0
2017-12-29,11:00:00,5342.82,5342.82,5330.19,5335.03,0,0
2017-12-29,12:00:00,5335.16,5335.92,5328.5,5334.04,0,0
2017-12-29,13:00:00,5333.92,5334.27,5323.04,5323.04,0,0
2017-12-29,14:00:00,5321.32,5330.26,5321.23,5329.09,0,0
2017-12-29,15:00:00,5328.96,5335.86,5328.79,5334.33,0,0
2017-12-29,16:00:00,5334.56,5337.79,5327.32,5328.88,0,0
2017-12-29,17:00:00,5328.98,5330.65,5316.71,5319.55,0,0
2017-12-29,18:00:00,5319.13,5322.35,5312.56,5312.56,0,0
2018-01-02,10:00:00,5318.74,5318.74,5282.93,5289.61,0,0
2018-01-02,11:00:00,5289.78,5289.83,5258.66,5265.15,0,0
2018-01-02,12:00:00,5265.07,5273.24,5262.84,5265.65,0,0
2018-01-02,13:00:00,5265.67,5270.58,5263.32,5266.38,0,0
2018-01-02,14:00:00,5266.91,5281.66,5266.03,5277.24,0,0
2018-01-02,15:00:00,5277.3,5282.87,5274.97,5274.97,0,0
2018-01-02,16:00:00,5273.75,5283.16,5267.03,5283.16,0,0
2018-01-02,17:00:00,5284.91,5294.89,5283.82,5291.89,0,0
2018-01-02,18:00:00,5290.52,5292.67,5279.65,5288.6,0,0
2018-01-03,10:00:00,5295.31,5310.76,5295.26,5305.24,0,0
2018-01-03,11:00:00,5304.8,5311.69,5291.89,5300.74,0,0
2018-01-03,12:00:00,5300.8,5311.15,5298.55,5309.72,0,0
2018-01-03,13:00:00,5309.65,5313.95,5306.09,5309.62,0,0
2018-01-03,14:00:00,5309.51,5313.84,5305.63,5313.53,0,0
2018-01-03,15:00:00,5313.38,5317.47,5308.15,5310.65,0,0
2018-01-03,16:00:00,5310.63,5324.67,5310.63,5322.02,0,0
2018-01-03,17:00:00,5321.36,5347.63,5321.36,5336.52,0,0
2018-01-03,18:00:00,5336.32,5338.41,5331.28,5331.28,0,0
2018-01-04,10:00:00,5360.01,5376.78,5360.01,5374.49,0,0
2018-01-04,11:00:00,5374.02,5385.17,5374.02,5378.84,0,0
2018-01-04,12:00:00,5376.91,5383.65,5374.26,5383.53,0,0
2018-01-04,13:00:00,5383.44,5396.52,5382.74,5396.27,0,0
2018-01-04,14:00:00,5396.29,5401.8,5395.86,5399.79,0,0
2018-01-04,15:00:00,5400.05,5412.49,5400.05,5411.89,0,0
2018-01-04,16:00:00,5412.19,5422.88,5403.94,5409.29,0,0
2018-01-04,17:00:00,5411.38,5430.72,5407.22,5421.96,0,0
2018-01-04,18:00:00,5421.67,5422.1,5413.23,5413.69,0,0
2018-01-05,10:00:00,5424.16,5440.47,5422.78,5439.94,0,0
2018-01-05,11:00:00,5439.99,5457.36,5439.99,5456.1,0,0
2018-01-05,12:00:00,5455.51,5468.27,5452.97,5462.54,0,0
2018-01-05,13:00:00,5462.77,5462.77,5455.95,5458.13,0,0
2018-01-05,14:00:00,5458.61,5459.05,5451.79,5455.65,0,0
2018-01-05,15:00:00,5454.53,5460.08,5447.43,5458.54,0,0
2018-01-05,16:00:00,5458.29,5465.04,5451.43,5459.72,0,0
2018-01-05,17:00:00,5459.76,5459.76,5445.85,5457.63,0,0
2018-01-05,18:00:00,5457.79,5470.75,5451.98,5470.75,0,0
2018-01-08,10:00:00,5483.47,5490.99,5479.76,5486.09,0,0
2018-01-08,11:00:00,5485.59,5491.58,5484.72,5490.21,0,0
2018-01-08,12:00:00,5489.83,5494.38,5485.78,5493.58,0,0
2018-01-08,13:00:00,5493.43,5499.15,5488.05,5488.37,0,0
2018-01-08,14:00:00,5489.5,5491.01,5478.92,5485.43,0,0
2018-01-08,15:00:00,5485.53,5489.16,5480.39,5485.2,0,0
2018-01-08,16:00:00,5485.65,5493.03,5485.64,5492.64,0,0
2018-01-08,17:00:00,5493.12,5495.52,5486.68,5487.82,0,0
2018-01-08,18:00:00,5487.85,5490.39,5487.36,5487.42,0,0
2018-01-09,10:00:00,5491.91,5510.87,5491.91,5509.54,0,0
2018-01-09,11:00:00,5509.76,5517.16,5507.79,5514.02,0,0
2018-01-09,12:00:00,5513.84,5518.98,5512.86,5518.76,0,0
2018-01-09,13:00:00,5517.85,5519.64,5512.06,5519.01,0,0
2018-01-09,14:00:00,5519.67,5521.48,5509.61,5517.88,0,0
2018-01-09,15:00:00,5517.71,5524.66,5515.38,5520.85,0,0
2018-01-09,16:00:00,5521.34,5524.12,5510.36,5511.27,0,0
2018-01-09,17:00:00,5511.69,5522.24,5506.14,5518.56,0,0
2018-01-09,18:00:00,5519.59,5525.67,5519.38,5523.94,0,0
2018-01-10,10:00:00,5518.32,5526.26,5510.7,5518.28,0,0
2018-01-10,11:00:00,5517.41,5529.3,5517.41,5524.79,0,0
2018-01-10,12:00:00,5522.12,5526.27,5487.56,5491.97,0,0
2018-01-10,13:00:00,5491.78,5507.38,5491.78,5499.59,0,0
2018-01-10,14:00:00,5499.75,5507.23,5493.5,5501.14,0,0
2018-01-10,15:00:00,5501.93,5505.82,5496.9,5505.82,0,0
2018-01-10,16:00:00,5504.17,5506.56,5492.92,5492.92,0,0
2018-01-10,17:00:00,5493.07,5509.08,5492.47,5502.79,0,0
2018-01-10,18:00:00,5502.83,5507.94,5500.43,5504.68,0,0
2018-01-11,10:00:00,5515.42,5515.61,5503.83,5511.21,0,0
2018-01-11,11:00:00,5510.45,5512.6,5501.13,5509.24,0,0
2018-01-11,12:00:00,5509.26,5509.26,5496,5502.2,0,0
2018-01-11,13:00:00,5502.52,5506.83,5500.64,5505.08,0,0
2018-01-11,14:00:00,5505.8,5516.59,5502.57,5503.25,0,0
2018-01-11,15:00:00,5503.56,5504.87,5488.2,5488.2,0,0
2018-01-11,16:00:00,5488.55,5497.43,5485.1,5493.09,0,0
2018-01-11,17:00:00,5493.05,5494.27,5479.04,5493.39,0,0
2018-01-11,18:00:00,5493.44,5495.76,5488.55,5488.55,0,0
2018-01-12,10:00:00,5502.63,5503.8,5487.21,5490.76,0,0
2018-01-12,11:00:00,5492.47,5494.61,5486.09,5493.69,0,0
2018-01-12,12:00:00,5494.03,5508.36,5493.7,5506.58,0,0
2018-01-12,13:00:00,5507.15,5508.69,5503.24,5505.24,0,0
2018-01-12,14:00:00,5506.78,5510.42,5497.36,5500.03,0,0
2018-01-12,15:00:00,5499.43,5507.91,5498.23,5502.5,0,0
2018-01-12,16:00:00,5502.99,5508.05,5500.89,5504.85,0,0
2018-01-12,17:00:00,5506.21,5520.18,5504.94,5517.57,0,0
2018-01-12,18:00:00,5518.02,5518.02,5504.58,5517.06,0,0
2018-01-15,10:00:00,5515.69,5519.39,5501.41,5502.61,0,0
2018-01-15,11:00:00,5504.71,5509.18,5501.7,5508.66,0,0
2018-01-15,12:00:00,5508.47,5510.36,5504.01,5507.06,0,0
2018-01-15,13:00:00,5507.43,5515.05,5503.54,5514.21,0,0
2018-01-15,14:00:00,5514.51,5514.75,5509.88,5512.49,0,0
2018-01-15,15:00:00,5513.56,5514.43,5508.93,5513.04,0,0
2018-01-15,16:00:00,5512.76,5521.01,5512.31,5518.34,0,0
2018-01-15,17:00:00,5518.29,5525.01,5515.61,5519.35,0,0
2018-01-15,18:00:00,5515.61,5519.41,5509.69,5509.69,0,0
2018-01-16,10:00:00,5513.7,5526.09,5510.87,5514.12,0,0
2018-01-16,11:00:00,5513.76,5530.32,5511,5528.19,0,0
2018-01-16,12:00:00,5528.24,5535.64,5525.32,5535.64,0,0
2018-01-16,13:00:00,5535.5,5535.95,5520.64,5520.64,0,0
2018-01-16,14:00:00,5521.14,5524.71,5516.01,5523.28,0,0
2018-01-16,15:00:00,5524.4,5527.48,5521.54,5525.5,0,0
2018-01-16,16:00:00,5526.91,5528.51,5516.06,5520.97,0,0
2018-01-16,17:00:00,5522.09,5522.47,5508.59,5510.66,0,0
2018-01-16,18:00:00,5511.74,5513.91,5502.95,5513.82,0,0
2018-01-17,10:00:00,5496.26,5504.06,5486.99,5500.58,0,0
2018-01-17,11:00:00,5500.06,5504.92,5495.05,5501.22,0,0
2018-01-17,12:00:00,5501.42,5505.42,5494.78,5503.71,0,0
2018-01-17,13:00:00,5503.31,5513.41,5503.31,5511.92,0,0
2018-01-17,14:00:00,5512.15,5518.22,5511.21,5511.27,0,0
2018-01-17,15:00:00,5511.43,5517.12,5505.74,5516.76,0,0
2018-01-17,16:00:00,5516.6,5518.39,5488.5,5488.5,0,0
2018-01-17,17:00:00,5489.08,5501.24,5486.8,5492.31,0,0
2018-01-17,18:00:00,5492.72,5498.13,5485.02,5493.99,0,0
2018-01-18,10:00:00,5511.3,5515.16,5495.07,5498.88,0,0
2018-01-18,11:00:00,5498.4,5507.56,5498.4,5504.43,0,0
2018-01-18,12:00:00,5503.56,5506.51,5500.44,5502.64,0,0
2018-01-18,13:00:00,5502.5,5504.12,5498.6,5503.49,0,0
2018-01-18,14:00:00,5503.23,5504.64,5490.31,5493.66,0,0
2018-01-18,15:00:00,5493.83,5495.41,5485.04,5487.59,0,0
2018-01-18,16:00:00,5487.62,5496.21,5486.58,5487.54,0,0
2018-01-18,17:00:00,5487.84,5487.84,5474.11,5479.27,0,0
2018-01-18,18:00:00,5478.9,5494.83,5478.9,5494.83,0,0
2018-01-19,10:00:00,5491.3,5504.57,5490.32,5504.57,0,0
2018-01-19,11:00:00,5505.04,5524.56,5505.04,5521.09,0,0
2018-01-19,12:00:00,5521.14,5527.73,5512.78,5521.18,0,0
2018-01-19,13:00:00,5519.64,5523.96,5516.24,5516.87,0,0
2018-01-19,14:00:00,5516.67,5522.5,5516.65,5520.12,0,0
2018-01-19,15:00:00,5520.73,5520.73,5512.29,5519.57,0,0
2018-01-19,16:00:00,5519.26,5528.89,5518.67,5527.98,0,0
2018-01-19,17:00:00,5527.88,5528.6,5516.34,5520.41,0,0
2018-01-19,18:00:00,5519.63,5528.11,5512.67,5526.51,0,0
2018-01-22,10:00:00,5520.21,5525.77,5512.82,5519.05,0,0
2018-01-22,11:00:00,5519.07,5522.94,5512.27,5520.51,0,0
2018-01-22,12:00:00,5519.71,5525.22,5517.85,5523.61,0,0
2018-01-22,13:00:00,5523.92,5529.67,5523.92,5529.6,0,0
2018-01-22,14:00:00,5529.42,5540.76,5528.08,5540.51,0,0
2018-01-22,15:00:00,5540.87,5543.06,5536.98,5537.76,0,0
2018-01-22,16:00:00,5538.24,5541.13,5535.43,5538.62,0,0
2018-01-22,17:00:00,5538.72,5542.25,5530.85,5530.85,0,0
2018-01-22,18:00:00,5528.07,5541.99,5527.44,5541.99,0,0
2018-01-23,10:00:00,5563.56,5567.03,5548.11,5548.68,0,0
2018-01-23,11:00:00,5548.81,5552.5,5546.88,5550.21,0,0
2018-01-23,12:00:00,5550.49,5550.82,5545.58,5546.27,0,0
2018-01-23,13:00:00,5546.61,5546.88,5532.32,5540.7,0,0
2018-01-23,14:00:00,5540.2,5541.75,5535.17,5541.19,0,0
2018-01-23,15:00:00,5541.04,5546.54,5536.57,5537.04,0,0
2018-01-23,16:00:00,5537.3,5545.09,5524.13,5525.02,0,0
2018-01-23,17:00:00,5526.3,5536.29,5521.83,5536.29,0,0
2018-01-23,18:00:00,5536.08,5539.15,5530.38,5535.26,0,0
2018-01-24,10:00:00,5533.17,5534.42,5522.78,5525.78,0,0
2018-01-24,11:00:00,5526.33,5528.49,5521.5,5527.25,0,0
2018-01-24,12:00:00,5527.17,5538.58,5525.98,5536.76,0,0
2018-01-24,13:00:00,5536.96,5536.96,5527.07,5528.54,0,0
2018-01-24,14:00:00,5528.31,5529.84,5525.12,5525.4,0,0
2018-01-24,15:00:00,5525.36,5530.49,5521.39,5527.93,0,0
2018-01-24,16:00:00,5528,5528,5515.59,5518.75,0,0
2018-01-24,17:00:00,5519.97,5521.41,5508.4,5508.47,0,0
2018-01-24,18:00:00,5508.99,5511.78,5495.16,5495.16,0,0
2018-01-25,10:00:00,5493.81,5511.69,5493.81,5506.07,0,0
2018-01-25,11:00:00,5505.9,5517.23,5503.52,5514.4,0,0
2018-01-25,12:00:00,5514.12,5521.9,5510.37,5520.98,0,0
2018-01-25,13:00:00,5520.92,5525.76,5516.94,5516.94,0,0
2018-01-25,14:00:00,5517.65,5524.19,5517.28,5517.69,0,0
2018-01-25,15:00:00,5517.56,5524.16,5492.26,5499.89,0,0
2018-01-25,16:00:00,5500.41,5508.52,5464.58,5466.73,0,0
2018-01-25,17:00:00,5464.12,5474.44,5456.05,5472.62,0,0
2018-01-25,18:00:00,5472.46,5481.66,5472.04,5481.21,0,0
2018-01-26,10:00:00,5496.83,5527.15,5494.57,5524.64,0,0
2018-01-26,11:00:00,5525.37,5531.46,5520.63,5526.97,0,0
2018-01-26,12:00:00,5526.89,5535,5526.61,5531.81,0,0
2018-01-26,13:00:00,5531.87,5532.8,5524.1,5532.8,0,0
2018-01-26,14:00:00,5533.1,5535.1,5529.05,5534.93,0,0
2018-01-26,15:00:00,5534.7,5539.49,5531.33,5536.74,0,0
2018-01-26,16:00:00,5536.76,5537.2,5529.82,5532.54,0,0
2018-01-26,17:00:00,5532.66,5535.65,5526.86,5526.93,0,0
2018-01-26,18:00:00,5527.23,5531.02,5524.44,5529.15,0,0
2018-01-29,10:00:00,5534.14,5537.53,5526.11,5526.35,0,0
2018-01-29,11:00:00,5526.49,5535.75,5520.75,5525.7,0,0
2018-01-29,12:00:00,5524.79,5526.85,5521.93,5526.44,0,0
2018-01-29,13:00:00,5526.84,5534.22,5525.01,5534.07,0,0
2018-01-29,14:00:00,5534.11,5534.51,5529.92,5531.27,0,0
2018-01-29,15:00:00,5531.41,5534.93,5529.66,5532.74,0,0
2018-01-29,16:00:00,5532.85,5535.68,5529.02,5535.47,0,0
2018-01-29,17:00:00,5537.27,5537.27,5518.4,5524.01,0,0
2018-01-29,18:00:00,5524.12,5525.01,5519.81,5521.59,0,0
2018-01-30,10:00:00,5493.93,5516.72,5493.56,5507.18,0,0
2018-01-30,11:00:00,5506.62,5518.94,5503.65,5516.37,0,0
2018-01-30,12:00:00,5516.5,5516.5,5501.94,5504.52,0,0
2018-01-30,13:00:00,5504.33,5507.96,5494.42,5494.73,0,0
2018-01-30,14:00:00,5493.95,5499.42,5491.83,5494.64,0,0
2018-01-30,15:00:00,5495.27,5503.09,5488.3,5488.3,0,0
2018-01-30,16:00:00,5488.41,5488.41,5473.67,5473.67,0,0
2018-01-30,17:00:00,5473.87,5480.11,5464.85,5479.73,0,0
2018-01-30,18:00:00,5478.66,5484.32,5473.78,5473.78,0,0
2018-01-31,10:00:00,5483.51,5495.26,5482.97,5490.13,0,0
2018-01-31,11:00:00,5490.17,5491.13,5481.11,5484.67,0,0
2018-01-31,12:00:00,5484.75,5488.9,5480.42,5487.61,0,0
2018-01-31,13:00:00,5487.53,5491.41,5479.13,5482.55,0,0
2018-01-31,14:00:00,5482.15,5495.7,5481.35,5494.78,0,0
2018-01-31,15:00:00,5494.95,5496.78,5485.74,5485.8,0,0
2018-01-31,16:00:00,5485.59,5490.74,5480.26,5482.88,0,0
2018-01-31,17:00:00,5482.69,5482.69,5471.18,5472,0,0
2018-01-31,18:00:00,5473.04,5482.39,5471.71,5481.93,0,0
2018-02-01,10:00:00,5510.59,5529.4,5507,5519.26,0,0
2018-02-01,11:00:00,5519.94,5523.26,5501.53,5501.53,0,0
2018-02-01,12:00:00,5497.11,5509.33,5495.26,5505.85,0,0
2018-02-01,13:00:00,5505.24,5507.04,5499.92,5503.8,0,0
2018-02-01,14:00:00,5503.56,5503.56,5490.99,5494.1,0,0
2018-02-01,15:00:00,5494.04,5494.04,5453.88,5453.88,0,0
2018-02-01,16:00:00,5452.81,5462.32,5433.21,5461.35,0,0
2018-02-01,17:00:00,5460.69,5463.93,5442.04,5448.6,0,0
2018-02-01,18:00:00,5449.86,5454.99,5444.27,5454.55,0,0
2018-02-02,10:00:00,5433.16,5437.26,5406.19,5406.19,0,0
2018-02-02,11:00:00,5407.91,5412.72,5388.46,5389.58,0,0
2018-02-02,12:00:00,5389.26,5396.05,5376.07,5386.53,0,0
2018-02-02,13:00:00,5386.32,5391.1,5382.62,5388.7,0,0
2018-02-02,14:00:00,5388.92,5397.23,5387.23,5394.63,0,0
2018-02-02,15:00:00,5394.73,5404.5,5385.95,5402.32,0,0
2018-02-02,16:00:00,5401.53,5403.17,5384.35,5388.24,0,0
2018-02-02,17:00:00,5388.57,5388.57,5368.99,5378.95,0,0
2018-02-02,18:00:00,5378.75,5378.75,5364.98,5364.98,0,0
2018-02-05,10:00:00,5316.76,5321.16,5303.11,5320.93,0,0
2018-02-05,11:00:00,5321.47,5332.77,5314.79,5318.48,0,0
2018-02-05,12:00:00,5318.79,5327.04,5310.83,5315.56,0,0
2018-02-05,13:00:00,5316.26,5316.45,5299.58,5302.8,0,0
2018-02-05,14:00:00,5303.56,5303.56,5284.49,5288.87,0,0
2018-02-05,15:00:00,5288.19,5300.17,5284.89,5300.17,0,0
2018-02-05,16:00:00,5300.42,5300.73,5285.29,5288.88,0,0
2018-02-05,17:00:00,5288.12,5315.13,5283.27,5293.58,0,0
2018-02-05,18:00:00,5295.28,5297.99,5285.83,5285.83,0,0
2018-02-06,10:00:00,5104.28,5216.71,5101.15,5207.38,0,0
2018-02-06,11:00:00,5206.82,5220.8,5186.19,5192.83,0,0
2018-02-06,12:00:00,5192.93,5198.61,5166.39,5188.78,0,0
2018-02-06,13:00:00,5188.97,5192.17,5150.18,5150.18,0,0
2018-02-06,14:00:00,5149.52,5167.53,5135.64,5151.52,0,0
2018-02-06,15:00:00,5149.38,5155.35,5132.81,5151.66,0,0
2018-02-06,16:00:00,5151.73,5224.39,5138.35,5206.43,0,0
2018-02-06,17:00:00,5208.77,5226.13,5166.85,5190.75,0,0
2018-02-06,18:00:00,5187.56,5193.52,5159.03,5161.81,0,0
2018-02-07,10:00:00,5208.11,5208.11,5170.3,5186.35,0,0
2018-02-07,11:00:00,5187.34,5197.87,5175.27,5189.35,0,0
2018-02-07,12:00:00,5189.12,5207.1,5186.25,5186.25,0,0
2018-02-07,13:00:00,5185.98,5188.13,5169.4,5184.82,0,0
2018-02-07,14:00:00,5184.28,5199,5181.65,5198.55,0,0
2018-02-07,15:00:00,5198.83,5203.07,5190.27,5192.87,0,0
2018-02-07,16:00:00,5193.26,5239.14,5190.42,5237.25,0,0
2018-02-07,17:00:00,5233.11,5261.31,5230.61,5261.31,0,0
2018-02-07,18:00:00,5261.88,5267.88,5255.62,5255.9,0,0
2018-02-08,10:00:00,5229.78,5248.44,5229.78,5234.5,0,0
2018-02-08,11:00:00,5234.66,5246.07,5223.87,5224.47,0,0
2018-02-08,12:00:00,5222.9,5226.41,5207.87,5209.11,0,0
2018-02-08,13:00:00,5209.6,5213.45,5193.56,5203.16,0,0
2018-02-08,14:00:00,5202.95,5219.07,5200.54,5216.25,0,0
2018-02-08,15:00:00,5215.54,5227.86,5211.57,5220.18,0,0
2018-02-08,16:00:00,5220.57,5225.78,5202.64,5206.57,0,0
2018-02-08,17:00:00,5206.04,5213,5156.5,5168.02,0,0
2018-02-08,18:00:00,5168.11,5178,5129.52,5151.68,0,0
2018-02-09,10:00:00,5133.46,5155.87,5119.69,5148.38,0,0
2018-02-09,11:00:00,5146.85,5149.54,5125.55,5128.51,0,0
2018-02-09,12:00:00,5128.37,5143.91,5121.91,5127.06,0,0
2018-02-09,13:00:00,5128.19,5129.75,5074.77,5090.01,0,0
2018-02-09,14:00:00,5091.86,5095.66,5057.87,5077.37,0,0
2018-02-09,15:00:00,5077.84,5123.49,5062.92,5117.91,0,0
2018-02-09,16:00:00,5119.58,5132.57,5096.63,5127.38,0,0
2018-02-09,17:00:00,5124.24,5127.2,5055.65,5065.93,0,0
2018-02-09,18:00:00,5071.04,5083.1,5057.45,5079.21,0,0
2018-02-12,10:00:00,5130.4,5161.26,5113.82,5157.06,0,0
2018-02-12,11:00:00,5156.11,5163.99,5149.12,5162.38,0,0
2018-02-12,12:00:00,5162.1,5162.39,5147.84,5157.39,0,0
2018-02-12,13:00:00,5156.63,5159.23,5144.02,5144.49,0,0
2018-02-12,14:00:00,5145.14,5150.28,5141.2,5143.72,0,0
2018-02-12,15:00:00,5144.35,5158.07,5140.61,5145.52,0,0
2018-02-12,16:00:00,5145.22,5165.75,5132.52,5140.28,0,0
2018-02-12,17:00:00,5140.71,5158.33,5134.58,5158.33,0,0
2018-02-12,18:00:00,5158.34,5162.93,5140.06,5140.06,0,0
2018-02-13,10:00:00,5136.09,5155.22,5116.17,5130.45,0,0
2018-02-13,11:00:00,5133.24,5144.17,5123.25,5127.49,0,0
2018-02-13,12:00:00,5130.23,5133.56,5119.61,5131.16,0,0
2018-02-13,13:00:00,5131.67,5131.67,5111.95,5121.63,0,0
2018-02-13,14:00:00,5121.49,5131.66,5118.07,5129.49,0,0
2018-02-13,15:00:00,5130,5143.94,5128.47,5132.92,0,0
2018-02-13,16:00:00,5132.86,5133.89,5117.18,5120.24,0,0
2018-02-13,17:00:00,5121,5136.11,5119.19,5132.06,0,0
2018-02-13,18:00:00,5132.1,5132.1,5109.24,5109.24,0,0
2018-02-14,10:00:00,5137.57,5145.25,5128.62,5145.25,0,0
2018-02-14,11:00:00,5146.18,5151.34,5136.43,5138.15,0,0
2018-02-14,12:00:00,5138.36,5146.88,5133.11,5138.28,0,0
2018-02-14,13:00:00,5137.08,5153.06,5135.51,5151.54,0,0
2018-02-14,14:00:00,5152.63,5157.8,5147.92,5147.92,0,0
2018-02-14,15:00:00,5148.29,5154.37,5081.62,5120.9,0,0
2018-02-14,16:00:00,5121.13,5151.58,5113.74,5145.86,0,0
2018-02-14,17:00:00,5144.22,5188.14,5144.22,5170.38,0,0
2018-02-14,18:00:00,5169.08,5178.41,5165.26,5165.26,0,0
2018-02-15,10:00:00,5211.71,5235.15,5209.2,5231.98,0,0
2018-02-15,11:00:00,5232,5249.1,5225.08,5247.36,0,0
2018-02-15,12:00:00,5247.54,5255.08,5236.6,5238.46,0,0
2018-02-15,13:00:00,5238.22,5242.18,5233.38,5237.37,0,0
2018-02-15,14:00:00,5238.04,5242.55,5228.79,5235.99,0,0
2018-02-15,15:00:00,5236.15,5241.53,5230.69,5239.11,0,0
2018-02-15,16:00:00,5239.54,5242.71,5225.18,5234.89,0,0
2018-02-15,17:00:00,5235.91,5235.91,5209.71,5209.71,0,0
2018-02-15,18:00:00,5206.43,5224.65,5204.44,5222.52,0,0
2018-02-16,10:00:00,5249.42,5268.21,5245.8,5264.84,0,0
2018-02-16,11:00:00,5264.45,5276.89,5261.44,5273.64,0,0
2018-02-16,12:00:00,5273.76,5274.65,5247.28,5263.3,0,0
2018-02-16,13:00:00,5259.32,5270.35,5258.31,5263.6,0,0
2018-02-16,14:00:00,5261.84,5277.53,5261.84,5275.7,0,0
2018-02-16,15:00:00,5275.93,5275.93,5268.28,5273.63,0,0
2018-02-16,16:00:00,5272.92,5279.42,5264.2,5267.25,0,0
2018-02-16,17:00:00,5267.89,5281.47,5263.38,5279.99,0,0
2018-02-16,18:00:00,5280.35,5290.78,5280.35,5281.58,0,0
2018-02-19,10:00:00,5295.33,5297.37,5282.56,5284.29,0,0
2018-02-19,11:00:00,5284.57,5284.96,5273.59,5278.94,0,0
2018-02-19,12:00:00,5278.05,5282.01,5272.12,5275.84,0,0
2018-02-19,13:00:00,5275.88,5281.95,5272.54,5273.23,0,0
2018-02-19,14:00:00,5273.27,5274.49,5268.08,5271.39,0,0
2018-02-19,15:00:00,5272.15,5276.11,5265.84,5274.05,0,0
2018-02-19,16:00:00,5274.42,5274.58,5266.2,5268.32,0,0
2018-02-19,17:00:00,5267.63,5267.63,5253.66,5253.66,0,0
2018-02-19,18:00:00,5252.45,5258.99,5250.47,5255.99,0,0
2018-02-20,10:00:00,5257.17,5275.19,5257.17,5273.31,0,0
2018-02-20,11:00:00,5273.19,5275.92,5255.82,5255.82,0,0
2018-02-20,12:00:00,5255.8,5269.32,5249.85,5268.74,0,0
2018-02-20,13:00:00,5268.34,5268.56,5252.18,5258.99,0,0
2018-02-20,14:00:00,5258.94,5266.61,5258.94,5266.01,0,0
2018-02-20,15:00:00,5265.62,5272.08,5259.91,5268.15,0,0
2018-02-20,16:00:00,5268.53,5291.81,5266.97,5277.41,0,0
2018-02-20,17:00:00,5277.61,5285.2,5266.1,5278.45,0,0
2018-02-20,18:00:00,5278.75,5291.74,5277.95,5289.86,0,0
2018-02-21,10:00:00,5272.93,5280.43,5260.28,5270.5,0,0
2018-02-21,11:00:00,5271.76,5277.77,5259.84,5261.17,0,0
2018-02-21,12:00:00,5261.31,5272.62,5255.77,5272.49,0,0
2018-02-21,13:00:00,5271.09,5277.15,5263.53,5277.15,0,0
2018-02-21,14:00:00,5277.45,5278.29,5269.7,5270.35,0,0
2018-02-21,15:00:00,5270.23,5281.05,5269.33,5278.2,0,0
2018-02-21,16:00:00,5278.23,5296.36,5278.23,5291.28,0,0
2018-02-21,17:00:00,5291.6,5303.81,5286.03,5299.52,0,0
2018-02-21,18:00:00,5299.58,5302.57,5294.2,5302.17,0,0
2018-02-22,10:00:00,5272.43,5280.67,5257.28,5258.9,0,0
2018-02-22,11:00:00,5259.47,5274.84,5253.2,5273.26,0,0
2018-02-22,12:00:00,5275.54,5290.43,5274.36,5284.41,0,0
2018-02-22,13:00:00,5283.99,5283.99,5274.96,5275.02,0,0
2018-02-22,14:00:00,5274.99,5290.41,5274.99,5282.77,0,0
2018-02-22,15:00:00,5282.55,5294.44,5275.05,5290.69,0,0
2018-02-22,16:00:00,5288.21,5298.51,5275.21,5279.13,0,0
2018-02-22,17:00:00,5280.62,5290.02,5267.65,5285.19,0,0
2018-02-22,18:00:00,5285.01,5319.44,5285.01,5309.23,0,0
2018-02-23,10:00:00,5312.3,5313.54,5300.04,5300.92,0,0
2018-02-23,11:00:00,5301.23,5314.22,5300.5,5309.83,0,0
2018-02-23,12:00:00,5310.84,5312.17,5292.7,5295.06,0,0
2018-02-23,13:00:00,5296.07,5303.22,5295.07,5302.87,0,0
2018-02-23,14:00:00,5303.02,5311.04,5302.12,5306.46,0,0
2018-02-23,15:00:00,5306.28,5316.22,5306.28,5313.4,0,0
2018-02-23,16:00:00,5313.42,5315.92,5308.01,5311.91,0,0
2018-02-23,17:00:00,5313.03,5314.55,5301.51,5312.27,0,0
2018-02-23,18:00:00,5312.75,5319.84,5312.75,5317.37,0,0
2018-02-26,10:00:00,5343.57,5355.51,5338.93,5352.49,0,0
2018-02-26,11:00:00,5352.35,5355.66,5343.33,5343.46,0,0
2018-02-26,12:00:00,5343.41,5351.04,5342.81,5347.45,0,0
2018-02-26,13:00:00,5347.51,5348.44,5341.32,5344.02,0,0
2018-02-26,14:00:00,5344.27,5350.5,5342.58,5350.27,0,0
2018-02-26,15:00:00,5350.35,5354.49,5346.17,5352.98,0,0
2018-02-26,16:00:00,5353.01,5357.36,5339.52,5340.75,0,0
2018-02-26,17:00:00,5340.21,5340.22,5329.51,5338.98,0,0
2018-02-26,18:00:00,5340.43,5354.19,5337.44,5344.26,0,0
2018-02-27,10:00:00,5358.57,5362.59,5345.66,5347.59,0,0
2018-02-27,11:00:00,5348.4,5353.19,5342.43,5351.52,0,0
2018-02-27,12:00:00,5351.82,5354.1,5340.57,5340.57,0,0
2018-02-27,13:00:00,5339.44,5344.69,5329.94,5340.43,0,0
2018-02-27,14:00:00,5341.65,5346.28,5341.31,5342.78,0,0
2018-02-27,15:00:00,5341.92,5344.27,5334.25,5343.4,0,0
2018-02-27,16:00:00,5346.13,5351.77,5344.4,5345.21,0,0
2018-02-27,17:00:00,5344.78,5363.52,5337.16,5338.45,0,0
2018-02-27,18:00:00,5338.3,5343.93,5334.03,5343.93,0,0
2018-02-28,10:00:00,5321.5,5334.79,5316.15,5321.39,0,0
2018-02-28,11:00:00,5321.34,5335.05,5321.34,5333.44,0,0
2018-02-28,12:00:00,5333.46,5333.46,5316.78,5319,0,0
2018-02-28,13:00:00,5318.98,5327.69,5315.87,5315.99,0,0
2018-02-28,14:00:00,5315.65,5326.02,5315.15,5325.81,0,0
2018-02-28,15:00:00,5326.32,5335.47,5325.96,5334.16,0,0
2018-02-28,16:00:00,5335.3,5352.47,5335.3,5352.46,0,0
2018-02-28,17:00:00,5352.59,5357.06,5331.94,5332.74,0,0
2018-02-28,18:00:00,5332.52,5332.52,5312.62,5320.49,0,0
2018-03-01,10:00:00,5303.01,5315.77,5288.96,5304.4,0,0
2018-03-01,11:00:00,5303.5,5303.5,5261.45,5261.61,0,0
2018-03-01,12:00:00,5261.82,5270.13,5255.2,5267.66,0,0
2018-03-01,13:00:00,5268.35,5274.38,5252.71,5260.03,0,0
2018-03-01,14:00:00,5259.03,5269.48,5257.87,5265.01,0,0
2018-03-01,15:00:00,5265.11,5278.78,5259.75,5278.08,0,0
2018-03-01,16:00:00,5278.32,5281.48,5242.87,5250.32,0,0
2018-03-01,17:00:00,5249.28,5289.07,5246.2,5263.03,0,0
2018-03-01,18:00:00,5263.24,5268.02,5254.2,5262.56,0,0
2018-03-02,10:00:00,5223.14,5226.11,5194.58,5194.58,0,0
2018-03-02,11:00:00,5195.05,5198.54,5173.41,5174.73,0,0
2018-03-02,12:00:00,5174.54,5178.01,5162.86,5172.14,0,0
2018-03-02,13:00:00,5171.94,5176.42,5159.92,5173.22,0,0
2018-03-02,14:00:00,5173.47,5175.13,5154.3,5155.36,0,0
2018-03-02,15:00:00,5155.29,5171.9,5151.65,5168.64,0,0
2018-03-02,16:00:00,5167.86,5167.86,5142.26,5152.44,0,0
2018-03-02,17:00:00,5151.59,5156.43,5132.69,5132.69,0,0
2018-03-02,18:00:00,5131.6,5136.58,5126.28,5136.58,0,0
2018-03-05,10:00:00,5116.39,5159.88,5115.94,5150.58,0,0
2018-03-05,11:00:00,5150.59,5163.35,5136.93,5157.02,0,0
2018-03-05,12:00:00,5155.53,5163.21,5147.79,5161,0,0
2018-03-05,13:00:00,5160.51,5161.79,5148.48,5149.83,0,0
2018-03-05,14:00:00,5149.79,5150.3,5139.16,5139.17,0,0
2018-03-05,15:00:00,5139.64,5155.57,5137.45,5137.45,0,0
2018-03-05,16:00:00,5137.87,5149.27,5130.48,5144.57,0,0
2018-03-05,17:00:00,5145.19,5159.74,5134.04,5159.34,0,0
2018-03-05,18:00:00,5159.93,5176.52,5158.36,5167.23,0,0
2018-03-06,10:00:00,5203.11,5206,5190.85,5194.47,0,0
2018-03-06,11:00:00,5194.42,5210.86,5194.42,5205.02,0,0
2018-03-06,12:00:00,5205.39,5208.93,5197.76,5205.79,0,0
2018-03-06,13:00:00,5205.63,5216.6,5200.2,5208.13,0,0
2018-03-06,14:00:00,5208.34,5209.33,5198.82,5203.03,0,0
2018-03-06,15:00:00,5202.99,5210.74,5196.62,5196.79,0,0
2018-03-06,16:00:00,5195.42,5197.76,5183.72,5190.65,0,0
2018-03-06,17:00:00,5189.93,5199.05,5180.81,5181.3,0,0
2018-03-06,18:00:00,5182.24,5184.99,5170.14,5170.23,0,0
2018-03-07,10:00:00,5151.69,5163.91,5138.81,5149.2,0,0
2018-03-07,11:00:00,5148.01,5158.25,5144.06,5148.65,0,0
2018-03-07,12:00:00,5148.97,5160.36,5145.3,5145.92,0,0
2018-03-07,13:00:00,5145.94,5148.46,5134.51,5148.46,0,0
2018-03-07,14:00:00,5148.78,5169.67,5148.78,5162.04,0,0
2018-03-07,15:00:00,5162.03,5171.5,5155.94,5167.24,0,0
2018-03-07,16:00:00,5167.44,5175.46,5158.42,5165.26,0,0
2018-03-07,17:00:00,5161.98,5201.3,5157.51,5199.99,0,0
2018-03-07,18:00:00,5199.83,5202.38,5182.66,5187.83,0,0
2018-03-08,10:00:00,5186.28,5204.29,5186.28,5201.21,0,0
2018-03-08,11:00:00,5202.15,5219.15,5197.79,5198.78,0,0
2018-03-08,12:00:00,5198.33,5202.81,5196.21,5199.21,0,0
2018-03-08,13:00:00,5198.96,5206.62,5195.16,5206.3,0,0
2018-03-08,14:00:00,5207.09,5213.76,5200.5,5208.39,0,0
2018-03-08,15:00:00,5208.27,5220.33,5204.17,5218.23,0,0
2018-03-08,16:00:00,5220.23,5253.75,5220.23,5243.18,0,0
2018-03-08,17:00:00,5243.62,5255.43,5239.6,5252.61,0,0
2018-03-08,18:00:00,5252.62,5264.36,5250.96,5254.1,0,0
2018-03-09,10:00:00,5243.09,5259.02,5241.51,5252.04,0,0
2018-03-09,11:00:00,5252.19,5252.53,5242.75,5246.61,0,0
2018-03-09,12:00:00,5247.27,5261.9,5243.16,5261.38,0,0
2018-03-09,13:00:00,5261.77,5261.77,5252.85,5253.68,0,0
2018-03-09,14:00:00,5253.35,5262.48,5252.53,5252.81,0,0
2018-03-09,15:00:00,5252.79,5293.08,5249.38,5288.91,0,0
2018-03-09,16:00:00,5289.17,5292.66,5263.39,5267.42,0,0
2018-03-09,17:00:00,5268.2,5275.46,5260.67,5268.42,0,0
2018-03-09,18:00:00,5268.55,5274.4,5265.11,5274.4,0,0
2018-03-12,10:00:00,5297.83,5302.42,5278.31,5280.73,0,0
2018-03-12,11:00:00,5280.54,5290.65,5280.54,5284.89,0,0
2018-03-12,12:00:00,5285.37,5290.18,5279.34,5289.76,0,0
2018-03-12,13:00:00,5290.55,5292.57,5284.63,5290.62,0,0
2018-03-12,14:00:00,5290.51,5290.52,5274.33,5279.25,0,0
2018-03-12,15:00:00,5279.21,5289.69,5275.31,5280.68,0,0
2018-03-12,16:00:00,5281.9,5286.1,5273.23,5273.9,0,0
2018-03-12,17:00:00,5273.31,5275.34,5258.11,5274.05,0,0
2018-03-12,18:00:00,5274.64,5278.08,5273.97,5276.71,0,0
2018-03-13,10:00:00,5284.84,5300.64,5278.8,5300.39,0,0
2018-03-13,11:00:00,5300.67,5311.66,5300.02,5300.02,0,0
2018-03-13,12:00:00,5300.07,5302.31,5296.12,5301.66,0,0
2018-03-13,13:00:00,5301.09,5301.09,5292.16,5295.02,0,0
2018-03-13,14:00:00,5294.67,5300.41,5276.41,5288.16,0,0
2018-03-13,15:00:00,5287.85,5288.98,5271.67,5271.67,0,0
2018-03-13,16:00:00,5271.41,5282.81,5266.92,5270.26,0,0
2018-03-13,17:00:00,5268.77,5268.82,5239.09,5242.59,0,0
2018-03-13,18:00:00,5241.11,5242.79,5225.27,5242.79,0,0
2018-03-14,10:00:00,5237.75,5257.55,5232.99,5247.02,0,0
2018-03-14,11:00:00,5247.15,5259.71,5247.15,5259.71,0,0
2018-03-14,12:00:00,5259.46,5265.14,5254.19,5254.19,0,0
2018-03-14,13:00:00,5254.49,5265.01,5254.49,5262.45,0,0
2018-03-14,14:00:00,5262.14,5266.36,5252.33,5261.18,0,0
2018-03-14,15:00:00,5261.09,5272.72,5248.86,5249.51,0,0
2018-03-14,16:00:00,5249.9,5257.06,5230.84,5232.43,0,0
2018-03-14,17:00:00,5232.17,5241.38,5224.31,5233.18,0,0
2018-03-14,18:00:00,5234.31,5239.3,5224.71,5233.36,0,0
2018-03-15,10:00:00,5252.22,5254.81,5242.89,5249.73,0,0
2018-03-15,11:00:00,5249.93,5265.23,5246.77,5256.21,0,0
2018-03-15,12:00:00,5256.11,5256.11,5239.55,5239.86,0,0
2018-03-15,13:00:00,5239.95,5254.25,5236.3,5250.63,0,0
2018-03-15,14:00:00,5250.3,5250.3,5235.94,5244,0,0
2018-03-15,15:00:00,5244.1,5253.48,5242.03,5249.77,0,0
2018-03-15,16:00:00,5249.54,5262.96,5249.28,5261.53,0,0
2018-03-15,17:00:00,5262.07,5272.46,5262.04,5269.22,0,0
2018-03-15,18:00:00,5270.25,5272.9,5267.26,5267.26,0,0
2018-03-16,10:00:00,5258.59,5280.78,5258.51,5272.75,0,0
2018-03-16,11:00:00,5270.39,5273.85,5259.87,5263.97,0,0
2018-03-16,12:00:00,5263.85,5285.13,5263.08,5284.04,0,0
2018-03-16,13:00:00,5280.23,5283.57,5268.71,5270.16,0,0
2018-03-16,14:00:00,5269.6,5273.97,5266.54,5269.51,0,0
2018-03-16,15:00:00,5269.36,5277.32,5263.22,5275.82,0,0
2018-03-16,16:00:00,5276.91,5299.23,5276.91,5295.97,0,0
2018-03-16,17:00:00,5295.95,5299.21,5284.75,5286.13,0,0
2018-03-16,18:00:00,5286.17,5293.2,5282.71,5282.75,0,0
2018-03-19,10:00:00,5263.77,5265.44,5228.63,5236.35,0,0
2018-03-19,11:00:00,5236.15,5250.41,5234.5,5249.97,0,0
2018-03-19,12:00:00,5250.4,5252.1,5239.34,5245.27,0,0
2018-03-19,13:00:00,5245.32,5253.15,5243.33,5251.77,0,0
2018-03-19,14:00:00,5252.03,5259.81,5247.24,5256.23,0,0
2018-03-19,15:00:00,5256.08,5258.56,5248,5256.31,0,0
2018-03-19,16:00:00,5255.4,5256.6,5240.12,5244.04,0,0
2018-03-19,17:00:00,5242.87,5245.55,5216.42,5218.07,0,0
2018-03-19,18:00:00,5218.99,5222.84,5214.19,5222.84,0,0
2018-03-20,10:00:00,5232.12,5244.45,5222.21,5227.55,0,0
2018-03-20,11:00:00,5227.48,5228.68,5208.51,5218.42,0,0
2018-03-20,12:00:00,5219.06,5237.59,5219.06,5236.14,0,0
2018-03-20,13:00:00,5233.83,5243.93,5233.12,5241.72,0,0
2018-03-20,14:00:00,5242.72,5243.97,5233.38,5236.82,0,0
2018-03-20,15:00:00,5236.89,5238.85,5219.88,5227.8,0,0
2018-03-20,16:00:00,5227.56,5241.67,5220.51,5240.19,0,0
2018-03-20,17:00:00,5242.39,5251.55,5235.21,5245.11,0,0
2018-03-20,18:00:00,5245.06,5254.16,5241.58,5252.43,0,0
2018-03-21,10:00:00,5252.78,5257.24,5240.95,5244.31,0,0
2018-03-21,11:00:00,5243.9,5246.01,5231.87,5235.34,0,0
2018-03-21,12:00:00,5235.5,5253.29,5233.48,5247.39,0,0
2018-03-21,13:00:00,5246.51,5250.82,5235.61,5235.98,0,0
2018-03-21,14:00:00,5236.23,5239.2,5226.44,5229.13,0,0
2018-03-21,15:00:00,5228.48,5229.99,5221.64,5225,0,0
2018-03-21,16:00:00,5224.86,5230.08,5220.26,5224.23,0,0
2018-03-21,17:00:00,5223.84,5243.81,5221.49,5240.25,0,0
2018-03-21,18:00:00,5239.57,5242.14,5237,5239.74,0,0
2018-03-22,10:00:00,5202.18,5231.17,5197.29,5229.15,0,0
2018-03-22,11:00:00,5229.19,5229.19,5181.26,5188.87,0,0
2018-03-22,12:00:00,5189.22,5193.93,5173.56,5180.01,0,0
2018-03-22,13:00:00,5180.18,5185.1,5177.38,5177.38,0,0
2018-03-22,14:00:00,5178.08,5181.73,5150.97,5156.71,0,0
2018-03-22,15:00:00,5156.58,5161.01,5139.29,5152.26,0,0
2018-03-22,16:00:00,5150.97,5158.95,5124.24,5127.23,0,0
2018-03-22,17:00:00,5130.29,5141.36,5119.53,5127.96,0,0
2018-03-22,18:00:00,5126.42,5167.21,5119.29,5167.21,0,0
2018-03-23,10:00:00,5115.82,5121.97,5085.14,5087.85,0,0
2018-03-23,11:00:00,5089.68,5095.66,5059.67,5067.93,0,0
2018-03-23,12:00:00,5068.44,5096.03,5066.35,5096.03,0,0
2018-03-23,13:00:00,5095.86,5097.9,5084.15,5090.28,0,0
2018-03-23,14:00:00,5090.91,5108.83,5090.91,5096.27,0,0
2018-03-23,15:00:00,5096.21,5128.71,5096.21,5110.67,0,0
2018-03-23,16:00:00,5113.91,5119.38,5104.26,5118.92,0,0
2018-03-23,17:00:00,5118.53,5119.75,5075.72,5076.65,0,0
2018-03-23,18:00:00,5076.44,5104.64,5076.44,5095.22,0,0
2018-03-26,10:00:00,5105.67,5114.37,5097.31,5109.32,0,0
2018-03-26,11:00:00,5109.62,5121.58,5103.76,5106.46,0,0
2018-03-26,12:00:00,5106.97,5116.5,5101.2,5110.92,0,0
2018-03-26,13:00:00,5111.12,5116.18,5106.53,5115.59,0,0
2018-03-26,14:00:00,5115.6,5118.32,5108.9,5118.25,0,0
2018-03-26,15:00:00,5117.28,5126.99,5113.38,5116.24,0,0
2018-03-26,16:00:00,5115.74,5117.15,5100.57,5100.57,0,0
2018-03-26,17:00:00,5099.43,5102.84,5052.61,5061.55,0,0
2018-03-26,18:00:00,5061.4,5070.39,5054.1,5066.28,0,0
2018-03-27,10:00:00,5141.4,5147.49,5121.27,5124.68,0,0
2018-03-27,11:00:00,5124.74,5135.49,5120.43,5133.12,0,0
2018-03-27,12:00:00,5132.99,5149.05,5132.99,5149.05,0,0
2018-03-27,13:00:00,5147.81,5147.81,5129.53,5129.53,0,0
2018-03-27,14:00:00,5127,5140.31,5127,5132.88,0,0
2018-03-27,15:00:00,5132.37,5140,5130.01,5132.29,0,0
2018-03-27,16:00:00,5132.62,5135.44,5106.06,5118.06,0,0
2018-03-27,17:00:00,5118.1,5123.62,5102.81,5106.88,0,0
2018-03-27,18:00:00,5104.84,5115.74,5100.21,5115.74,0,0
2018-03-28,10:00:00,5073.42,5086.89,5045.26,5047.24,0,0
2018-03-28,11:00:00,5046.68,5061.69,5038.12,5042.34,0,0
2018-03-28,12:00:00,5043.49,5064.9,5042.96,5054.97,0,0
2018-03-28,13:00:00,5055.21,5072.73,5054.71,5072.73,0,0
2018-03-28,14:00:00,5072.57,5083.4,5070.52,5082.09,0,0
2018-03-28,15:00:00,5082.54,5099.42,5082.54,5089.87,0,0
2018-03-28,16:00:00,5089.98,5115.75,5084.56,5114.81,0,0
2018-03-28,17:00:00,5118.1,5122.49,5091.14,5103.39,0,0
2018-03-28,18:00:00,5104.79,5130.44,5104.63,5130.44,0,0
2018-03-29,10:00:00,5152.03,5160.71,5134.75,5145.09,0,0
2018-03-29,11:00:00,5145.2,5155.58,5138.64,5152.1,0,0
2018-03-29,12:00:00,5150.9,5169.29,5150.9,5166.32,0,0
2018-03-29,13:00:00,5165.73,5166.89,5157.02,5157.02,0,0
2018-03-29,14:00:00,5156.48,5163.74,5156.31,5161.76,0,0
2018-03-29,15:00:00,5162.1,5172.01,5157.63,5168.88,0,0
2018-03-29,16:00:00,5168.57,5181.59,5165.21,5167.45,0,0
2018-03-29,17:00:00,5168.68,5191.52,5165.03,5191.32,0,0
2018-03-29,18:00:00,5193.12,5194.98,5167.3,5167.3,0,0
