Date,Time,Open,High,Low,Close,Volume,OpenInt
2017-10-20,10:00:00,1206.73,1208.58,1206.73,1207.44,18412289,0
2017-10-20,11:00:00,1207.57,1208.2,1205.18,1205.18,9861885,0
2017-10-20,12:00:00,1205.16,1207.38,1205.06,1206.71,12067391,0
2017-10-20,13:00:00,1206.31,1206.63,1205.33,1206.6,6950368,0
2017-10-20,14:00:00,1206.37,1206.9,1205.78,1205.84,9276460,0
2017-10-20,15:00:00,1205.96,1205.97,1204.03,1204.03,6710319,0
2017-10-20,16:00:00,1203.92,1204.65,1202.4,1203.13,9268585,0
2017-10-20,17:00:00,1202.63,1203.62,1199.9,1200.46,12978823,0
2017-10-20,18:00:00,1200.89,1202.54,1200.89,1202.54,34404659,0
2017-10-23,10:00:00,1204.01,1204.35,1201.26,1202.04,13539920,0
2017-10-23,11:00:00,1202.16,1206.43,1201.58,1205.71,8670131,0
2017-10-23,12:00:00,1205.43,1208.24,1204.77,1207.98,8598138,0
2017-10-23,13:00:00,1208.5,1208.5,1207.07,1207.97,6164414,0
2017-10-23,14:00:00,1207.49,1208.04,1203.28,1203.69,8707738,0
2017-10-23,15:00:00,1203.55,1204.69,1202.97,1204.55,6290932,0
2017-10-23,16:00:00,1204.68,1205.05,1203.73,1203.73,7130350,0
2017-10-23,17:00:00,1203.43,1204.05,1202.93,1203.33,9082622,0
2017-10-23,18:00:00,1203.31,1203.81,1203.29,1203.54,26071843,0
2017-10-24,10:00:00,1203.22,1205.81,1202.86,1203.61,19851537,0
2017-10-24,11:00:00,1203.38,1206.05,1202.21,1205.99,13194698,0
2017-10-24,12:00:00,1206.02,1206.38,1204.9,1205.44,10425193,0
2017-10-24,13:00:00,1205.51,1206.19,1204.99,1205.11,8407681,0
2017-10-24,14:00:00,1205.14,1207.09,1205.03,1207.09,8861520,0
2017-10-24,15:00:00,1207.11,1207.11,1204.28,1204.64,11296728,0
2017-10-24,16:00:00,1204.56,1204.97,1203.17,1203.17,10603511,0
2017-10-24,17:00:00,1203.29,1205.28,1203.29,1205.24,13769389,0
2017-10-24,18:00:00,1205.2,1205.44,1204.31,1204.31,35280984,0
2017-10-25,10:00:00,1203.15,1206.32,1202.78,1205.51,16583523,0
2017-10-25,11:00:00,1205.4,1205.69,1201.65,1203.38,12202693,0
2017-10-25,12:00:00,1203.52,1204.89,1202.74,1204.54,11244915,0
2017-10-25,13:00:00,1204.07,1205.2,1203.91,1204.49,8897457,0
2017-10-25,14:00:00,1204.65,1205.06,1203.28,1203.72,8424418,0
2017-10-25,15:00:00,1203.45,1204.68,1203.39,1204.68,7872102,0
2017-10-25,16:00:00,1204.7,1204.7,1203.04,1203.93,10658490,0
2017-10-25,17:00:00,1203.57,1204.08,1198.96,1199.65,16287394,0
2017-10-25,18:00:00,1199.74,1199.74,1197.27,1198.89,38027566,0
2017-10-26,10:00:00,1200.3,1201.61,1198.79,1201.32,24302702,0
2017-10-26,11:00:00,1202,1202.43,1201.34,1201.58,12670558,0
2017-10-26,12:00:00,1201.96,1203.09,1201.63,1202.61,10172840,0
2017-10-26,13:00:00,1202.94,1204.04,1202.49,1203.51,9310657,0
2017-10-26,14:00:00,1203.41,1206.47,1203.33,1205.55,11200239,0
2017-10-26,15:00:00,1205.38,1207.53,1205.38,1205.92,12313840,0
2017-10-26,16:00:00,1206.12,1209.8,1205.79,1209.61,11722037,0
2017-10-26,17:00:00,1209.96,1215.34,1207.46,1213.5,20465750,0
2017-10-26,18:00:00,1214.09,1216.59,1213.59,1215.78,39836201,0
2017-10-27,10:00:00,1220.25,1225.35,1220.25,1224.48,24315284,0
2017-10-27,11:00:00,1223.97,1224.6,1222.83,1224.52,15124989,0
2017-10-27,12:00:00,1225.07,1225.96,1224.36,1225.67,12792372,0
2017-10-27,13:00:00,1225.36,1225.61,1223.87,1224.47,10477135,0
2017-10-27,14:00:00,1224.38,1224.87,1224.22,1224.71,10970877,0
2017-10-27,15:00:00,1224.58,1225.59,1224.42,1225.1,10702993,0
2017-10-27,16:00:00,1224.96,1225.83,1222.47,1224.04,14741920,0
2017-10-27,17:00:00,1224.2,1224.33,1222.93,1223.6,12864923,0
2017-10-27,18:00:00,1223.42,1224.77,1223.12,1224.01,35703576,0
2017-10-30,10:00:00,1224.59,1225.82,1224.5,1225.59,15833430,0
2017-10-30,11:00:00,1225.48,1226.61,1225.46,1225.78,9531708,0
2017-10-30,12:00:00,1225.81,1225.99,1224.95,1225.28,7388758,0
2017-10-30,13:00:00,1225.4,1226.68,1225.4,1226.32,5226099,0
2017-10-30,14:00:00,1226.47,1226.89,1226.28,1226.89,5690039,0
2017-10-30,15:00:00,1226.86,1227.01,1225.73,1226.06,7052614,0
2017-10-30,16:00:00,1226.17,1227.01,1225.94,1226.37,9800874,0
2017-10-30,17:00:00,1226.35,1227.82,1225.13,1225.98,10527401,0
2017-10-30,18:00:00,1225.97,1225.97,1224.78,1225.58,38302073,0
2017-11-01,10:00:00,1227.66,1239.49,1227.66,1239.49,36344046,0
2017-11-01,11:00:00,1240.28,1243.5,1239.81,1243.5,17202542,0
2017-11-01,12:00:00,1244.36,1244.36,1243.33,1244.1,13096534,0
2017-11-01,13:00:00,1243.91,1246.15,1243.76,1245.24,10754272,0
2017-11-01,14:00:00,1245.15,1246.77,1245.15,1246.27,9614900,0
2017-11-01,15:00:00,1246.08,1247.16,1245.9,1246.77,10915475,0
2017-11-01,16:00:00,1246.66,1246.66,1244.32,1245.16,12585438,0
2017-11-01,17:00:00,1245.32,1246.15,1244.79,1245.86,14619748,0
2017-11-01,18:00:00,1245.82,1246.27,1245.08,1245.08,49446901,0
2017-11-02,10:00:00,1243.79,1245.46,1243.38,1243.81,23778416,0
2017-11-02,11:00:00,1243.74,1244.29,1243.19,1243.93,12832857,0
2017-11-02,12:00:00,1244.26,1244.26,1243.37,1243.39,11381431,0
2017-11-02,13:00:00,1243.31,1243.64,1242.76,1243.44,8547378,0
2017-11-02,14:00:00,1243.19,1244.35,1243.17,1244.24,9271213,0
2017-11-02,15:00:00,1244.09,1244.66,1242.93,1243.29,10285528,0
2017-11-02,16:00:00,1243.14,1243.14,1240.37,1242.33,16740645,0
2017-11-02,17:00:00,1242.3,1243.03,1240.28,1241.71,12991795,0
2017-11-02,18:00:00,1241.52,1243.16,1241.42,1242.91,35622688,0
2017-11-03,10:00:00,1245.39,1248.56,1245.21,1247.82,18245652,0
2017-11-03,11:00:00,1247.99,1248.55,1247.39,1247.39,13216079,0
2017-11-03,12:00:00,1247.38,1248.46,1246.61,1248.18,14144684,0
2017-11-03,13:00:00,1247.95,1247.95,1246.83,1246.84,9087362,0
2017-11-03,14:00:00,1246.87,1246.87,1245.07,1246.41,12749684,0
2017-11-03,15:00:00,1246.75,1246.75,1244.28,1244.39,10760280,0
2017-11-03,16:00:00,1244.11,1245.61,1243.44,1245.61,11577285,0
2017-11-03,17:00:00,1245.97,1246.94,1245.42,1246.83,11787411,0
2017-11-03,18:00:00,1246.95,1247.3,1246.56,1246.85,27342184,0
2017-11-06,10:00:00,1245.57,1246.42,1244.4,1245.33,24241968,0
2017-11-06,11:00:00,1245.31,1246.16,1244.66,1245.8,12878171,0
2017-11-06,12:00:00,1245.79,1245.79,1243.7,1244.35,10125122,0
2017-11-06,13:00:00,1244.25,1244.75,1244.01,1244.28,7169673,0
2017-11-06,14:00:00,1244.25,1245.18,1244.21,1245.12,8381548,0
2017-11-06,15:00:00,1244.98,1245.43,1244.61,1245.37,8527841,0
2017-11-06,16:00:00,1245.45,1246.39,1245.27,1246.36,11215367,0
2017-11-06,17:00:00,1246.45,1247.09,1245.52,1246.4,12378397,0
2017-11-06,18:00:00,1246.15,1246.75,1245.83,1246.2,34296114,0
2017-11-07,10:00:00,1250.61,1250.61,1247.5,1247.75,26227154,0
2017-11-07,11:00:00,1247.73,1248.9,1246.38,1247.7,12801460,0
2017-11-07,12:00:00,1247.98,1247.98,1245.43,1246.85,10488429,0
2017-11-07,13:00:00,1247.21,1247.26,1245.35,1245.88,8287966,0
2017-11-07,14:00:00,1245.89,1245.98,1244.49,1245.18,8193378,0
2017-11-07,15:00:00,1245.38,1245.83,1244.72,1245.12,7260197,0
2017-11-07,16:00:00,1244.9,1246.39,1244.57,1245.4,12221982,0
2017-11-07,17:00:00,1245.44,1245.59,1237.97,1239.87,17110112,0
2017-11-07,18:00:00,1239.56,1241.33,1238.82,1238.82,38698434,0
2017-11-08,10:00:00,1239.32,1242.82,1238.59,1239.32,26955679,0
2017-11-08,11:00:00,1238.72,1240.33,1238.52,1238.52,16637194,0
2017-11-08,12:00:00,1238.69,1239.04,1236.98,1237.27,10598801,0
2017-11-08,13:00:00,1236.84,1237.2,1236.02,1237.15,8951040,0
2017-11-08,14:00:00,1237.18,1238.31,1237.18,1238.31,8599206,0
2017-11-08,15:00:00,1238.1,1239.38,1237.63,1238.85,9515031,0
2017-11-08,16:00:00,1238.92,1239.09,1235.47,1236.11,14612446,0
2017-11-08,17:00:00,1236.05,1238.47,1236.05,1238.46,17906866,0
2017-11-08,18:00:00,1238.47,1239.77,1238.47,1238.83,42554416,0
2017-11-09,13:00:00,1234.9,1235.32,1228.33,1228.84,83005862,0
2017-11-09,14:00:00,1228.92,1228.92,1226.6,1227.01,13336953,0
2017-11-09,15:00:00,1226.8,1227.63,1225.42,1225.74,14983819,0
2017-11-09,16:00:00,1225.79,1226.06,1219.72,1220.74,18771981,0
2017-11-09,17:00:00,1220.35,1224.22,1220.35,1222.06,19858018,0
2017-11-09,18:00:00,1222.67,1222.67,1219.84,1220.39,49005751,0
2017-11-10,10:00:00,1222.95,1223.07,1219.51,1220.03,26124534,0
2017-11-10,11:00:00,1219.88,1220.73,1216.49,1216.72,16420575,0
2017-11-10,12:00:00,1216.38,1219.16,1216.38,1218.94,11105882,0
2017-11-10,13:00:00,1219.37,1221.21,1219.37,1220.36,9700673,0
2017-11-10,14:00:00,1220.47,1220.98,1218.83,1220.76,10107013,0
2017-11-10,15:00:00,1220.54,1221.41,1219.92,1220.32,14030662,0
2017-11-10,16:00:00,1220.26,1220.6,1217.94,1218.84,14260063,0
2017-11-10,17:00:00,1218.75,1219.33,1215.2,1215.2,18022254,0
2017-11-10,18:00:00,1216.64,1217.27,1215.88,1216.77,56416036,0
2017-11-13,10:00:00,1218.44,1219.62,1216.32,1216.61,23640234,0
2017-11-13,11:00:00,1216.91,1217.42,1214.09,1215.69,16088993,0
2017-11-13,12:00:00,1215.72,1215.79,1213.24,1213.24,10332402,0
2017-11-13,13:00:00,1213.12,1213.17,1208.66,1209.75,11687263,0
2017-11-13,14:00:00,1209.48,1209.48,1204.03,1206.52,13576660,0
2017-11-13,15:00:00,1206.66,1206.87,1203.77,1203.96,11787410,0
2017-11-13,16:00:00,1203.92,1207.06,1201.11,1207.06,16254537,0
2017-11-13,17:00:00,1208.08,1211.57,1208.03,1208.98,17692924,0
2017-11-13,18:00:00,1209.83,1212.4,1209.48,1210.89,37386779,0
2017-11-14,10:00:00,1213.55,1217.34,1213.15,1216.56,24625314,0
2017-11-14,11:00:00,1216.34,1216.34,1212.09,1213.55,13754527,0
2017-11-14,12:00:00,1213.32,1213.89,1212.19,1213.27,11070880,0
2017-11-14,13:00:00,1213.19,1213.75,1212.21,1212.98,9074914,0
2017-11-14,14:00:00,1212.97,1212.97,1209.46,1211.33,9478214,0
2017-11-14,15:00:00,1211.14,1211.16,1209.43,1209.43,7971659,0
2017-11-14,16:00:00,1209.65,1211.17,1208.84,1210.24,11223301,0
2017-11-14,17:00:00,1210.5,1211.36,1206.65,1210.93,16979120,0
2017-11-14,18:00:00,1210.78,1211.11,1209.12,1209.12,34241721,0
2017-11-15,10:00:00,1203.86,1203.86,1199.2,1199.42,29085533,0
2017-11-15,11:00:00,1199.13,1201.69,1195.57,1196.91,17970357,0
2017-11-15,12:00:00,1196.85,1197.58,1192.14,1192.73,19721697,0
2017-11-15,13:00:00,1192.43,1194.21,1191.86,1193.86,14908646,0
2017-11-15,14:00:00,1193.27,1196.23,1193.27,1195.97,17199792,0
2017-11-15,15:00:00,1195.85,1196.55,1193.33,1193.99,12997290,0
2017-11-15,16:00:00,1193.8,1194.85,1192.05,1194.07,15715179,0
2017-11-15,17:00:00,1194.3,1200.85,1194.3,1200.85,21161399,0
2017-11-15,18:00:00,1201.29,1203.44,1200.59,1201.89,42177579,0
2017-11-16,10:00:00,1205.36,1208.35,1205.19,1208.07,23718325,0
2017-11-16,11:00:00,1208.13,1210.74,1208,1209.15,16120256,0
2017-11-16,12:00:00,1209.21,1210.32,1208.95,1209.47,13971525,0
2017-11-16,13:00:00,1209.5,1209.67,1207.9,1208.15,9912934,0
2017-11-16,14:00:00,1208.18,1209.52,1208.11,1209.35,8293333,0
2017-11-16,15:00:00,1209.38,1210.15,1208.76,1209.58,9475020,0
2017-11-16,16:00:00,1209.64,1210.99,1208.71,1209.09,12842386,0
2017-11-16,17:00:00,1209.08,1211.15,1209.08,1210.59,14159150,0
2017-11-16,18:00:00,1210.58,1211.15,1210.02,1210.49,39202956,0
2017-11-17,10:00:00,1211.89,1213.41,1209.72,1209.72,20719890,0
2017-11-17,11:00:00,1209.04,1210.7,1207.98,1209.54,11816930,0
2017-11-17,12:00:00,1209.4,1211.25,1208.14,1210.91,12165875,0
2017-11-17,13:00:00,1211.18,1212.06,1210.03,1211.88,8803502,0
2017-11-17,14:00:00,1211.77,1213.8,1211.6,1213.18,13037288,0
2017-11-17,15:00:00,1213.36,1213.36,1210.89,1211.21,8488055,0
2017-11-17,16:00:00,1211.25,1211.25,1206.46,1208.83,13488362,0
2017-11-17,17:00:00,1209.08,1210.33,1208.45,1209.86,12086371,0
2017-11-17,18:00:00,1209.87,1209.87,1206.73,1206.75,40661028,0
2017-11-20,10:00:00,1201.63,1205.25,1201.33,1204.83,20616271,0
2017-11-20,11:00:00,1204.39,1207.26,1203.2,1204.6,11684175,0
2017-11-20,12:00:00,1204.64,1210.45,1204.64,1209.24,14294897,0
2017-11-20,13:00:00,1209.46,1211.23,1208.7,1210.18,8703618,0
2017-11-20,14:00:00,1210.25,1210.37,1207.56,1207.75,9315520,0
2017-11-20,15:00:00,1207.97,1211.05,1207.97,1211.05,9810622,0
2017-11-20,16:00:00,1211.13,1213.16,1210.87,1212.51,11681991,0
2017-11-20,17:00:00,1214.61,1215.31,1213.14,1215.16,13678045,0
2017-11-20,18:00:00,1214.94,1215.09,1213.49,1213.5,32576809,0
2017-11-21,10:00:00,1212.5,1214.12,1210.97,1211.76,21374202,0
2017-11-21,11:00:00,1212.4,1216.49,1211.97,1216.05,13592510,0
2017-11-21,12:00:00,1216.35,1220.3,1216.35,1219.43,14752673,0
2017-11-21,13:00:00,1220.18,1221.06,1219.14,1221.06,8599093,0
2017-11-21,14:00:00,1221.45,1224.59,1220.85,1223.87,10751106,0
2017-11-21,15:00:00,1223.7,1225.58,1223.7,1225.58,9336591,0
2017-11-21,16:00:00,1225.35,1227.14,1224.86,1226.11,12406079,0
2017-11-21,17:00:00,1226.33,1226.33,1224.37,1226.03,14954953,0
2017-11-21,18:00:00,1226.15,1226.2,1223.72,1223.97,39976805,0
2017-11-22,10:00:00,1224.42,1225.89,1222.71,1222.74,19157845,0
2017-11-22,11:00:00,1222.62,1223.16,1220.17,1222.02,10285399,0
2017-11-22,12:00:00,1221.65,1221.65,1219.5,1219.8,10011211,0
2017-11-22,13:00:00,1220.04,1221.04,1219.31,1220.44,7139291,0
2017-11-22,14:00:00,1220.86,1223.99,1220.86,1223.99,6923374,0
2017-11-22,15:00:00,1223.64,1223.88,1221.86,1222,7121341,0
2017-11-22,16:00:00,1221.95,1222.86,1220.58,1220.62,8875541,0
2017-11-22,17:00:00,1220.58,1220.77,1214.5,1215.83,15258256,0
2017-11-22,18:00:00,1215.7,1215.7,1210.96,1211.13,34943574,0
2017-11-23,10:00:00,1205.9,1209.18,1202.55,1208.54,21739953,0
2017-11-23,11:00:00,1208.23,1210.45,1207.31,1209.46,10634584,0
2017-11-23,12:00:00,1209.65,1213.19,1208.47,1213.16,10885043,0
2017-11-23,13:00:00,1214.37,1214.37,1209.81,1211.39,8714953,0
2017-11-23,14:00:00,1211.09,1211.09,1209.56,1209.56,6182760,0
2017-11-23,15:00:00,1209.64,1211.82,1207.35,1211.82,7719466,0
2017-11-23,16:00:00,1211.57,1211.74,1210.05,1211.47,8522129,0
2017-11-23,17:00:00,1211.44,1212.72,1210.39,1211.28,9421058,0
2017-11-23,18:00:00,1211.51,1212.04,1210.31,1211.24,22717096,0
2017-11-24,10:00:00,1211.56,1212.84,1208.87,1210.19,13812057,0
2017-11-24,11:00:00,1210.55,1212.81,1210.55,1212.36,8713875,0
2017-11-24,12:00:00,1212.76,1215.02,1211.44,1213.89,7881812,0
2017-11-24,13:00:00,1214.03,1220.3,1213.72,1219.82,7957638,0
2017-11-24,14:00:00,1220.28,1223.27,1219.82,1221.4,9788817,0
2017-11-24,15:00:00,1221.44,1221.9,1216.32,1216.32,7078153,0
2017-11-24,16:00:00,1216.95,1218.82,1216.63,1217.2,8556954,0
2017-11-24,17:00:00,1217.08,1217.08,1214.4,1214.77,8417166,0
2017-11-24,18:00:00,1214.75,1217.85,1214.75,1215.38,22220097,0
2017-11-27,10:00:00,1213.34,1216.92,1210.54,1216.6,13595145,0
2017-11-27,11:00:00,1217.43,1219.4,1216.25,1216.33,10231306,0
2017-11-27,12:00:00,1216.53,1216.8,1214.45,1216.8,7057576,0
2017-11-27,13:00:00,1217.45,1219.34,1217.45,1217.53,5913677,0
2017-11-27,14:00:00,1217.07,1217.07,1211.92,1213.6,7820026,0
2017-11-27,15:00:00,1213.61,1215.44,1212.57,1212.82,6426196,0
2017-11-27,16:00:00,1212.53,1214.13,1209.71,1213.83,10738769,0
2017-11-27,17:00:00,1213.33,1214.91,1212.21,1214.67,9514544,0
2017-11-27,18:00:00,1214.57,1214.79,1209.73,1210.08,28566767,0
2017-11-28,10:00:00,1212.12,1214.47,1207.62,1212.22,17857978,0
2017-11-28,11:00:00,1212.03,1213.64,1210.96,1213.39,9895545,0
2017-11-28,12:00:00,1213.49,1215.48,1210.63,1214.06,10420708,0
2017-11-28,13:00:00,1213.71,1214.06,1212.5,1213.72,6514542,0
2017-11-28,14:00:00,1213.77,1214.52,1212.19,1212.65,6879566,0
2017-11-28,15:00:00,1212.72,1214.22,1212.34,1214.22,7438323,0
2017-11-28,16:00:00,1214.43,1215.1,1212.37,1213.02,9511276,0
2017-11-28,17:00:00,1213.46,1216.08,1213.46,1215.06,11048992,0
2017-11-28,18:00:00,1214.93,1215.63,1214.61,1215.5,26806595,0
2017-11-29,10:00:00,1220.67,1226.69,1220.67,1224.33,24060511,0
2017-11-29,11:00:00,1223.96,1224.8,1222.41,1223.51,14161509,0
2017-11-29,12:00:00,1223.55,1225.19,1223.15,1225.07,9173121,0
2017-11-29,13:00:00,1225.57,1227.09,1225.44,1226.03,7289590,0
2017-11-29,14:00:00,1225.8,1226.48,1224.87,1225.17,6897311,0
2017-11-29,15:00:00,1225.18,1226.81,1224.52,1226.17,9161276,0
2017-11-29,16:00:00,1226.41,1226.8,1225.91,1226.8,10289118,0
2017-11-29,17:00:00,1226.6,1227.14,1220.1,1220.3,18373150,0
2017-11-29,18:00:00,1219.78,1220.43,1213.31,1215.38,42255682,0
2017-11-30,10:00:00,1215.46,1218.9,1213.38,1217.93,21177692,0
2017-11-30,11:00:00,1217.94,1222.74,1217.94,1221.8,13874992,0
2017-11-30,12:00:00,1221.42,1224.42,1221.42,1224.11,10949371,0
2017-11-30,13:00:00,1223.51,1225.06,1223.51,1223.98,9486830,0
2017-11-30,14:00:00,1223.96,1223.96,1218.7,1221.3,9730951,0
2017-11-30,15:00:00,1221.51,1222.29,1220.44,1220.46,8184471,0
2017-11-30,16:00:00,1220.66,1221.38,1217.16,1217.96,13302270,0
2017-11-30,17:00:00,1218.19,1218.62,1215.87,1217.9,16218016,0
2017-11-30,18:00:00,1217.87,1219.19,1214.16,1214.16,116764160,0
2017-12-01,10:00:00,1216.08,1217.33,1204.26,1204.85,24399479,0
2017-12-01,11:00:00,1204.4,1204.4,1200.86,1203.61,17876726,0
2017-12-01,12:00:00,1203.79,1203.96,1195.48,1197.78,18480429,0
2017-12-01,13:00:00,1197.72,1202.38,1197.17,1202.04,11611903,0
2017-12-01,14:00:00,1201.79,1205.32,1201.79,1205.24,8100784,0
2017-12-01,15:00:00,1205.28,1209.33,1205.28,1207.61,10262730,0
2017-12-01,16:00:00,1207.74,1209.8,1205.93,1207.91,10758930,0
2017-12-01,17:00:00,1208.09,1213.51,1207.97,1212.3,13913386,0
2017-12-01,18:00:00,1211.45,1212.38,1199.58,1199.59,43301619,0
2017-12-04,10:00:00,1200.9,1214.59,1200.9,1211.98,18088322,0
2017-12-04,11:00:00,1213.51,1214.8,1211.51,1211.97,9499408,0
2017-12-04,12:00:00,1211.82,1214.14,1211.82,1213.46,7640880,0
2017-12-04,13:00:00,1213.26,1214.78,1213.19,1214.35,7260225,0
2017-12-04,14:00:00,1214.15,1215.93,1213.66,1215.51,7545338,0
2017-12-04,15:00:00,1215.52,1217.8,1215.14,1217.8,8623782,0
2017-12-04,16:00:00,1218,1221.3,1218,1218.16,13982453,0
2017-12-04,17:00:00,1218.3,1219.18,1211.93,1212.67,16331695,0
2017-12-04,18:00:00,1213.44,1216.26,1212.83,1216.26,36723646,0
2017-12-05,10:00:00,1217.15,1219.33,1216.55,1216.97,17137122,0
2017-12-05,11:00:00,1217.24,1217.63,1213.66,1215.06,10835802,0
2017-12-05,12:00:00,1214.91,1215.36,1207.46,1209.24,10446738,0
2017-12-05,13:00:00,1209.02,1211.92,1207.73,1211.53,7775330,0
2017-12-05,14:00:00,1211.64,1213.71,1210.08,1213.07,7029688,0
2017-12-05,15:00:00,1213.26,1214.06,1211.16,1211.27,7488525,0
2017-12-05,16:00:00,1210.59,1213.26,1210.59,1212.19,12477129,0
2017-12-05,17:00:00,1212.23,1217.19,1210.65,1217.19,15079411,0
2017-12-05,18:00:00,1217.32,1218.04,1215.68,1215.68,36694907,0
2017-12-06,10:00:00,1212.17,1212.17,1199.69,1204.71,22745952,0
2017-12-06,11:00:00,1205.65,1207.14,1203.49,1203.49,11812177,0
2017-12-06,12:00:00,1203.35,1205.02,1202.62,1204.17,9352092,0
2017-12-06,13:00:00,1204.11,1206.39,1203.86,1205.39,8291560,0
2017-12-06,14:00:00,1205.11,1206.2,1204.29,1205.6,6872526,0
2017-12-06,15:00:00,1205.81,1206.02,1203.76,1206.02,7693130,0
2017-12-06,16:00:00,1205.92,1208.55,1204.86,1208.55,12611228,0
2017-12-06,17:00:00,1209.51,1211.03,1207.87,1210.68,14602815,0
2017-12-06,18:00:00,1211.44,1214.02,1210.43,1211.34,33789836,0
2017-12-07,10:00:00,1213.43,1215.26,1213.22,1214.48,12637056,0
2017-12-07,11:00:00,1214.32,1216.87,1214.24,1216.22,10108950,0
2017-12-07,12:00:00,1216.28,1218.35,1215.08,1215.08,9920022,0
2017-12-07,13:00:00,1215.05,1215.99,1212.62,1213.67,6835598,0
2017-12-07,14:00:00,1213.35,1213.55,1211.43,1211.43,6717449,0
2017-12-07,15:00:00,1210.45,1211.65,1210.08,1211.42,8113314,0
2017-12-07,16:00:00,1210.88,1213.49,1210.81,1213.16,10668016,0
2017-12-07,17:00:00,1213.51,1214.41,1212.13,1214.41,6430975,0
2017-12-07,18:00:00,1215.15,1215.15,1215.15,1215.15,44059350,0
2017-12-08,10:00:00,1220.76,1227.56,1220.36,1226.99,29348766,0
2017-12-08,11:00:00,1226.96,1228.84,1225.71,1228.84,14823715,0
2017-12-08,12:00:00,1228.49,1230.87,1228.34,1228.84,12490832,0
2017-12-08,13:00:00,1228.82,1229.38,1226.71,1227.38,8680300,0
2017-12-08,14:00:00,1227.68,1228.5,1226.08,1226.44,10058388,0
2017-12-08,15:00:00,1226.68,1228.43,1225.15,1226.72,9111213,0
2017-12-08,16:00:00,1226.82,1226.82,1224.59,1225.69,10289978,0
2017-12-08,17:00:00,1225.03,1225.72,1223.53,1225.72,12368075,0
2017-12-08,18:00:00,1226.01,1226.25,1224.36,1224.36,37429672,0
2017-12-11,10:00:00,1225.06,1228.04,1225,1225,13941585,0
2017-12-11,11:00:00,1224.89,1224.93,1223.74,1224.21,9780492,0
2017-12-11,12:00:00,1224.23,1225.99,1224.23,1225.05,8638102,0
2017-12-11,13:00:00,1225,1225.48,1222.72,1223.58,7451737,0
2017-12-11,14:00:00,1223.4,1224.56,1223.19,1223.39,6569099,0
2017-12-11,15:00:00,1223.43,1223.77,1222.21,1223.65,6440191,0
2017-12-11,16:00:00,1223.68,1223.68,1221.22,1222.22,8652687,0
2017-12-11,17:00:00,1223.48,1224.04,1220.9,1220.9,11235839,0
2017-12-11,18:00:00,1220.82,1221.77,1220.69,1221.58,35492866,0
2017-12-12,10:00:00,1222.01,1222.4,1218.32,1219.04,16321359,0
2017-12-12,11:00:00,1218.99,1223.68,1218.98,1222.84,9663855,0
2017-12-12,12:00:00,1223.12,1223.32,1220.34,1221.12,7615404,0
2017-12-12,13:00:00,1221.78,1222.9,1221.34,1222.08,6009881,0
2017-12-12,14:00:00,1222.07,1223.83,1222.07,1222.96,6539911,0
2017-12-12,15:00:00,1222.85,1223.97,1222.12,1222.29,6402452,0
2017-12-12,16:00:00,1222.44,1222.84,1221.5,1222.84,8664841,0
2017-12-12,17:00:00,1223.03,1224.94,1222.16,1223.48,12283468,0
2017-12-12,18:00:00,1223.35,1226.45,1223.35,1226.45,40288680,0
2017-12-13,10:00:00,1224.13,1226.74,1224.13,1224.82,14839095,0
2017-12-13,11:00:00,1224.61,1225.8,1224.35,1224.35,9674465,0
2017-12-13,12:00:00,1224.4,1225.75,1223.91,1224.71,8315209,0
2017-12-13,13:00:00,1224.77,1225.24,1224.27,1224.27,5684218,0
2017-12-13,14:00:00,1224.26,1225.88,1224.06,1225.59,10048125,0
2017-12-13,15:00:00,1225.54,1226.29,1224.23,1224.42,20308710,0
2017-12-13,16:00:00,1224.28,1225.62,1224.13,1225.54,23946942,0
2017-12-13,17:00:00,1225.58,1225.64,1221.85,1222.99,22474941,0
2017-12-13,18:00:00,1222.86,1223.98,1222.22,1222.28,48362772,0
2017-12-14,10:00:00,1220.54,1221.91,1219.57,1221.21,23831825,0
2017-12-14,11:00:00,1221.01,1221.15,1219.2,1219.59,13556497,0
2017-12-14,12:00:00,1219.45,1219.45,1215.01,1216.26,14148961,0
2017-12-14,13:00:00,1216.36,1217.15,1215.23,1215.47,8780115,0
2017-12-14,14:00:00,1215.73,1217.24,1213.88,1215.39,10178195,0
2017-12-14,15:00:00,1214.64,1218.87,1213.86,1218.68,13128472,0
2017-12-14,16:00:00,1218.7,1222.59,1218.53,1222.16,15363272,0
2017-12-14,17:00:00,1222.28,1225.14,1220.88,1223.06,20415168,0
2017-12-14,18:00:00,1222.36,1222.91,1217.9,1217.9,50869324,0
2017-12-15,10:00:00,1214.48,1215.4,1212.62,1214.55,16926805,0
2017-12-15,11:00:00,1215.03,1215.85,1213.25,1213.44,11422875,0
2017-12-15,12:00:00,1213.25,1215.08,1213.23,1215.08,16310965,0
2017-12-15,13:00:00,1214.55,1214.94,1213.76,1214.68,10104389,0
2017-12-15,14:00:00,1214.5,1216.06,1214.29,1215.94,48119803,0
2017-12-15,15:00:00,1216.1,1219.22,1215.56,1218.95,7917865,0
2017-12-15,16:00:00,1218.51,1219.17,1216.78,1217.27,14476741,0
2017-12-15,17:00:00,1217.39,1218.91,1217.03,1217.57,13877123,0
2017-12-15,18:00:00,1217.53,1220.62,1217.53,1220.48,102055525,0
2017-12-18,10:00:00,1227.54,1233.94,1227.54,1233.75,18358902,0
2017-12-18,11:00:00,1233.96,1234.94,1233.66,1234.94,11208142,0
2017-12-18,12:00:00,1234.91,1236.93,1234.31,1236.82,8946533,0
2017-12-18,13:00:00,1236.54,1239.03,1236.54,1238.13,9012038,0
2017-12-18,14:00:00,1238.39,1238.77,1235.84,1237.24,8398201,0
2017-12-18,15:00:00,1237.28,1239.1,1237.28,1238.71,10368748,0
2017-12-18,16:00:00,1238.69,1238.83,1237.28,1237.62,11537430,0
2017-12-18,17:00:00,1237.88,1239.91,1237.88,1239.47,15547335,0
2017-12-18,18:00:00,1239.34,1239.34,1238.41,1238.72,40633639,0
2017-12-19,10:00:00,1238.83,1240.8,1238.1,1238.6,15984838,0
2017-12-19,11:00:00,1238.71,1239.48,1238.38,1238.93,10462104,0
2017-12-19,12:00:00,1239,1239,1237.25,1238,9140146,0
2017-12-19,13:00:00,1238.03,1238.37,1237.61,1238.16,6559498,0
2017-12-19,14:00:00,1238.1,1238.87,1238.07,1238.84,6769419,0
2017-12-19,15:00:00,1238.89,1238.89,1236.93,1237.25,7446787,0
2017-12-19,16:00:00,1237.42,1238.28,1237.16,1237.58,9869202,0
2017-12-19,17:00:00,1237.9,1237.99,1233.64,1233.87,12252634,0
2017-12-19,18:00:00,1233.49,1234.46,1231.68,1231.85,33226298,0
2017-12-20,10:00:00,1233.99,1234.94,1226,1233.56,17338602,0
2017-12-20,11:00:00,1233.26,1233.47,1230.99,1231.39,9934579,0
2017-12-20,12:00:00,1231.35,1231.84,1230.34,1231.03,8548526,0
2017-12-20,13:00:00,1230.92,1230.94,1227.27,1229.64,8173095,0
2017-12-20,14:00:00,1229.47,1231.59,1229.28,1229.6,6499749,0
2017-12-20,15:00:00,1229.79,1229.87,1227.96,1228.46,6632570,0
2017-12-20,16:00:00,1228.72,1229.15,1224.67,1225.47,10861097,0
2017-12-20,17:00:00,1226.31,1226.31,1216.59,1217.41,18434650,0
2017-12-20,18:00:00,1217.46,1219.59,1217.46,1219.48,31750746,0
2017-12-21,10:00:00,1219.26,1219.26,1215.05,1216.81,14355066,0
2017-12-21,11:00:00,1217.08,1217.41,1215.35,1217.06,9287604,0
2017-12-21,12:00:00,1217.18,1219.51,1217.18,1219.2,7190463,0
2017-12-21,13:00:00,1219.13,1221.02,1219.13,1219.54,6919513,0
2017-12-21,14:00:00,1219.68,1219.94,1218.07,1218.66,6037337,0
2017-12-21,15:00:00,1218.68,1220.36,1218.68,1220.18,6320449,0
2017-12-21,16:00:00,1220.06,1220.87,1219.16,1220.87,9552004,0
2017-12-21,17:00:00,1220.45,1224.46,1220.45,1223.22,11498419,0
2017-12-21,18:00:00,1222.69,1223.96,1221.8,1222.8,32139057,0
2017-12-22,10:00:00,1219.99,1222.2,1218.94,1218.94,11446822,0
2017-12-22,11:00:00,1219.09,1220.98,1219.09,1220.54,6769427,0
2017-12-22,12:00:00,1220.64,1221.89,1219.54,1219.7,5581079,0
2017-12-22,13:00:00,1219.82,1220.72,1219.35,1220.19,4972672,0
2017-12-22,14:00:00,1220.57,1221.19,1218.84,1219.3,8083387,0
2017-12-22,15:00:00,1219.42,1220.73,1219.1,1219.27,4405150,0
2017-12-22,16:00:00,1219.11,1220.14,1219.11,1219.76,5913659,0
2017-12-22,17:00:00,1219.99,1220.82,1219.63,1220.49,7483846,0
2017-12-22,18:00:00,1220.38,1220.38,1219.4,1219.77,22311988,0
2017-12-27,10:00:00,1222.62,1223.79,1221.61,1222.21,10610191,0
2017-12-27,11:00:00,1222.07,1222.07,1218.63,1218.79,7217771,0
2017-12-27,12:00:00,1218.86,1220.98,1218.86,1220.66,5599291,0
2017-12-27,13:00:00,1220.64,1220.73,1215.79,1216.25,4864921,0
2017-12-27,14:00:00,1216.19,1217.7,1215.29,1217.22,3457449,0
2017-12-27,15:00:00,1216.95,1219.55,1216.91,1219.29,4101146,0
2017-12-27,16:00:00,1219.3,1219.31,1217.93,1219.29,5743776,0
2017-12-27,17:00:00,1219.34,1221.74,1219.14,1221.22,7695398,0
2017-12-27,18:00:00,1221.47,1222.35,1220.82,1220.82,20175231,0
2017-12-28,10:00:00,1220.69,1220.69,1217.63,1218.51,7503714,0
2017-12-28,11:00:00,1218.47,1219.78,1218.38,1218.82,5358263,0
2017-12-28,12:00:00,1218.85,1219.94,1218.16,1218.16,4523824,0
2017-12-28,13:00:00,1218.14,1219.31,1217.81,1219.07,3590335,0
2017-12-28,14:00:00,1219.06,1219.46,1218.55,1218.83,3963786,0
2017-12-28,15:00:00,1218.69,1219.6,1218.69,1218.98,3795046,0
2017-12-28,16:00:00,1218.99,1219.02,1217.88,1219.02,6411543,0
2017-12-28,17:00:00,1219.21,1219.32,1218.13,1218.32,6414262,0
2017-12-28,18:00:00,1218.4,1218.4,1212.77,1213.98,25055546,0
2017-12-29,10:00:00,1213.96,1213.96,1212.29,1213.9,8659355,0
2017-12-29,11:00:00,1213.79,1213.79,1210.82,1211.61,7440376,0
2017-12-29,12:00:00,1211.69,1211.79,1210.24,1210.49,6652660,0
2017-12-29,13:00:00,1209.96,1211.05,1209.62,1209.74,6374441,0
2017-12-29,14:00:00,1209.29,1211.19,1209.29,1209.85,13265003,0
2017-12-29,15:00:00,1209.02,1209.51,1209.02,1209.51,17620012,0
2018-01-02,10:00:00,1208.11,1208.17,1198.54,1201.26,19865734,0
2018-01-02,11:00:00,1201.05,1203.01,1195.43,1196.56,13378871,0
2018-01-02,12:00:00,1196.81,1201.29,1196.81,1200.78,8595437,0
2018-01-02,13:00:00,1201.01,1202.68,1200.36,1201.76,6167640,0
2018-01-02,14:00:00,1201.69,1202.37,1201.17,1201.31,6528587,0
2018-01-02,15:00:00,1201.36,1202.23,1201.12,1201.27,6426919,0
2018-01-02,16:00:00,1200.33,1203.02,1199.77,1203.02,10276166,0
2018-01-02,17:00:00,1205.53,1210.31,1205.53,1207.87,13734637,0
2018-01-02,18:00:00,1207.35,1207.46,1204.7,1206.4,31425323,0
2018-01-03,10:00:00,1209.89,1213.88,1209.89,1212.04,16871086,0
2018-01-03,11:00:00,1212.54,1214.1,1209.93,1211.31,13058022,0
2018-01-03,12:00:00,1211.04,1212.27,1209.85,1211.95,9079927,0
2018-01-03,13:00:00,1211.94,1213.9,1211.62,1212.86,7316314,0
2018-01-03,14:00:00,1212.78,1213.66,1212.01,1213.66,6587435,0
2018-01-03,15:00:00,1213.64,1214.19,1212.47,1212.64,7105056,0
2018-01-03,16:00:00,1212.44,1217.93,1212.44,1217.93,12198250,0
2018-01-03,17:00:00,1217.58,1221.23,1217.58,1218.6,17595643,0
2018-01-03,18:00:00,1218.39,1219.4,1217.39,1217.42,33467867,0
2018-01-04,10:00:00,1226.03,1229.48,1225.71,1227.62,18276841,0
2018-01-04,11:00:00,1227.46,1229.34,1226.16,1228.86,13618818,0
2018-01-04,12:00:00,1228.42,1228.81,1227.35,1228.1,10057045,0
2018-01-04,13:00:00,1228.07,1228.87,1227.76,1227.89,9587951,0
2018-01-04,14:00:00,1228.24,1230.41,1228.24,1230.19,8765246,0
2018-01-04,15:00:00,1230.3,1232.96,1230.04,1232.85,10653517,0
2018-01-04,16:00:00,1233.22,1234.79,1232.15,1233.05,14100226,0
2018-01-04,17:00:00,1233.4,1236.67,1232.38,1235.33,15753694,0
2018-01-04,18:00:00,1235.4,1235.64,1233.26,1234.09,42474188,0
2018-01-05,10:00:00,1235.71,1242.04,1235.71,1241.2,17058550,0
2018-01-05,11:00:00,1241.23,1245.56,1241.15,1245.44,12632175,0
2018-01-05,12:00:00,1245.01,1247.22,1244.99,1246.45,12192730,0
2018-01-05,13:00:00,1246.42,1246.43,1245.29,1245.77,9662965,0
2018-01-05,14:00:00,1246.02,1246.11,1244.49,1246.03,10024314,0
2018-01-05,15:00:00,1245.95,1246.37,1243.75,1246.26,9233117,0
2018-01-05,16:00:00,1245.75,1247.7,1244.16,1246.57,11596583,0
2018-01-05,17:00:00,1246.59,1246.71,1244.58,1246.19,23474791,0
2018-01-05,18:00:00,1245.88,1247.95,1245.42,1247.95,45257724,0
2018-01-08,10:00:00,1251.61,1254.67,1250.55,1252.3,26453025,0
2018-01-08,11:00:00,1251.97,1253.61,1251.72,1252.8,13135217,0
2018-01-08,12:00:00,1252.42,1253.2,1251.7,1252.51,9453107,0
2018-01-08,13:00:00,1252.95,1253.59,1251.95,1251.95,9190148,0
2018-01-08,14:00:00,1252.25,1252.25,1249.86,1251.47,8807737,0
2018-01-08,15:00:00,1251.46,1251.84,1250.12,1251.46,10144571,0
2018-01-08,16:00:00,1251.49,1253.31,1251.49,1253.31,9840886,0
2018-01-08,17:00:00,1253.5,1253.77,1252.08,1252.79,13241961,0
2018-01-08,18:00:00,1252.86,1253.04,1252.35,1252.76,35580067,0
2018-01-09,10:00:00,1254.01,1256.23,1253.6,1255.96,18576831,0
2018-01-09,11:00:00,1255.85,1257.18,1254.44,1255.5,11454479,0
2018-01-09,12:00:00,1255.57,1255.9,1254.79,1255.44,9746104,0
2018-01-09,13:00:00,1255.24,1255.24,1253.88,1255.2,8511162,0
2018-01-09,14:00:00,1255.18,1256.6,1254.84,1256,9688010,0
2018-01-09,15:00:00,1256.68,1258.02,1256.35,1257.05,9319816,0
2018-01-09,16:00:00,1257.32,1257.32,1253.21,1253.46,14298796,0
2018-01-09,17:00:00,1253.47,1255.46,1253.07,1254.53,14801656,0
2018-01-09,18:00:00,1254.83,1255.96,1254.83,1255.23,38201928,0
2018-01-10,10:00:00,1253.21,1253.21,1249.8,1250.11,27082749,0
2018-01-10,11:00:00,1250.39,1251.31,1248.99,1249.54,16842583,0
2018-01-10,12:00:00,1249,1249.42,1242.38,1243.29,15288385,0
2018-01-10,13:00:00,1243.46,1245.64,1243.46,1243.88,9976618,0
2018-01-10,14:00:00,1243.52,1244.84,1242.49,1243.03,9635259,0
2018-01-10,15:00:00,1243.17,1243.72,1242.12,1243.25,10099717,0
2018-01-10,16:00:00,1242.75,1243.43,1240.81,1241.3,13369246,0
2018-01-10,17:00:00,1241.59,1244.54,1241.25,1243.5,16772567,0
2018-01-10,18:00:00,1243.82,1245.14,1243.82,1244.85,41578364,0
2018-01-11,10:00:00,1247.21,1247.21,1243.01,1243.73,19610423,0
2018-01-11,11:00:00,1243.43,1243.87,1242.18,1243.84,10206530,0
2018-01-11,12:00:00,1243.94,1244.08,1242.3,1242.76,9857009,0
2018-01-11,13:00:00,1242.77,1243.86,1242.74,1243.46,8741448,0
2018-01-11,14:00:00,1243.62,1246.45,1243.2,1243.45,12898289,0
2018-01-11,15:00:00,1243.16,1243.16,1237.88,1238.22,17039196,0
2018-01-11,16:00:00,1237.54,1239.43,1236.57,1238.74,13855745,0
2018-01-11,17:00:00,1238.5,1238.53,1234.48,1237.26,17243356,0
2018-01-11,18:00:00,1237.3,1239.03,1237.27,1238.55,43482035,0
2018-01-12,10:00:00,1241.39,1242.47,1239.68,1239.83,18252610,0
2018-01-12,11:00:00,1240.73,1241.19,1239.79,1240.34,11034999,0
2018-01-12,12:00:00,1240.4,1241.65,1240.23,1241.65,9873646,0
2018-01-12,13:00:00,1241.4,1241.97,1240.73,1240.73,8101268,0
2018-01-12,14:00:00,1241.2,1241.7,1238.05,1239.06,8887793,0
2018-01-12,15:00:00,1238.52,1239.08,1236.47,1237.64,9257161,0
2018-01-12,16:00:00,1237.95,1239.72,1237.95,1239.66,10270725,0
2018-01-12,17:00:00,1239.92,1244.14,1239.55,1243.58,13629886,0
2018-01-12,18:00:00,1243.56,1243.65,1240.24,1242.76,34388405,0
2018-01-15,10:00:00,1242.9,1243,1238.39,1239.69,13585731,0
2018-01-15,11:00:00,1239.94,1240.57,1238.79,1239.84,9131209,0
2018-01-15,12:00:00,1239.92,1240.18,1236.77,1237.53,7476000,0
2018-01-15,13:00:00,1237.94,1240.01,1237.22,1239.81,6395073,0
2018-01-15,14:00:00,1239.71,1239.78,1238.44,1239.23,5332792,0
2018-01-15,15:00:00,1239.5,1239.5,1238.17,1238.53,5514331,0
2018-01-15,16:00:00,1238.48,1239.59,1238.48,1239.3,7908486,0
2018-01-15,17:00:00,1239.41,1240.87,1239.41,1240.15,9024552,0
2018-01-15,18:00:00,1238.8,1239.51,1238.17,1238.83,28945429,0
2018-01-16,10:00:00,1240.34,1246.25,1239.43,1241.94,15675268,0
2018-01-16,11:00:00,1241.76,1247.12,1241.08,1245.54,10821105,0
2018-01-16,12:00:00,1246.29,1250.88,1246.22,1250.88,11630878,0
2018-01-16,13:00:00,1250.86,1251.41,1249.78,1249.78,9312195,0
2018-01-16,14:00:00,1249.56,1250.74,1248.25,1250.24,7648747,0
2018-01-16,15:00:00,1250.19,1250.19,1248.27,1248.65,8845308,0
2018-01-16,16:00:00,1249.14,1249.76,1248.04,1248.45,9925298,0
2018-01-16,17:00:00,1248.81,1248.81,1243.61,1244.26,13638756,0
2018-01-16,18:00:00,1244.3,1244.48,1240.25,1244.14,36288044,0
2018-01-17,10:00:00,1240.71,1242.45,1239.96,1241.97,17129859,0
2018-01-17,11:00:00,1241.92,1242.64,1240.92,1241.99,11567011,0
2018-01-17,12:00:00,1241.92,1242.34,1239.48,1241.73,9819150,0
2018-01-17,13:00:00,1241.64,1242.64,1241.39,1242.05,7095502,0
2018-01-17,14:00:00,1241.96,1244.57,1241.96,1242.86,7509468,0
2018-01-17,15:00:00,1242.71,1243.76,1241.08,1242.44,8422548,0
2018-01-17,16:00:00,1242.29,1242.42,1235.62,1236.63,15352500,0
2018-01-17,17:00:00,1236.18,1239.07,1236.18,1237.94,13122667,0
2018-01-17,18:00:00,1237.86,1239.28,1236.21,1239.28,39878561,0
2018-01-18,10:00:00,1242.64,1244.94,1241.34,1242.32,18725257,0
2018-01-18,11:00:00,1242.25,1244.8,1242.25,1244.42,12435273,0
2018-01-18,12:00:00,1244.39,1245.04,1243.86,1243.88,7164034,0
2018-01-18,13:00:00,1243.8,1244.26,1242.67,1243.11,7049525,0
2018-01-18,14:00:00,1243.24,1244.56,1242.95,1243.34,7181468,0
2018-01-18,15:00:00,1243.36,1245.09,1243.17,1244,8015916,0
2018-01-18,16:00:00,1244.01,1248.7,1244.01,1245.89,13264790,0
2018-01-18,17:00:00,1245.3,1246.36,1241.77,1246.12,16231595,0
2018-01-18,18:00:00,1245.63,1248.26,1245.17,1248.26,38301222,0
2018-01-19,10:00:00,1248.47,1254.56,1248.47,1254.08,17654835,0
2018-01-19,11:00:00,1254.14,1258.91,1254.14,1257.96,15568528,0
2018-01-19,12:00:00,1258.39,1260.36,1257.61,1259.34,16003613,0
2018-01-19,13:00:00,1258.34,1259.9,1257.96,1258.61,9115004,0
2018-01-19,14:00:00,1258.14,1261.09,1258.14,1260.62,14576983,0
2018-01-19,15:00:00,1260.55,1260.55,1258.74,1260.43,8828441,0
2018-01-19,16:00:00,1260.24,1261.98,1259.93,1260.61,12261075,0
2018-01-19,17:00:00,1260.38,1260.8,1258.8,1259.83,14019886,0
2018-01-19,18:00:00,1259.88,1261.25,1258.64,1261.24,43889283,0
2018-01-22,10:00:00,1261.31,1262.76,1260.08,1260.91,16845843,0
2018-01-22,11:00:00,1260.96,1261.04,1259.31,1260.38,11102388,0
2018-01-22,12:00:00,1260.22,1261.31,1259.63,1260.65,9540796,0
2018-01-22,13:00:00,1260.77,1261.87,1260.77,1261.43,11549954,0
2018-01-22,14:00:00,1261.42,1262.17,1260.85,1262.17,9682724,0
2018-01-22,15:00:00,1262.18,1263.11,1261.84,1261.84,10787905,0
2018-01-22,16:00:00,1262.12,1262.77,1261.47,1262.49,12804363,0
2018-01-22,17:00:00,1262.95,1263.7,1261.68,1261.68,16565755,0
2018-01-22,18:00:00,1260.26,1263.2,1260.26,1263.2,39792792,0
2018-01-23,10:00:00,1267.95,1273.92,1267.63,1272.37,22948060,0
2018-01-23,11:00:00,1272.28,1273.18,1271.33,1271.71,13695549,0
2018-01-23,12:00:00,1271.59,1272.44,1270.27,1270.46,11747472,0
2018-01-23,13:00:00,1270.41,1270.45,1266.15,1267.98,10393384,0
2018-01-23,14:00:00,1268.03,1269.01,1267.29,1268.53,6527514,0
2018-01-23,15:00:00,1268.74,1270.15,1268.74,1269.44,8990691,0
2018-01-23,16:00:00,1269.33,1270.91,1267.64,1267.98,12690427,0
2018-01-23,17:00:00,1267.95,1270.08,1267.08,1269.91,16585630,0
2018-01-23,18:00:00,1269.88,1270.21,1268.98,1270,36524001,0
2018-01-24,10:00:00,1270.88,1271.28,1268.24,1268.24,18200409,0
2018-01-24,11:00:00,1268.14,1268.9,1266.99,1268.13,10344787,0
2018-01-24,12:00:00,1268.08,1270.11,1267.84,1269.54,10352693,0
2018-01-24,13:00:00,1269.49,1270.11,1268.54,1268.83,8424991,0
2018-01-24,14:00:00,1268.86,1269.46,1268.57,1268.72,6974017,0
2018-01-24,15:00:00,1268.77,1269.62,1267.58,1268.62,8270628,0
2018-01-24,16:00:00,1268.73,1268.73,1267.27,1267.74,11374160,0
2018-01-24,17:00:00,1268.03,1268.03,1264.04,1264.04,13102365,0
2018-01-24,18:00:00,1263.92,1264.35,1256.82,1256.84,56968745,0
2018-01-25,10:00:00,1253.26,1254.48,1250.7,1253.86,18377290,0
2018-01-25,11:00:00,1253.94,1254.58,1252.57,1254.02,11776095,0
2018-01-25,12:00:00,1253.91,1254.75,1253.3,1254.68,8367905,0
2018-01-25,13:00:00,1254.54,1257,1254.54,1256.27,8179945,0
2018-01-25,14:00:00,1256.22,1258.59,1256.22,1257.65,8225989,0
2018-01-25,15:00:00,1257.42,1258.64,1252.69,1254.94,12124857,0
2018-01-25,16:00:00,1255.11,1255.27,1244.71,1244.71,17312236,0
2018-01-25,17:00:00,1243.85,1245.57,1239.75,1243.49,20960976,0
2018-01-25,18:00:00,1243.57,1247.17,1243.57,1245.74,41056623,0
2018-01-26,10:00:00,1245.21,1248.4,1242.57,1247.58,16729392,0
2018-01-26,11:00:00,1247.71,1248.3,1246.55,1247.07,10524462,0
2018-01-26,12:00:00,1246.76,1248.1,1246.3,1247.1,9556958,0
2018-01-26,13:00:00,1247.29,1247.29,1244.95,1246.79,7528750,0
2018-01-26,14:00:00,1247.82,1248.33,1246.73,1248.19,7243811,0
2018-01-26,15:00:00,1248.34,1250.06,1247.89,1249.76,7204868,0
2018-01-26,16:00:00,1249.69,1250.01,1248.62,1249.71,9680900,0
2018-01-26,17:00:00,1249.6,1250.75,1248.88,1249.07,11264093,0
2018-01-26,18:00:00,1249.13,1250.35,1248.31,1250.35,34277361,0
2018-01-29,10:00:00,1251,1252.4,1251,1251.05,18121735,0
2018-01-29,11:00:00,1250.55,1253.23,1245.96,1246.81,12903775,0
2018-01-29,12:00:00,1246.57,1248.56,1246.35,1248.55,9109111,0
2018-01-29,13:00:00,1248.76,1251.12,1248.02,1250.73,7107035,0
2018-01-29,14:00:00,1250.72,1250.72,1248.64,1249.25,6315753,0
2018-01-29,15:00:00,1248.99,1249.99,1248.69,1248.7,5500395,0
2018-01-29,16:00:00,1249.18,1251.41,1249,1250.87,8925132,0
2018-01-29,17:00:00,1250.57,1250.98,1246.66,1248.58,11536750,0
2018-01-29,18:00:00,1248.67,1249.49,1247.62,1248.37,37421046,0
2018-01-30,10:00:00,1244.01,1245.39,1240.25,1244.12,20911550,0
2018-01-30,11:00:00,1243.59,1247.19,1242.86,1246.4,10827360,0
2018-01-30,12:00:00,1246.42,1246.42,1242.7,1243.14,10161418,0
2018-01-30,13:00:00,1242.88,1243.92,1240.67,1240.67,8971037,0
2018-01-30,14:00:00,1240.24,1242.31,1240.24,1242.21,8922079,0
2018-01-30,15:00:00,1242.55,1243.47,1239.68,1239.68,8136302,0
2018-01-30,16:00:00,1239.55,1239.55,1236.1,1236.83,16908816,0
2018-01-30,17:00:00,1236.52,1238.79,1235.25,1238.62,19467033,0
2018-01-30,18:00:00,1238.75,1239.27,1236.37,1236.38,54257771,0
2018-01-31,10:00:00,1236.96,1243.34,1236.54,1241.85,20483679,0
2018-01-31,11:00:00,1241.81,1242.22,1240.52,1240.63,12981952,0
2018-01-31,12:00:00,1240.68,1240.81,1238.77,1239.32,11587904,0
2018-01-31,13:00:00,1239.44,1240.47,1237.65,1238.62,8979733,0
2018-01-31,14:00:00,1238.55,1241.01,1238.36,1241.01,7291245,0
2018-01-31,15:00:00,1240.85,1240.88,1239.01,1239.01,9178308,0
2018-01-31,16:00:00,1238.92,1239.85,1236.73,1237.73,10622178,0
2018-01-31,17:00:00,1237.98,1238.43,1234.31,1234.31,14709546,0
2018-01-31,18:00:00,1234.59,1236.68,1234.42,1236.54,62693214,0
2018-02-01,10:00:00,1240.83,1246.25,1239.9,1240.46,24341879,0
2018-02-01,11:00:00,1240.84,1242.48,1240.12,1240.12,14735871,0
2018-02-01,12:00:00,1238.7,1242.24,1238.7,1240.9,13943713,0
2018-02-01,13:00:00,1241.08,1241.27,1237.76,1238.45,9545568,0
2018-02-01,14:00:00,1238.63,1238.72,1234.99,1235.84,10193233,0
2018-02-01,15:00:00,1235.91,1235.91,1222.61,1223.19,21587418,0
2018-02-01,16:00:00,1221.14,1224.21,1219.16,1224.21,24228184,0
2018-02-01,17:00:00,1224.26,1224.61,1219.49,1220.84,21110160,0
2018-02-01,18:00:00,1220.75,1221.67,1218.6,1221.42,47141784,0
2018-02-02,10:00:00,1218.6,1218.6,1211.21,1211.73,29359454,0
2018-02-02,11:00:00,1209.15,1209.7,1205.01,1205.79,19938902,0
2018-02-02,12:00:00,1205.62,1208.2,1202.17,1206.03,18951714,0
2018-02-02,13:00:00,1206.23,1208.26,1205.31,1205.96,11552245,0
2018-02-02,14:00:00,1206.05,1207.21,1204.05,1205.55,12742172,0
2018-02-02,15:00:00,1205.37,1208.57,1204.17,1206.89,14360726,0
2018-02-02,16:00:00,1207.06,1209.68,1206.09,1206.82,15205004,0
2018-02-02,17:00:00,1206.43,1206.43,1202.3,1203.07,19212773,0
2018-02-02,18:00:00,1202.62,1203.82,1201.12,1201.12,49076577,0
2018-02-05,10:00:00,1193.9,1193.9,1185.07,1191.28,32413217,0
2018-02-05,11:00:00,1191.78,1194.34,1190.63,1191.5,20321441,0
2018-02-05,12:00:00,1191.55,1192.71,1189.79,1189.79,14036751,0
2018-02-05,13:00:00,1190.22,1190.43,1187.28,1189.19,10392046,0
2018-02-05,14:00:00,1189.26,1189.26,1186.17,1186.69,11693401,0
2018-02-05,15:00:00,1187.46,1190.72,1187.31,1190.72,8923105,0
2018-02-05,16:00:00,1190.5,1190.73,1188.35,1189.17,12629885,0
2018-02-05,17:00:00,1188.68,1194.54,1187.3,1191.87,16922933,0
2018-02-05,18:00:00,1191.57,1192.78,1189.49,1189.49,42217610,0
2018-02-06,10:00:00,1167.21,1167.76,1155.33,1165.72,66689960,0
2018-02-06,11:00:00,1165.11,1169.52,1162.71,1165.16,31305774,0
2018-02-06,12:00:00,1164.12,1169.12,1160.15,1169.05,23164328,0
2018-02-06,13:00:00,1168.97,1168.97,1161.03,1161.03,17097577,0
2018-02-06,14:00:00,1161.05,1166.51,1158.41,1164.09,16565790,0
2018-02-06,15:00:00,1163.08,1163.44,1159.26,1161.4,14591012,0
2018-02-06,16:00:00,1161.49,1174.94,1157.28,1170.47,25894441,0
2018-02-06,17:00:00,1172,1175.22,1164.32,1169.13,28686106,0
2018-02-06,18:00:00,1167.41,1168.83,1161.87,1162.75,61207126,0
2018-02-07,10:00:00,1164.7,1172.3,1164.46,1169.54,29945366,0
2018-02-07,11:00:00,1169.96,1173.07,1167.84,1171.21,17579089,0
2018-02-07,12:00:00,1171.44,1174.58,1171.38,1171.8,13572193,0
2018-02-07,13:00:00,1171.89,1172.48,1168.39,1172.48,15151577,0
2018-02-07,14:00:00,1172.84,1174.26,1172.69,1174.18,11583648,0
2018-02-07,15:00:00,1174.13,1176.74,1173.69,1175.25,13710482,0
2018-02-07,16:00:00,1175.02,1180.56,1175.02,1180.56,17679062,0
2018-02-07,17:00:00,1180.42,1186.35,1179.91,1186.35,25317515,0
2018-02-07,18:00:00,1186.9,1188.49,1183.77,1183.78,59660893,0
2018-02-08,10:00:00,1176.8,1179.95,1175.27,1175.43,27530034,0
2018-02-08,11:00:00,1175.71,1176.51,1172.75,1172.75,16125694,0
2018-02-08,12:00:00,1171.81,1173.46,1170.06,1170.18,14868790,0
2018-02-08,13:00:00,1170.29,1171.9,1167.69,1168.2,13082544,0
2018-02-08,14:00:00,1170.38,1172.3,1168.91,1170.88,11611751,0
2018-02-08,15:00:00,1171.62,1174.11,1169.74,1171.93,11409969,0
2018-02-08,16:00:00,1172.45,1173.65,1166.7,1168.19,17608944,0
2018-02-08,17:00:00,1167.2,1169.09,1153.92,1155.99,26852662,0
2018-02-08,18:00:00,1157.1,1158.13,1147.67,1152.86,66764890,0
2018-02-09,10:00:00,1153.01,1155.77,1147.7,1154.16,32117935,0
2018-02-09,11:00:00,1153.56,1153.56,1148.89,1149.7,17499036,0
2018-02-09,12:00:00,1149.91,1152.96,1147.93,1149.54,14258234,0
2018-02-09,13:00:00,1149.52,1150.01,1136.25,1139.88,22274246,0
2018-02-09,14:00:00,1140.57,1140.57,1131,1135.29,26325192,0
2018-02-09,15:00:00,1135.28,1148.5,1132.63,1148.5,17809563,0
2018-02-09,16:00:00,1147.63,1151.28,1143.74,1151.28,23399970,0
2018-02-09,17:00:00,1149.9,1150.43,1136.86,1140.25,24598494,0
2018-02-09,18:00:00,1140.18,1140.68,1135.42,1140.08,50602131,0
2018-02-12,10:00:00,1151.14,1163.82,1150.74,1161.55,26625714,0
2018-02-12,11:00:00,1162.2,1163.3,1159.77,1162.77,14988955,0
2018-02-12,12:00:00,1162.81,1162.81,1157.67,1160.63,11068563,0
2018-02-12,13:00:00,1160.73,1161.04,1156.76,1156.76,9067764,0
2018-02-12,14:00:00,1156.99,1158.94,1155.91,1156.67,8427332,0
2018-02-12,15:00:00,1156.38,1160.66,1155.67,1157.97,10691966,0
2018-02-12,16:00:00,1157.96,1159.72,1154.83,1155.76,17640944,0
2018-02-12,17:00:00,1156,1158.27,1153.7,1157.93,17161687,0
2018-02-12,18:00:00,1158.56,1159.04,1156,1156.01,42188215,0
2018-02-13,10:00:00,1155.84,1157.52,1150.09,1153.15,17701735,0
2018-02-13,11:00:00,1153.52,1156.11,1153.31,1154.71,10709662,0
2018-02-13,12:00:00,1154.96,1155.76,1152.15,1154.07,9773543,0
2018-02-13,13:00:00,1154.29,1154.29,1150.96,1152.48,7860012,0
2018-02-13,14:00:00,1153.02,1153.9,1151.01,1153.16,7676689,0
2018-02-13,15:00:00,1153.22,1156.66,1152.97,1154.04,8204590,0
2018-02-13,16:00:00,1154.23,1154.41,1151.24,1151.24,11156860,0
2018-02-13,17:00:00,1151.93,1154.36,1151.52,1153.62,14067767,0
2018-02-13,18:00:00,1153.32,1153.32,1148.51,1148.51,42032246,0
2018-02-14,10:00:00,1154.27,1158.56,1154.27,1158.3,16150340,0
2018-02-14,11:00:00,1159.14,1159.29,1156.59,1157.24,12078027,0
2018-02-14,12:00:00,1157.55,1158.74,1156.79,1157.66,9523499,0
2018-02-14,13:00:00,1157.34,1158.3,1156.79,1157.77,6588961,0
2018-02-14,14:00:00,1158,1158.01,1156.92,1156.92,7457434,0
2018-02-14,15:00:00,1156.81,1157.22,1139.86,1149.49,26961845,0
2018-02-14,16:00:00,1150.13,1157.29,1148,1156.43,20812084,0
2018-02-14,17:00:00,1155.77,1164.05,1155.77,1160.78,24580083,0
2018-02-14,18:00:00,1160.86,1166.86,1160.86,1162.74,48949073,0
2018-02-15,10:00:00,1165.78,1172.2,1165.52,1171.46,22071291,0
2018-02-15,11:00:00,1171.3,1174.17,1170.3,1174.12,14408278,0
2018-02-15,12:00:00,1174.23,1176.11,1173.34,1173.94,11484437,0
2018-02-15,13:00:00,1173.82,1173.84,1171.01,1171.01,8219386,0
2018-02-15,14:00:00,1171.14,1172.13,1168.16,1169.59,8850833,0
2018-02-15,15:00:00,1169.69,1171.47,1167.8,1170.69,10094180,0
2018-02-15,16:00:00,1170.45,1171.38,1166.02,1167.31,15681252,0
2018-02-15,17:00:00,1167.96,1167.96,1162.04,1162.04,21077929,0
2018-02-15,18:00:00,1160.2,1164.97,1159.4,1164.97,41184998,0
2018-02-16,10:00:00,1169.34,1175.71,1168.39,1175.71,16944554,0
2018-02-16,11:00:00,1175.09,1177.03,1174.57,1176.79,11297043,0
2018-02-16,12:00:00,1176.88,1177.47,1170.3,1172.36,20228579,0
2018-02-16,13:00:00,1172.76,1173.14,1170.85,1171.14,7866113,0
2018-02-16,14:00:00,1171.1,1174.72,1170.36,1174.19,10180014,0
2018-02-16,15:00:00,1174.38,1174.51,1171.29,1171.85,7000958,0
2018-02-16,16:00:00,1171.82,1172.35,1169.26,1171.81,11091473,0
2018-02-16,17:00:00,1171.65,1175.79,1170.53,1175.65,10521760,0
2018-02-16,18:00:00,1175.69,1177.27,1175.69,1176.04,41566017,0
2018-02-19,10:00:00,1179.98,1180.77,1176.83,1176.83,14374744,0
2018-02-19,11:00:00,1177.23,1177.36,1175.2,1176.22,8924962,0
2018-02-19,12:00:00,1176.3,1176.68,1174.18,1174.87,7181212,0
2018-02-19,13:00:00,1175.01,1177.19,1174.62,1175.27,6920514,0
2018-02-19,14:00:00,1175.16,1175.46,1173.26,1173.61,5895221,0
2018-02-19,15:00:00,1173.71,1173.71,1171.85,1172.68,2897874,0
2018-02-19,18:00:00,1168.15,1170.24,1167.8,1169.86,48395397,0
2018-02-20,10:00:00,1171.91,1175.43,1171.91,1175.43,13615629,0
2018-02-20,11:00:00,1175.25,1175.42,1169.9,1169.9,8765127,0
2018-02-20,12:00:00,1169.14,1171.54,1166.15,1171.41,8314572,0
2018-02-20,13:00:00,1171.37,1171.37,1168.36,1169.92,5488260,0
2018-02-20,14:00:00,1170,1172.72,1170,1172.72,5782345,0
2018-02-20,15:00:00,1172.69,1173.62,1171.52,1172.64,6956032,0
2018-02-20,16:00:00,1172.27,1177.74,1171.43,1175.14,14761787,0
2018-02-20,17:00:00,1175.33,1177.73,1173.47,1175.57,13964558,0
2018-02-20,18:00:00,1175.7,1179.53,1175.7,1179.13,44332167,0
2018-02-21,10:00:00,1176.32,1177.43,1172.77,1172.77,15873927,0
2018-02-21,11:00:00,1173.24,1173.86,1170.66,1170.73,12200627,0
2018-02-21,12:00:00,1170.58,1171.69,1169.17,1171.29,10339867,0
2018-02-21,13:00:00,1170.79,1171.93,1168.52,1171.93,7655412,0
2018-02-21,14:00:00,1172.03,1172.56,1170.88,1171.5,6381877,0
2018-02-21,15:00:00,1171.49,1173.95,1171.1,1173.02,7028187,0
2018-02-21,16:00:00,1173.18,1176.71,1173.18,1175.14,11488061,0
2018-02-21,17:00:00,1174.69,1177.46,1173.08,1177.34,12825570,0
2018-02-21,18:00:00,1176.72,1177.58,1175.19,1177.58,38161825,0
2018-02-22,10:00:00,1170.31,1170.31,1164.9,1165.04,22640850,0
2018-02-22,11:00:00,1164.16,1167.06,1161.45,1166.69,13732412,0
2018-02-22,12:00:00,1167.81,1171.3,1167.19,1169.18,11035573,0
2018-02-22,13:00:00,1169.24,1171.2,1168.24,1168.92,7753530,0
2018-02-22,14:00:00,1168.99,1171.37,1168.99,1170.01,6650900,0
2018-02-22,15:00:00,1170.06,1172.35,1168.31,1171.6,7780239,0
2018-02-22,16:00:00,1171.37,1172.18,1166.69,1166.69,10075197,0
2018-02-22,17:00:00,1167.9,1172.88,1167.6,1171.3,12762884,0
2018-02-22,18:00:00,1171.32,1179.52,1171.32,1176.88,49451412,0
2018-02-23,10:00:00,1180.38,1180.38,1175.83,1176.18,20062844,0
2018-02-23,11:00:00,1176.15,1179.29,1175.36,1178.63,11287911,0
2018-02-23,12:00:00,1178.65,1178.79,1174.63,1175.92,10476442,0
2018-02-23,13:00:00,1175.87,1178.3,1175.87,1178.3,7168318,0
2018-02-23,14:00:00,1178.28,1180.19,1178.21,1178.8,9387077,0
2018-02-23,15:00:00,1178.73,1181.33,1178.64,1181.04,8329367,0
2018-02-23,16:00:00,1181.19,1181.19,1178.51,1178.62,11264936,0
2018-02-23,17:00:00,1179.16,1179.42,1176.08,1178.55,13679897,0
2018-02-23,18:00:00,1179.38,1180.08,1178.2,1178.69,41993549,0
2018-02-26,10:00:00,1184.42,1189.53,1184.42,1187.12,15745754,0
2018-02-26,11:00:00,1187.18,1187.85,1184.19,1184.57,10145050,0
2018-02-26,12:00:00,1184.54,1185.6,1183.11,1183.49,7635870,0
2018-02-26,13:00:00,1183.62,1183.68,1182.17,1182.17,5901720,0
2018-02-26,14:00:00,1182.41,1184.94,1182.41,1184.94,6171922,0
2018-02-26,15:00:00,1184.74,1185,1183.74,1184.76,6788643,0
2018-02-26,16:00:00,1184.64,1185.56,1183.1,1183.1,10014440,0
2018-02-26,17:00:00,1183.22,1183.22,1179.51,1181.25,12140281,0
2018-02-26,18:00:00,1181.56,1184.27,1180.9,1182.89,36617869,0
2018-02-27,10:00:00,1186.87,1186.87,1181.25,1181.47,17086198,0
2018-02-27,11:00:00,1181.58,1182.48,1180.3,1181.38,11522296,0
2018-02-27,12:00:00,1181.96,1182.63,1180.66,1180.85,8435273,0
2018-02-27,13:00:00,1180.19,1180.74,1175.83,1177.06,12685567,0
2018-02-27,14:00:00,1176.89,1179.24,1176.89,1178.9,7507741,0
2018-02-27,15:00:00,1178.52,1179.89,1176.92,1179.89,8450732,0
2018-02-27,16:00:00,1180.62,1181.72,1179.72,1180.04,10651111,0
2018-02-27,17:00:00,1179.83,1184.2,1178.65,1178.65,16648117,0
2018-02-27,18:00:00,1178.69,1179.73,1177.84,1179.53,40460329,0
2018-02-28,10:00:00,1176.79,1177.19,1173.7,1175.5,16172942,0
2018-02-28,11:00:00,1175.6,1178.28,1175.56,1178.22,9864107,0
2018-02-28,12:00:00,1178.37,1178.37,1175.66,1175.76,8594189,0
2018-02-28,13:00:00,1175.94,1177.66,1175.34,1175.34,7139775,0
2018-02-28,14:00:00,1175.11,1177.02,1175.02,1176.95,7696339,0
2018-02-28,15:00:00,1177.25,1179.05,1176.92,1178.13,7113068,0
2018-02-28,16:00:00,1178.83,1180.17,1178.19,1180.17,10871953,0
2018-02-28,17:00:00,1180.19,1181.38,1177.32,1177.37,12765074,0
2018-02-28,18:00:00,1176.86,1177.24,1173.77,1175.06,59348804,0
2018-03-01,10:00:00,1170.56,1170.84,1166.55,1169.08,18064429,0
2018-03-01,11:00:00,1168.53,1168.53,1157.97,1157.97,16436685,0
2018-03-01,12:00:00,1158.3,1160.03,1157.51,1159.3,11735705,0
2018-03-01,13:00:00,1159.67,1160.45,1155.23,1156.91,8685837,0
2018-03-01,14:00:00,1157.13,1159.22,1156.34,1156.7,7462853,0
2018-03-01,15:00:00,1156.58,1160.65,1156.12,1160.3,8560351,0
2018-03-01,16:00:00,1160.45,1160.67,1149.81,1149.81,16664792,0
2018-03-01,17:00:00,1149.69,1158.76,1149.69,1153.27,19542713,0
2018-03-01,18:00:00,1153.52,1153.94,1149.3,1152.05,53194471,0
2018-03-02,10:00:00,1147.64,1147.64,1134.04,1134.04,25649321,0
2018-03-02,11:00:00,1133.51,1133.71,1129.55,1130.32,18331082,0
2018-03-02,12:00:00,1129.34,1130.37,1127.71,1128.59,14046508,0
2018-03-02,13:00:00,1129.12,1129.12,1125.74,1126.24,12792869,0
2018-03-02,14:00:00,1126.14,1127.91,1124.66,1124.67,12859393,0
2018-03-02,15:00:00,1123.77,1131.04,1123.5,1130.22,10364382,0
2018-03-02,16:00:00,1130.41,1130.72,1127.52,1128.53,12545391,0
2018-03-02,17:00:00,1129.95,1130.52,1126.12,1126.12,16777941,0
2018-03-02,18:00:00,1125.77,1126.66,1123.79,1126.19,46572349,0
2018-03-05,10:00:00,1121.2,1133.21,1119.95,1131.23,23697455,0
2018-03-05,11:00:00,1130.89,1136.47,1127.68,1136.17,14862888,0
2018-03-05,12:00:00,1135.94,1137.39,1134.46,1137.2,9301828,0
2018-03-05,13:00:00,1137.01,1137.24,1133.44,1133.59,7883474,0
2018-03-05,14:00:00,1133.45,1135.02,1132.54,1133.2,6634163,0
2018-03-05,15:00:00,1133.28,1137.09,1132.94,1132.98,8511928,0
2018-03-05,16:00:00,1132.82,1135.64,1130.84,1133.69,13064261,0
2018-03-05,17:00:00,1133.68,1139.26,1131.38,1139.26,14492507,0
2018-03-05,18:00:00,1139.58,1144.14,1139.58,1142.45,50934266,0
2018-03-06,10:00:00,1144.46,1157.51,1144.42,1154.3,23256404,0
2018-03-06,11:00:00,1154.57,1158.21,1154.57,1156.46,14991459,0
2018-03-06,12:00:00,1156.71,1156.71,1154.99,1156.01,10587617,0
2018-03-06,13:00:00,1155.69,1157.86,1155.01,1156.09,9823388,0
2018-03-06,14:00:00,1156.1,1156.17,1152.42,1152.91,11004101,0
2018-03-06,15:00:00,1153.05,1154.91,1151.82,1152.2,9494952,0
2018-03-06,16:00:00,1151.46,1152.08,1147.69,1150.26,13696164,0
2018-03-06,17:00:00,1149.5,1152.09,1147.08,1148.6,14254038,0
2018-03-06,18:00:00,1148.54,1150.19,1146.41,1146.46,40065682,0
2018-03-07,10:00:00,1142.24,1144.17,1138.37,1141.46,17253854,0
2018-03-07,11:00:00,1140.76,1145,1140.76,1143.73,12017203,0
2018-03-07,12:00:00,1143.91,1145.96,1142.31,1142.93,8641629,0
2018-03-07,13:00:00,1142.81,1145.51,1141.11,1145.51,8514706,0
2018-03-07,14:00:00,1145.73,1151.07,1145.73,1149.59,11100911,0
2018-03-07,15:00:00,1149.85,1152.74,1148.46,1152.01,7981880,0
2018-03-07,16:00:00,1151.95,1154.99,1151.06,1151.34,10394214,0
2018-03-07,17:00:00,1150.46,1159.19,1150.46,1157.93,15932617,0
2018-03-07,18:00:00,1159.92,1159.92,1155.83,1157.52,40999149,0
2018-03-08,10:00:00,1156.46,1160.09,1156.16,1156.78,18488702,0
2018-03-08,11:00:00,1156.64,1158.36,1154.89,1154.89,16933387,0
2018-03-08,12:00:00,1154.58,1156.13,1153.25,1153.95,10344824,0
2018-03-08,13:00:00,1154.36,1155.87,1153.21,1155.72,8048347,0
2018-03-08,14:00:00,1156.03,1157.57,1154.71,1155.45,12142705,0
2018-03-08,15:00:00,1155.58,1157.14,1153.38,1156.87,12689777,0
2018-03-08,16:00:00,1156.92,1166.93,1156.92,1165.07,21475925,0
2018-03-08,17:00:00,1165.5,1168.4,1164.74,1166.82,17066181,0
2018-03-08,18:00:00,1166.98,1170.67,1166.76,1168.51,40206910,0
2018-03-09,10:00:00,1167.18,1168.26,1165.26,1166.61,15743396,0
2018-03-09,11:00:00,1166.55,1166.56,1163.54,1164.33,10260375,0
2018-03-09,12:00:00,1164.59,1166.41,1163.83,1166.12,11794274,0
2018-03-09,13:00:00,1166.46,1166.72,1164.47,1164.47,6115156,0
2018-03-09,14:00:00,1164.68,1167,1164.62,1165.09,14364454,0
2018-03-09,15:00:00,1165.07,1172.68,1163.8,1172.68,15740003,0
2018-03-09,16:00:00,1172.64,1173.21,1166.17,1166.78,12846692,0
2018-03-09,17:00:00,1167.16,1169.76,1165.84,1167.81,12911110,0
2018-03-09,18:00:00,1167.85,1169.27,1167.27,1169.27,39675765,0
2018-03-12,10:00:00,1178.09,1179.11,1174.97,1176.13,52181856,0
2018-03-12,11:00:00,1175.97,1178.72,1175.97,1176.57,18956973,0
2018-03-12,12:00:00,1176.65,1178.57,1175.59,1178.22,11995988,0
2018-03-12,13:00:00,1178.47,1178.66,1176.47,1177.97,11662745,0
2018-03-12,14:00:00,1178.08,1178.1,1174.58,1175.29,11098295,0
2018-03-12,15:00:00,1174.9,1176.66,1173.65,1174.8,11502797,0
2018-03-12,16:00:00,1175.01,1176.05,1173.59,1173.59,16053489,0
2018-03-12,17:00:00,1173.53,1175.24,1171.05,1175.24,23863968,0
2018-03-12,18:00:00,1176.01,1176.61,1175.01,1175.79,35849165,0
2018-03-13,10:00:00,1175.91,1178.32,1175.32,1177.33,24540950,0
2018-03-13,11:00:00,1177.69,1179.51,1177.69,1177.93,13475250,0
2018-03-13,12:00:00,1178.01,1178.52,1177.27,1178.3,10916769,0
2018-03-13,13:00:00,1178.03,1178.03,1175.29,1176.2,11260946,0
2018-03-13,14:00:00,1176.1,1177.1,1170.96,1173.89,14888318,0
2018-03-13,15:00:00,1174.45,1175.27,1171.42,1171.42,10751574,0
2018-03-13,16:00:00,1171.09,1172.8,1168.47,1169.54,15331626,0
2018-03-13,17:00:00,1168.36,1168.36,1159.23,1159.23,21817544,0
2018-03-13,18:00:00,1157.69,1159.03,1154.56,1159.03,53884595,0
2018-03-14,10:00:00,1155.59,1160.91,1155.59,1158.14,21849444,0
2018-03-14,11:00:00,1158.36,1162.82,1158.36,1162.42,12621872,0
2018-03-14,12:00:00,1162.35,1162.95,1160.11,1160.51,8947339,0
2018-03-14,13:00:00,1159.89,1164.34,1159.89,1164.13,7406762,0
2018-03-14,14:00:00,1164.04,1165.02,1162.77,1164.68,8399683,0
2018-03-14,15:00:00,1164.43,1167.28,1164.24,1164.73,9747456,0
2018-03-14,16:00:00,1164.45,1165.65,1159.79,1159.84,13692552,0
2018-03-14,17:00:00,1159.85,1160.36,1156.63,1158.53,16030934,0
2018-03-14,18:00:00,1158.43,1160.01,1156.63,1158.61,47631978,0
2018-03-15,10:00:00,1160.75,1164.39,1160.69,1163.75,18769140,0
2018-03-15,11:00:00,1163.83,1168.25,1163.2,1165.19,12295664,0
2018-03-15,12:00:00,1165.16,1165.16,1159.16,1159.16,11474453,0
2018-03-15,13:00:00,1159.3,1162.41,1158.9,1161.67,7965860,0
2018-03-15,14:00:00,1161.9,1162.87,1159.87,1162.34,8386991,0
2018-03-15,15:00:00,1162.49,1163.9,1162.1,1163.31,8519889,0
2018-03-15,16:00:00,1163.37,1167.37,1163.37,1166.91,12048793,0
2018-03-15,17:00:00,1167.75,1170.33,1167.25,1168.22,15435803,0
2018-03-15,18:00:00,1168.4,1169.66,1168.05,1168.05,54617898,0
2018-03-16,10:00:00,1172,1173.09,1171.78,1172.71,6891539,0
2018-03-16,11:00:00,1172.05,1172.05,1169.87,1170.37,12603887,0
2018-03-16,12:00:00,1170.44,1174,1169.65,1174,33834861,0
2018-03-16,13:00:00,1173.11,1173.25,1169.1,1169.39,12187344,0
2018-03-16,14:00:00,1169.46,1169.84,1167.15,1168.05,35301748,0
2018-03-16,15:00:00,1167.63,1170.06,1165.43,1169.28,10382945,0
2018-03-16,16:00:00,1169.5,1175.14,1169.5,1174.57,13835966,0
2018-03-16,17:00:00,1174.96,1174.96,1171.26,1171.34,13466106,0
2018-03-16,18:00:00,1171.1,1172.52,1169,1169.08,146287576,0
2018-03-19,10:00:00,1166.61,1167.66,1156.83,1158.16,20037999,0
2018-03-19,11:00:00,1157.83,1161.75,1157.06,1161.23,10356510,0
2018-03-19,12:00:00,1161.51,1161.67,1158.86,1160.58,8515704,0
2018-03-19,13:00:00,1160.56,1162.84,1160.56,1162.61,7340145,0
2018-03-19,14:00:00,1162.63,1164.64,1161.71,1162.94,8397489,0
2018-03-19,15:00:00,1162.96,1162.96,1160.06,1162.02,9089977,0
2018-03-19,16:00:00,1162.29,1162.29,1157.99,1158.61,12392222,0
2018-03-19,17:00:00,1158.38,1159.47,1153.29,1154.27,18317262,0
2018-03-19,18:00:00,1154.22,1156.3,1153.92,1155.89,42856263,0
2018-03-20,10:00:00,1158.42,1159.71,1155.78,1157.57,14885643,0
2018-03-20,11:00:00,1157.73,1157.81,1154.11,1156.61,9859324,0
2018-03-20,12:00:00,1156.26,1159.68,1156.26,1159.66,7196085,0
2018-03-20,13:00:00,1158.91,1162.29,1158.91,1161.71,6897757,0
2018-03-20,14:00:00,1162.01,1162.16,1159.8,1160.34,6063843,0
2018-03-20,15:00:00,1160.36,1162.09,1157.71,1160.57,8987919,0
2018-03-20,16:00:00,1160.36,1163.71,1159.04,1163.32,10326381,0
2018-03-20,17:00:00,1163.61,1164.7,1161.42,1162.8,11573583,0
2018-03-20,18:00:00,1163.61,1166.04,1163.34,1165,32768012,0
2018-03-21,10:00:00,1166.78,1167.94,1164.58,1165.32,14966281,0
2018-03-21,11:00:00,1165.09,1165.1,1162.53,1164.04,11381630,0
2018-03-21,12:00:00,1163.67,1166.92,1162.79,1165.88,9371626,0
2018-03-21,13:00:00,1165.8,1166.41,1163.58,1163.58,8965865,0
2018-03-21,14:00:00,1163.3,1163.66,1160.65,1161.44,17690875,0
2018-03-21,15:00:00,1161.45,1161.68,1160.18,1161.22,15430704,0
2018-03-21,16:00:00,1160.87,1163.01,1160.37,1161.64,15508853,0
2018-03-21,17:00:00,1161.55,1165.64,1160.71,1164.93,14607333,0
2018-03-21,18:00:00,1165.11,1165.44,1164.2,1164.9,34126466,0
2018-03-22,10:00:00,1159.85,1160.59,1152.62,1159.12,19009320,0
2018-03-22,11:00:00,1159.82,1159.82,1152.28,1153.25,18157185,0
2018-03-22,12:00:00,1153.86,1155.02,1150.54,1151.5,16228315,0
2018-03-22,13:00:00,1151.61,1152.79,1151.18,1151.43,10079049,0
2018-03-22,14:00:00,1150.86,1152.88,1144.42,1146.02,16778767,0
2018-03-22,15:00:00,1145.78,1145.94,1142.22,1144.74,15521516,0
2018-03-22,16:00:00,1144.54,1146.17,1138.48,1138.48,17683004,0
2018-03-22,17:00:00,1140.06,1142.11,1138.42,1139.15,18746884,0
2018-03-22,18:00:00,1138.93,1144.55,1136.8,1144.55,53749119,0
2018-03-23,10:00:00,1137.79,1137.79,1125.66,1126.11,31370473,0
2018-03-23,11:00:00,1126.61,1128.11,1120.09,1122.01,23969346,0
2018-03-23,12:00:00,1121.68,1128.69,1121.12,1128.28,18613275,0
2018-03-23,13:00:00,1129.43,1130.22,1126.57,1127.38,12867589,0
2018-03-23,14:00:00,1128.21,1132.5,1128.21,1129.36,15331835,0
2018-03-23,15:00:00,1128.85,1136.26,1128.85,1132.63,12849792,0
2018-03-23,16:00:00,1132.57,1134.79,1130.97,1134.79,14926831,0
2018-03-23,17:00:00,1134.87,1135.24,1122.2,1123.65,19327907,0
2018-03-23,18:00:00,1122.64,1128.65,1122.64,1127.35,48296439,0
2018-03-26,10:00:00,1129.29,1131.79,1127.84,1130.79,15312706,0
2018-03-26,11:00:00,1131.09,1134.62,1131.09,1131.57,12455854,0
2018-03-26,12:00:00,1131.9,1134.76,1131.17,1134.08,10063681,0
2018-03-26,13:00:00,1134,1134.94,1132.62,1134.25,7572440,0
2018-03-26,14:00:00,1134.16,1135.11,1133.02,1134.28,7974478,0
2018-03-26,15:00:00,1134.31,1136.36,1132.16,1132.73,7899162,0
2018-03-26,16:00:00,1132.48,1132.91,1129.16,1129.16,11604361,0
2018-03-26,17:00:00,1128.4,1128.9,1116.96,1118.66,21278843,0
2018-03-26,18:00:00,1118.04,1118.98,1114.01,1118.58,45152664,0
2018-03-27,10:00:00,1118.99,1137.81,1118.96,1133.3,24519396,0
2018-03-27,11:00:00,1132.51,1135.93,1132.03,1135.93,13460394,0
2018-03-27,12:00:00,1136.2,1140.61,1136.2,1140.61,10233372,0
2018-03-27,13:00:00,1140.53,1140.53,1137.15,1137.15,8035662,0
2018-03-27,14:00:00,1135.99,1138.07,1135.66,1136.57,7588231,0
2018-03-27,15:00:00,1136.17,1138.65,1136.06,1137.37,6808078,0
2018-03-27,16:00:00,1137.39,1138.31,1132.92,1135.25,11514902,0
2018-03-27,17:00:00,1135.21,1136.28,1131.8,1134.78,18201885,0
2018-03-27,18:00:00,1134.6,1135.61,1133.14,1135.07,40211340,0
2018-03-28,10:00:00,1128.57,1129.33,1117.56,1118.73,23091307,0
2018-03-28,11:00:00,1117.84,1122.77,1116.47,1117.14,17155973,0
2018-03-28,12:00:00,1118.06,1121.76,1117.7,1119.62,11885335,0
2018-03-28,13:00:00,1119.96,1125.26,1119.8,1125.26,10511385,0
2018-03-28,14:00:00,1125.64,1127.99,1125.51,1127.2,8070648,0
2018-03-28,15:00:00,1127.81,1130.38,1126.39,1126.39,9591771,0
2018-03-28,16:00:00,1126.29,1129.99,1124.69,1129.7,14980042,0
2018-03-28,17:00:00,1130.29,1131.8,1123.41,1125.85,19582676,0
2018-03-28,18:00:00,1126.37,1130.18,1126.08,1130.18,42217703,0
2018-03-29,10:00:00,1131.46,1136.94,1131.46,1135.38,17406368,0
2018-03-29,11:00:00,1135.31,1136.12,1132.8,1135.73,11238472,0
2018-03-29,12:00:00,1136.1,1141.79,1136.1,1141.1,10176155,0
2018-03-29,13:00:00,1140.83,1141.28,1138.26,1138.26,7493416,0
2018-03-29,14:00:00,1138.07,1139.71,1137.76,1139.02,9534645,0
2018-03-29,15:00:00,1139.57,1143.03,1138.61,1143.03,10316673,0
2018-03-29,16:00:00,1142.29,1144.57,1140.92,1140.92,9478204,0
2018-03-29,17:00:00,1140.96,1147.11,1140.96,1147.11,18273520,0
2018-03-29,18:00:00,1147.87,1147.87,1144.39,1144.5,61480711,0
