Date,Time,Open,High,Low,Close,Volume,OpenInt
2017-09-06,15:00:00,182.7081,182.7081,182.5063,182.5063,0,0
2017-09-06,16:00:00,182.7289,182.8234,182.6697,182.7793,0,0
2017-09-06,17:00:00,182.6058,182.8403,182.5091,182.8403,0,0
2017-09-06,18:00:00,182.8644,183.2539,182.8644,183.1444,0,0
2017-09-06,19:00:00,183.1978,183.2153,182.8848,182.8848,0,0
2017-09-06,20:00:00,182.9577,182.9682,182.8377,182.9233,0,0
2017-09-06,21:00:00,182.9526,183.0233,182.8798,182.9997,0,0
2017-09-07,15:00:00,182.653,182.9518,182.4636,182.9518,0,0
2017-09-07,16:00:00,183.0427,183.0427,182.6284,182.7011,0,0
2017-09-07,17:00:00,182.8695,183.0619,182.711,182.711,0,0
2017-09-07,18:00:00,183.0063,183.0063,182.6402,182.9084,0,0
2017-09-07,19:00:00,182.9407,183.0631,182.9304,183.0199,0,0
2017-09-07,20:00:00,183.0248,183.0248,182.8087,182.8611,0,0
2017-09-07,21:00:00,182.7678,182.8831,182.7134,182.8681,0,0
2017-09-08,15:00:00,182.9823,183.0326,182.8182,183.031,0,0
2017-09-08,16:00:00,183.0006,183.0486,182.8732,182.9581,0,0
2017-09-08,17:00:00,182.9346,182.9863,181.8893,181.8893,0,0
2017-09-08,18:00:00,181.9178,182.332,181.8558,182.1361,0,0
2017-09-08,19:00:00,182.1411,182.1411,181.6012,181.6012,0,0
2017-09-08,20:00:00,181.6852,181.7112,181.0868,181.1116,0,0
2017-09-08,21:00:00,181.1734,181.1903,180.9777,181.1747,0,0
2017-09-11,15:00:00,180.8246,180.8246,180.5519,180.5519,0,0
2017-09-11,16:00:00,180.4908,180.567,180.2355,180.498,0,0
2017-09-11,17:00:00,180.6403,180.9597,180.3789,180.9597,0,0
2017-09-11,18:00:00,180.9198,181.4712,180.8011,181.4712,0,0
2017-09-11,19:00:00,181.499,181.7826,181.4336,181.7826,0,0
2017-09-11,20:00:00,181.7169,181.7169,181.5006,181.5537,0,0
2017-09-11,21:00:00,181.613,181.6838,181.5368,181.6602,0,0
2017-09-12,15:00:00,181.7205,181.7205,181.4009,181.4009,0,0
2017-09-12,16:00:00,181.7377,181.8924,181.3714,181.8853,0,0
2017-09-12,17:00:00,182.0378,182.1373,181.6806,181.7225,0,0
2017-09-12,18:00:00,181.7683,181.9693,181.5943,181.9142,0,0
2017-09-12,19:00:00,181.3646,181.3699,180.9234,181.1786,0,0
2017-09-12,20:00:00,181.2127,181.3535,181.2121,181.2277,0,0
2017-09-12,21:00:00,181.2999,181.5441,181.2999,181.4107,0,0
2017-09-13,15:00:00,182.4126,182.4126,182.2961,182.3291,0,0
2017-09-13,16:00:00,182.3093,182.4594,182.2337,182.4594,0,0
2017-09-13,17:00:00,182.4787,182.4787,182.0383,182.2925,0,0
2017-09-13,18:00:00,182.2897,182.7719,182.2897,182.6509,0,0
2017-09-13,19:00:00,182.5653,182.5653,182.3939,182.4437,0,0
2017-09-13,20:00:00,182.5225,182.8759,182.5225,182.8759,0,0
2017-09-13,21:00:00,182.9217,182.9431,182.8828,182.8828,0,0
2017-09-14,15:00:00,183.278,183.4667,183.1764,183.4667,0,0
2017-09-14,16:00:00,183.4563,183.7401,183.3465,183.7401,0,0
2017-09-14,17:00:00,183.6428,184.2317,183.6428,183.9738,0,0
2017-09-14,18:00:00,183.8005,183.9655,183.6593,183.7168,0,0
2017-09-14,19:00:00,183.6041,183.6482,183.3484,183.3484,0,0
2017-09-14,20:00:00,183.2541,183.4688,183.2541,183.3935,0,0
2017-09-14,21:00:00,183.3435,183.434,183.2922,183.3103,0,0
2017-09-15,15:00:00,183.3261,183.4164,183.2159,183.2282,0,0
2017-09-15,16:00:00,183.2506,183.7871,183.2506,183.7129,0,0
2017-09-15,17:00:00,183.7438,183.8276,183.4863,183.5665,0,0
2017-09-15,18:00:00,183.514,183.7333,183.514,183.5801,0,0
2017-09-15,19:00:00,183.6569,183.7865,183.6234,183.6719,0,0
2017-09-15,20:00:00,183.7383,183.899,183.7304,183.8815,0,0
2017-09-15,21:00:00,183.8821,184.124,183.8821,184.0516,0,0
2017-09-18,15:00:00,183.7686,183.9145,183.6346,183.7874,0,0
2017-09-18,16:00:00,183.7193,184.1703,183.7193,184.1703,0,0
2017-09-18,17:00:00,184.0818,184.1052,183.3176,183.3176,0,0
2017-09-18,18:00:00,183.3192,183.449,183.1492,183.3272,0,0
2017-09-18,19:00:00,183.3837,183.7288,183.3498,183.7288,0,0
2017-09-18,20:00:00,183.6863,183.894,183.605,183.8519,0,0
2017-09-18,21:00:00,183.7584,183.8758,183.7,183.734,0,0
2017-09-19,15:00:00,183.6651,183.9256,183.6542,183.8807,0,0
2017-09-19,16:00:00,184.073,184.073,183.286,183.286,0,0
2017-09-19,17:00:00,183.2464,183.2636,182.8248,182.8349,0,0
2017-09-19,18:00:00,182.7581,182.8345,182.3389,182.3389,0,0
2017-09-19,19:00:00,182.5007,182.7158,182.4136,182.5483,0,0
2017-09-19,20:00:00,182.6134,182.6551,182.3892,182.5391,0,0
2017-09-19,21:00:00,182.6612,182.8555,182.5531,182.5779,0,0
2017-09-20,15:00:00,183.6573,183.6573,183.3412,183.3817,0,0
2017-09-20,16:00:00,183.3626,183.9116,183.3493,183.9116,0,0
2017-09-20,17:00:00,183.9378,184.0988,183.5951,184.0988,0,0
2017-09-20,18:00:00,184.3232,184.3232,184.0722,184.2607,0,0
2017-09-20,19:00:00,184.5903,184.8891,184.5644,184.8263,0,0
2017-09-20,20:00:00,184.7539,184.9079,184.7539,184.8898,0,0
2017-09-20,21:00:00,184.8177,184.8177,184.5745,184.6338,0,0
2017-09-21,15:00:00,183.3757,183.5831,183.3455,183.5566,0,0
2017-09-21,16:00:00,183.6118,183.6118,183.226,183.4713,0,0
2017-09-21,17:00:00,183.6255,183.6888,183.4622,183.59,0,0
2017-09-21,18:00:00,183.5647,183.743,183.5497,183.6567,0,0
2017-09-21,19:00:00,183.6789,183.6789,183.3894,183.4809,0,0
2017-09-21,20:00:00,183.4712,183.5212,183.3327,183.4074,0,0
2017-09-21,21:00:00,183.3848,183.423,183.3827,183.3955,0,0
2017-09-22,15:00:00,183.6971,183.7701,183.4348,183.7701,0,0
2017-09-22,16:00:00,183.7438,183.787,183.5776,183.7159,0,0
2017-09-22,17:00:00,183.7778,184.1083,183.7681,183.9459,0,0
2017-09-22,18:00:00,183.8883,183.8883,183.3047,183.3047,0,0
2017-09-22,19:00:00,183.3516,183.4044,183.1907,183.289,0,0
2017-09-22,20:00:00,183.3195,183.4822,183.2924,183.4599,0,0
2017-09-22,21:00:00,183.4235,183.5688,183.4224,183.5685,0,0
2017-09-25,15:00:00,183.944,184.0853,183.795,183.8307,0,0
2017-09-25,16:00:00,183.7688,183.9173,183.5718,183.8295,0,0
2017-09-25,17:00:00,183.7787,183.9636,183.7301,183.8065,0,0
2017-09-25,18:00:00,183.8249,184.2916,183.7849,183.8327,0,0
2017-09-25,19:00:00,183.8745,184.1733,183.8729,184.1733,0,0
2017-09-25,20:00:00,184.1224,184.4864,184.0667,184.4864,0,0
2017-09-25,21:00:00,184.4892,184.6436,184.4892,184.6093,0,0
2017-09-26,15:00:00,184.2358,184.2358,183.774,183.8709,0,0
2017-09-26,16:00:00,183.8895,183.9545,183.2585,183.4269,0,0
2017-09-26,17:00:00,183.4035,183.5742,183.3238,183.4895,0,0
2017-09-26,18:00:00,183.5769,183.7998,183.4923,183.5836,0,0
2017-09-26,19:00:00,183.6215,183.6215,183.2267,183.2878,0,0
2017-09-26,20:00:00,183.2472,183.3586,183.2283,183.2393,0,0
2017-09-26,21:00:00,183.225,183.4218,183.1481,183.3961,0,0
2017-09-27,15:00:00,183.2618,183.2912,183.2001,183.2208,0,0
2017-09-27,16:00:00,183.4193,183.5894,183.2353,183.2965,0,0
2017-09-27,17:00:00,183.2621,183.4343,183.1064,183.2927,0,0
2017-09-27,18:00:00,183.3758,183.805,183.3541,183.805,0,0
2017-09-27,19:00:00,183.7091,183.884,183.7091,183.8324,0,0
2017-09-27,20:00:00,183.8459,183.9437,183.4971,183.6014,0,0
2017-09-27,21:00:00,183.8096,183.8605,183.6987,183.8605,0,0
2017-09-28,15:00:00,184.0143,184.0583,183.8001,183.9604,0,0
2017-09-28,16:00:00,184.0124,184.0523,183.7471,183.7471,0,0
2017-09-28,17:00:00,183.5775,183.8628,183.5775,183.8628,0,0
2017-09-28,18:00:00,183.6762,183.7306,182.7756,182.7756,0,0
2017-09-28,19:00:00,182.7377,182.8983,182.5784,182.7561,0,0
2017-09-28,20:00:00,182.6511,182.9417,182.571,182.9417,0,0
2017-09-28,21:00:00,182.929,183.0021,182.8996,182.9904,0,0
2017-09-29,15:00:00,182.834,182.9966,182.7435,182.923,0,0
2017-09-29,16:00:00,182.7476,182.9654,182.6584,182.6584,0,0
2017-09-29,17:00:00,182.7817,182.9441,182.4573,182.9441,0,0
2017-09-29,18:00:00,182.9303,182.9599,182.7415,182.7415,0,0
2017-09-29,19:00:00,183.0183,183.5327,182.8538,183.3616,0,0
2017-09-29,20:00:00,183.2934,183.2934,183.0013,183.0013,0,0
2017-09-29,21:00:00,183.0411,183.1035,182.9248,183.0882,0,0
2017-10-02,15:00:00,181.0162,181.1439,180.8239,180.9087,0,0
2017-10-02,16:00:00,180.9369,180.9369,180.4774,180.4774,0,0
2017-10-02,17:00:00,180.3704,180.9787,180.3704,180.7546,0,0
2017-10-02,18:00:00,180.6883,180.6917,180.3805,180.5988,0,0
2017-10-02,19:00:00,180.6336,181.1203,180.6336,181.0232,0,0
2017-10-02,20:00:00,180.9199,181.0063,180.7794,180.8794,0,0
2017-10-02,21:00:00,180.8198,180.928,180.6981,180.9092,0,0
2017-10-03,15:00:00,180.6649,180.7057,180.354,180.4343,0,0
2017-10-03,16:00:00,180.5895,181.1259,180.4045,181.0201,0,0
2017-10-03,17:00:00,180.9996,180.9996,180.7977,180.9448,0,0
2017-10-03,18:00:00,180.9363,181.1025,180.8249,181.0678,0,0
2017-10-03,19:00:00,181.0243,181.0333,180.8292,180.9426,0,0
2017-10-03,20:00:00,180.9143,181.0695,180.8824,181.0649,0,0
2017-10-03,21:00:00,180.9173,180.9173,180.8182,180.8984,0,0
2017-10-04,15:00:00,181.1787,181.2754,181.0821,181.1502,0,0
2017-10-04,16:00:00,181.1885,181.2959,181.1574,181.159,0,0
2017-10-04,17:00:00,181.1558,181.7556,181.0717,181.4582,0,0
2017-10-04,18:00:00,181.439,181.8163,181.2868,181.8163,0,0
2017-10-04,19:00:00,181.7878,181.818,181.2976,181.3872,0,0
2017-10-04,20:00:00,181.399,181.6286,181.399,181.4113,0,0
2017-10-04,21:00:00,181.4463,181.4463,181.2905,181.2905,0,0
2017-10-05,15:00:00,181.6174,182.1245,181.6174,182.1245,0,0
2017-10-05,16:00:00,182.0979,182.5396,182.0453,182.2745,0,0
2017-10-05,17:00:00,182.2682,183.0554,182.2682,183.0554,0,0
2017-10-05,18:00:00,183.039,183.3902,183.0132,183.267,0,0
2017-10-05,19:00:00,183.2166,183.2375,182.8697,182.9829,0,0
2017-10-05,20:00:00,182.9246,183.0327,182.8417,182.8698,0,0
2017-10-05,21:00:00,182.83,183.004,182.761,182.9434,0,0
2017-10-06,15:00:00,182.079,182.079,181.4957,181.5547,0,0
2017-10-06,16:00:00,181.3466,181.3776,180.7492,180.9875,0,0
2017-10-06,17:00:00,180.9123,180.9229,180.7113,180.8983,0,0
2017-10-06,18:00:00,180.6025,181.1559,180.5869,180.9035,0,0
2017-10-06,19:00:00,180.8948,180.9495,180.8064,180.897,0,0
2017-10-06,20:00:00,180.9299,181.151,180.9299,181.0202,0,0
2017-10-06,21:00:00,180.9751,181.0631,180.9426,180.9549,0,0
2017-10-09,15:00:00,180.9736,180.9983,180.5227,180.8189,0,0
2017-10-09,16:00:00,180.7713,181.1185,180.7713,180.7745,0,0
2017-10-09,17:00:00,180.6008,180.9091,180.6008,180.8827,0,0
2017-10-09,18:00:00,180.7054,180.8343,180.6469,180.762,0,0
2017-10-09,19:00:00,180.814,181.1377,180.814,181.1111,0,0
2017-10-09,20:00:00,181.1691,181.1691,181.0513,181.0946,0,0
2017-10-09,21:00:00,181.0657,181.0657,180.9303,180.956,0,0
2017-10-10,15:00:00,182.3264,182.3833,182.1259,182.1821,0,0
2017-10-10,16:00:00,182.3794,182.9274,182.3794,182.9274,0,0
2017-10-10,17:00:00,182.8988,183.33,182.8988,183.33,0,0
2017-10-10,18:00:00,183.4178,183.4557,183.1445,183.1445,0,0
2017-10-10,19:00:00,183.1394,183.2974,183.1153,183.2974,0,0
2017-10-10,20:00:00,183.2988,183.2988,183.1237,183.1546,0,0
2017-10-10,21:00:00,183.0881,183.2072,182.9531,183.1964,0,0
2017-10-11,15:00:00,183.4353,183.6129,183.3647,183.6129,0,0
2017-10-11,16:00:00,183.4959,183.7319,183.3137,183.3137,0,0
2017-10-11,17:00:00,183.3519,183.382,183.0917,183.1357,0,0
2017-10-11,18:00:00,183.012,183.2552,183.012,183.2474,0,0
2017-10-11,19:00:00,183.3449,183.4363,183.2444,183.3545,0,0
2017-10-11,20:00:00,183.3766,183.6393,183.3766,183.5038,0,0
2017-10-11,21:00:00,183.5086,183.5086,183.4213,183.4961,0,0
2017-10-12,15:00:00,182.6797,182.9023,182.6724,182.8768,0,0
2017-10-12,16:00:00,182.7187,182.7248,182.3864,182.3864,0,0
2017-10-12,17:00:00,182.437,182.6905,182.4041,182.489,0,0
2017-10-12,18:00:00,182.6251,182.9871,182.4985,182.986,0,0
2017-10-12,19:00:00,183.3517,183.798,183.0293,183.0293,0,0
2017-10-12,20:00:00,183.0409,183.3667,182.9743,183.3205,0,0
2017-10-12,21:00:00,183.359,183.4119,183.2479,183.2752,0,0
2017-10-13,15:00:00,184.6103,184.9735,184.4672,184.8351,0,0
2017-10-13,16:00:00,184.8105,184.9827,184.4257,184.4989,0,0
2017-10-13,17:00:00,184.5889,184.5889,183.9865,184.0656,0,0
2017-10-13,18:00:00,184.1056,184.5604,184.1056,184.5604,0,0
2017-10-13,19:00:00,184.6279,184.8211,184.6279,184.6947,0,0
2017-10-13,20:00:00,184.7064,184.7064,184.2227,184.3633,0,0
2017-10-13,21:00:00,184.4647,184.829,184.4078,184.829,0,0
2017-10-16,15:00:00,185.7071,185.7071,185.3743,185.4902,0,0
2017-10-16,16:00:00,185.3798,185.3798,185.1343,185.1343,0,0
2017-10-16,17:00:00,185.1811,185.2011,184.7507,184.7507,0,0
2017-10-16,18:00:00,184.8076,184.8076,184.4716,184.4717,0,0
2017-10-16,19:00:00,184.5048,184.8382,184.5048,184.7883,0,0
2017-10-16,20:00:00,184.799,184.799,184.5863,184.5863,0,0
2017-10-16,21:00:00,184.5815,184.628,184.5815,184.6214,0,0
2017-10-17,15:00:00,184.6443,184.7886,184.6443,184.7124,0,0
2017-10-17,16:00:00,184.8075,184.8075,184.5897,184.7079,0,0
2017-10-17,17:00:00,184.818,184.9759,184.1357,184.1366,0,0
2017-10-17,18:00:00,184.1145,184.3117,183.8404,184.1162,0,0
2017-10-17,19:00:00,184.0252,184.2015,184.0252,184.1515,0,0
2017-10-17,20:00:00,184.0781,184.0781,183.9685,184.0427,0,0
2017-10-17,21:00:00,184.0303,184.2406,184.0303,184.2388,0,0
2017-10-18,15:00:00,184.2248,184.3817,184.1189,184.3807,0,0
2017-10-18,16:00:00,184.3756,184.4192,184.2609,184.2709,0,0
2017-10-18,17:00:00,184.3864,184.3864,184.0159,184.0558,0,0
2017-10-18,18:00:00,183.9503,183.998,183.68,183.9925,0,0
2017-10-18,19:00:00,183.85,183.85,183.7657,183.8337,0,0
2017-10-18,20:00:00,183.8663,183.96,183.8532,183.8827,0,0
2017-10-18,21:00:00,183.9716,184.0321,183.9625,183.9923,0,0
2017-10-19,15:00:00,183.5791,183.6435,183.4503,183.519,0,0
2017-10-19,16:00:00,183.4783,183.9233,183.4783,183.9233,0,0
2017-10-19,17:00:00,183.9465,184.2843,183.8366,184.2843,0,0
2017-10-19,18:00:00,184.1378,184.2584,184.061,184.1802,0,0
2017-10-19,19:00:00,184.0746,184.0746,183.8949,183.9677,0,0
2017-10-19,20:00:00,184.0175,184.1474,184.0099,184.0715,0,0
2017-10-19,21:00:00,184.1985,184.1985,184.0709,184.0709,0,0
2017-10-20,15:00:00,184.0452,184.1063,183.7324,183.8746,0,0
2017-10-20,16:00:00,184.0097,184.1169,183.8443,183.8443,0,0
2017-10-20,17:00:00,183.8269,184.2825,183.8269,184.0804,0,0
2017-10-20,18:00:00,184.0037,184.0142,183.4534,183.4534,0,0
2017-10-20,19:00:00,183.5036,183.6941,183.3751,183.6941,0,0
2017-10-20,20:00:00,183.6854,183.929,183.6854,183.9221,0,0
2017-10-20,21:00:00,183.8835,184.1507,183.8168,184.1165,0,0
2017-10-23,15:00:00,184.5735,184.5841,184.4637,184.5435,0,0
2017-10-23,16:00:00,184.698,184.9517,184.6914,184.8869,0,0
2017-10-23,17:00:00,185.0023,185.0023,184.6985,184.7487,0,0
2017-10-23,18:00:00,184.7994,184.8414,184.4474,184.811,0,0
2017-10-23,19:00:00,184.7638,184.9365,184.7102,184.7185,0,0
2017-10-23,20:00:00,184.6971,184.7643,184.636,184.7643,0,0
2017-10-23,21:00:00,184.8255,184.8258,184.7076,184.7112,0,0
2017-10-24,15:00:00,185.0159,185.1026,184.9896,184.9896,0,0
2017-10-24,16:00:00,185.0587,185.0587,184.7415,184.8479,0,0
2017-10-24,17:00:00,184.9064,185.0846,184.6528,184.6528,0,0
2017-10-24,18:00:00,184.6435,185.3186,184.4921,185.2612,0,0
2017-10-24,19:00:00,185.4298,185.5658,185.4298,185.541,0,0
2017-10-24,20:00:00,185.577,185.7268,185.5421,185.7268,0,0
2017-10-24,21:00:00,185.7776,185.8318,185.7687,185.824,0,0
2017-10-25,15:00:00,185.6206,185.7547,185.6009,185.7111,0,0
2017-10-25,16:00:00,185.6141,185.9799,185.5364,185.8201,0,0
2017-10-25,17:00:00,185.7366,186.0814,185.7344,185.7344,0,0
2017-10-25,18:00:00,185.5379,185.6867,185.3684,185.4618,0,0
2017-10-25,19:00:00,185.2971,185.4813,185.2176,185.4111,0,0
2017-10-25,20:00:00,185.2726,185.3263,185.1967,185.3146,0,0
2017-10-25,21:00:00,185.2738,185.4023,185.2738,185.4023,0,0
2017-10-26,15:00:00,185.1328,185.1328,184.9609,185.0284,0,0
2017-10-26,16:00:00,185.1547,185.1547,184.8157,184.9443,0,0
2017-10-26,17:00:00,184.9736,185.1755,184.8336,185.129,0,0
2017-10-26,18:00:00,185.1514,185.676,185.1514,185.676,0,0
2017-10-26,19:00:00,185.7436,185.8001,185.5246,185.6891,0,0
2017-10-26,20:00:00,185.7011,186.0416,185.7011,186.0255,0,0
2017-10-26,21:00:00,185.9688,185.9688,185.8125,185.935,0,0
2017-10-27,15:00:00,184.8986,185.2326,184.7694,185.1639,0,0
2017-10-27,16:00:00,185.0937,185.8238,185.0937,185.8238,0,0
2017-10-27,17:00:00,186.0925,186.204,185.958,186.161,0,0
2017-10-27,18:00:00,186.2639,186.6755,186.2639,186.634,0,0
2017-10-27,19:00:00,186.5944,186.6605,186.4557,186.5801,0,0
2017-10-27,20:00:00,186.5727,186.8043,186.4848,186.8043,0,0
2017-10-27,21:00:00,186.8027,186.8914,186.7545,186.8914,0,0
2017-10-30,14:00:00,187.0349,187.1886,187.0349,187.0793,0,0
2017-10-30,15:00:00,187.143,187.7617,187.0705,187.7617,0,0
2017-10-30,16:00:00,187.6962,187.6962,187.1407,187.1407,0,0
2017-10-30,17:00:00,187.1917,187.5102,187.1375,187.5102,0,0
2017-10-30,18:00:00,187.5187,187.6237,187.359,187.5625,0,0
2017-10-30,19:00:00,187.5121,187.5512,187.3795,187.3795,0,0
2017-10-30,20:00:00,187.3677,187.5389,187.3677,187.5295,0,0
2017-10-31,14:00:00,187.158,187.1782,186.9725,187.0085,0,0
2017-10-31,15:00:00,187.095,187.095,186.8745,186.8745,0,0
2017-10-31,16:00:00,186.9188,187.0227,186.9029,186.9205,0,0
2017-10-31,17:00:00,186.9533,187.1575,186.9533,187.1575,0,0
2017-10-31,18:00:00,187.1951,187.3151,187.1912,187.2503,0,0
2017-10-31,19:00:00,187.2258,187.7483,187.2258,187.7386,0,0
2017-10-31,20:00:00,187.7075,187.7502,187.5399,187.5576,0,0
2017-11-01,14:00:00,188.8341,188.8341,188.5245,188.5393,0,0
2017-11-01,15:00:00,188.4238,188.4238,188.1856,188.2747,0,0
2017-11-01,16:00:00,188.4799,188.7204,188.1145,188.1145,0,0
2017-11-01,17:00:00,188.2927,188.3455,187.7492,187.8747,0,0
2017-11-01,18:00:00,187.9731,188.1044,187.8166,188.0756,0,0
2017-11-01,19:00:00,187.941,187.9729,187.6047,187.6047,0,0
2017-11-01,20:00:00,187.7723,187.9489,187.7723,187.9417,0,0
2017-11-02,14:00:00,187.8173,187.9168,187.5016,187.675,0,0
2017-11-02,15:00:00,187.5559,187.8238,187.5083,187.5083,0,0
2017-11-02,16:00:00,187.5057,187.9506,187.5057,187.9506,0,0
2017-11-02,17:00:00,187.8812,188.1438,187.8394,188.1332,0,0
2017-11-02,18:00:00,188.0076,188.1726,188.0076,188.1327,0,0
2017-11-02,19:00:00,188.0966,188.0966,187.914,188.0716,0,0
2017-11-02,20:00:00,187.9691,188.1272,187.9691,188.1263,0,0
2017-11-03,14:00:00,188.5035,188.6692,188.4052,188.5831,0,0
2017-11-03,15:00:00,188.5754,189.0884,188.5754,188.6313,0,0
2017-11-03,16:00:00,188.5529,188.6454,187.9718,188.0661,0,0
2017-11-03,17:00:00,188.0692,188.2337,187.8184,188.2337,0,0
2017-11-03,18:00:00,188.3156,188.7395,188.2848,188.4195,0,0
2017-11-03,19:00:00,188.5564,189.2265,188.5564,189.2265,0,0
2017-11-03,20:00:00,189.2253,189.4038,189.2253,189.3802,0,0
2017-11-06,15:00:00,190.1582,190.2326,189.9996,189.9996,0,0
2017-11-06,16:00:00,189.8923,190.0837,189.8069,190.0837,0,0
2017-11-06,17:00:00,190.0988,190.8848,190.0988,190.8848,0,0
2017-11-06,18:00:00,190.8281,192.3592,190.8281,192.229,0,0
2017-11-06,19:00:00,192.2057,192.2582,192.1074,192.2466,0,0
2017-11-06,20:00:00,192.2045,192.563,192.1701,192.5064,0,0
2017-11-06,21:00:00,192.6169,192.7766,192.5067,192.568,0,0
2017-11-07,15:00:00,192.0158,192.2264,191.9915,192.0933,0,0
2017-11-07,16:00:00,192.1123,192.1123,191.5731,191.5731,0,0
2017-11-07,17:00:00,191.563,191.8874,191.4337,191.8874,0,0
2017-11-07,18:00:00,191.7928,191.9953,191.656,191.9711,0,0
2017-11-07,19:00:00,192.0136,192.0136,191.7817,191.8107,0,0
2017-11-07,20:00:00,191.8899,191.8899,191.7127,191.7127,0,0
2017-11-07,21:00:00,191.8259,191.8723,191.7094,191.847,0,0
2017-11-08,15:00:00,191.824,191.8918,191.8114,191.8818,0,0
2017-11-08,16:00:00,191.9312,192.0552,191.7092,191.7092,0,0
2017-11-08,17:00:00,191.8064,191.8229,191.4136,191.7068,0,0
2017-11-08,18:00:00,191.748,192.192,191.748,191.8886,0,0
2017-11-08,19:00:00,191.9891,192.8913,191.8237,191.8237,0,0
2017-11-08,20:00:00,191.8558,192.0592,191.5007,192.0538,0,0
2017-11-08,21:00:00,191.7849,191.9842,191.7849,191.8912,0,0
2017-11-09,15:00:00,191.8575,192.1557,191.8473,192.0379,0,0
2017-11-09,16:00:00,192.0226,192.124,191.9477,192.124,0,0
2017-11-09,17:00:00,192.5779,192.631,192.3906,192.495,0,0
2017-11-09,18:00:00,192.5903,192.5903,192.3003,192.3706,0,0
2017-11-09,19:00:00,192.043,192.1625,191.7971,192.0216,0,0
2017-11-09,20:00:00,192.1046,192.1046,191.915,191.9596,0,0
2017-11-09,21:00:00,192.0494,192.0524,191.8339,191.8689,0,0
2017-11-10,15:00:00,191.8291,192.0359,191.8291,192.0359,0,0
2017-11-10,16:00:00,192.0244,192.0828,191.9773,192.0597,0,0
2017-11-10,17:00:00,192.0849,192.217,192.0214,192.217,0,0
2017-11-10,18:00:00,192.1366,192.1366,191.6405,191.7871,0,0
2017-11-10,19:00:00,191.6191,191.6313,191.2589,191.6313,0,0
2017-11-10,20:00:00,191.6218,191.7025,191.5,191.7025,0,0
2017-11-10,21:00:00,191.7504,191.8752,191.648,191.648,0,0
2017-11-13,15:00:00,191.464,191.5579,191.464,191.5313,0,0
2017-11-13,16:00:00,191.5364,191.834,191.5364,191.7795,0,0
2017-11-13,17:00:00,191.9919,192.1037,191.9252,192.0562,0,0
2017-11-13,18:00:00,192.0774,192.0774,191.2266,191.549,0,0
2017-11-13,19:00:00,191.7485,191.8448,191.699,191.7272,0,0
2017-11-13,20:00:00,191.6937,191.7453,191.4191,191.4936,0,0
2017-11-13,21:00:00,191.5935,191.6606,191.4472,191.4481,0,0
2017-11-14,15:00:00,190.9427,190.9427,190.6757,190.6757,0,0
2017-11-14,16:00:00,190.7803,190.8193,189.8623,189.8623,0,0
2017-11-14,17:00:00,189.9049,189.9049,188.7843,188.7843,0,0
2017-11-14,18:00:00,188.6525,188.9597,188.6525,188.7455,0,0
2017-11-14,19:00:00,188.7781,188.8809,188.6426,188.8809,0,0
2017-11-14,20:00:00,188.9292,189.058,188.7512,188.8179,0,0
2017-11-14,21:00:00,188.8546,189.0825,188.8536,189.0565,0,0
2017-11-15,15:00:00,188.3097,188.5123,188.3097,188.4816,0,0
2017-11-15,16:00:00,188.5201,188.5201,188.1193,188.2031,0,0
2017-11-15,17:00:00,188.145,188.45,188.0361,188.3739,0,0
2017-11-15,18:00:00,188.4997,188.7259,188.4381,188.5028,0,0
2017-11-15,19:00:00,188.5301,188.6343,188.4839,188.6343,0,0
2017-11-15,20:00:00,188.6229,188.7909,188.5052,188.5052,0,0
2017-11-15,21:00:00,188.579,188.6439,188.5281,188.6384,0,0
2017-11-16,15:00:00,188.4732,188.8127,188.4732,188.7549,0,0
2017-11-16,16:00:00,188.6708,188.6824,188.367,188.4244,0,0
2017-11-16,17:00:00,188.5352,188.8646,188.5352,188.8002,0,0
2017-11-16,18:00:00,189.0338,189.0338,188.3308,188.3411,0,0
2017-11-16,19:00:00,188.2401,188.4869,188.1855,188.4059,0,0
2017-11-16,20:00:00,188.4545,188.5182,188.3563,188.3879,0,0
2017-11-16,21:00:00,188.4829,188.4829,188.1837,188.2464,0,0
2017-11-17,15:00:00,189.2313,189.3201,189.125,189.2734,0,0
2017-11-17,16:00:00,189.0738,189.4081,189.0738,189.4081,0,0
2017-11-17,17:00:00,189.4748,189.7713,189.3546,189.7713,0,0
2017-11-17,18:00:00,189.754,190.0583,189.754,189.9617,0,0
2017-11-17,19:00:00,190.1033,190.2742,190.0935,190.2552,0,0
2017-11-17,20:00:00,190.3946,190.5095,190.3385,190.3385,0,0
2017-11-17,21:00:00,190.3772,190.3984,190.2555,190.3859,0,0
2017-11-20,15:00:00,189.1053,189.3448,188.984,188.984,0,0
2017-11-20,16:00:00,188.9816,189.0385,188.7207,188.849,0,0
2017-11-20,17:00:00,188.7969,188.7969,188.401,188.6637,0,0
2017-11-20,18:00:00,188.825,189.0235,188.7696,188.9354,0,0
2017-11-20,19:00:00,188.9136,188.9136,188.7744,188.8312,0,0
2017-11-20,20:00:00,188.7314,188.937,188.7314,188.9013,0,0
2017-11-20,21:00:00,188.9906,189.2221,188.9906,189.2103,0,0
2017-11-21,15:00:00,189.3253,189.4207,189.2083,189.2676,0,0
2017-11-21,16:00:00,189.2014,189.9108,189.1787,189.8892,0,0
2017-11-21,17:00:00,190.2962,190.3066,190.0526,190.0526,0,0
2017-11-21,18:00:00,189.8079,189.968,189.8056,189.8056,0,0
2017-11-21,19:00:00,189.7054,189.8805,189.7054,189.7637,0,0
2017-11-21,20:00:00,189.694,189.7006,189.5349,189.6469,0,0
2017-11-21,21:00:00,189.6654,189.8443,189.6654,189.8287,0,0
2017-11-22,15:00:00,190.8678,190.9584,190.8026,190.8464,0,0
2017-11-22,16:00:00,190.8112,191.0643,190.7947,190.9013,0,0
2017-11-22,17:00:00,190.8545,191.1378,190.7399,190.9196,0,0
2017-11-22,18:00:00,191.0649,191.5423,191.0649,191.5423,0,0
2017-11-22,19:00:00,191.7291,191.7291,191.315,191.4926,0,0
2017-11-22,20:00:00,191.4704,191.6598,191.4704,191.6598,0,0
2017-11-22,21:00:00,191.6521,191.6521,191.5872,191.6041,0,0
2017-11-24,15:00:00,192.177,192.2661,192.0088,192.2631,0,0
2017-11-24,16:00:00,192.2733,192.3494,192.1907,192.3494,0,0
2017-11-24,17:00:00,192.1859,192.3823,192.0981,192.3268,0,0
2017-11-24,18:00:00,192.3471,192.4653,192.017,192.2899,0,0
2017-11-24,19:00:00,192.2004,192.2004,192.0126,192.1811,0,0
2017-11-24,20:00:00,192.195,192.281,192.1373,192.2154,0,0
2017-11-24,21:00:00,192.2154,192.2154,192.2154,192.2154,0,0
2017-11-27,15:00:00,191.7957,192.1352,191.7957,192.1184,0,0
2017-11-27,16:00:00,192.22,192.22,191.5507,191.5507,0,0
2017-11-27,17:00:00,191.5205,191.5205,191.0483,191.4675,0,0
2017-11-27,18:00:00,191.419,191.5675,191.2592,191.4579,0,0
2017-11-27,19:00:00,191.5339,191.7601,191.489,191.7376,0,0
2017-11-27,20:00:00,191.687,191.7911,191.687,191.7177,0,0
2017-11-27,21:00:00,191.8406,191.8406,191.5934,191.6288,0,0
2017-11-28,15:00:00,190.9455,191.0601,190.9207,190.9741,0,0
2017-11-28,16:00:00,191.1154,191.3267,190.9646,191.1642,0,0
2017-11-28,17:00:00,191.0533,191.3281,191.0533,191.162,0,0
2017-11-28,18:00:00,191.1254,191.1843,191.0062,191.0379,0,0
2017-11-28,19:00:00,190.8891,191.1778,190.8891,191.0354,0,0
2017-11-28,20:00:00,191.0533,191.2454,191.0533,191.2454,0,0
2017-11-28,21:00:00,191.2585,191.2923,191.2125,191.2129,0,0
2017-11-29,15:00:00,191.2305,191.3722,191.1174,191.3722,0,0
2017-11-29,16:00:00,191.4172,191.5791,191.2417,191.5791,0,0
2017-11-29,17:00:00,191.6732,192.0766,191.4999,192.0766,0,0
2017-11-29,18:00:00,192.0537,192.0537,191.0715,191.1215,0,0
2017-11-29,19:00:00,191.0791,191.0791,190.4914,190.5232,0,0
2017-11-29,20:00:00,190.5069,190.6874,190.4225,190.6204,0,0
2017-11-29,21:00:00,190.7001,191.064,190.671,190.9047,0,0
2017-11-30,15:00:00,191.1802,191.2155,190.854,191.0418,0,0
2017-11-30,16:00:00,190.8267,191.0131,190.7129,191.0131,0,0
2017-11-30,17:00:00,190.9843,190.9843,190.0786,190.517,0,0
2017-11-30,18:00:00,190.3906,190.62,189.5176,189.5176,0,0
2017-11-30,19:00:00,189.1963,189.3673,188.9313,188.9649,0,0
2017-11-30,20:00:00,189.0024,189.1793,188.8785,188.958,0,0
2017-11-30,21:00:00,189.0477,189.1975,189.0122,189.1714,0,0
2017-12-01,15:00:00,190.1441,190.1694,189.8645,190.0441,0,0
2017-12-01,16:00:00,190.4961,191.0645,190.4504,191.0645,0,0
2017-12-01,17:00:00,191.0646,191.3792,190.9976,191.3399,0,0
2017-12-01,18:00:00,191.4216,191.4216,190.9427,191.0226,0,0
2017-12-01,19:00:00,191.06,191.0762,190.6652,190.6652,0,0
2017-12-01,20:00:00,190.5789,190.5864,190.3949,190.5086,0,0
2017-12-01,21:00:00,190.5575,190.7261,190.4796,190.6855,0,0
2017-12-04,15:00:00,190.1437,190.4197,190.1437,190.1808,0,0
2017-12-04,16:00:00,190.1087,190.1087,189.2133,189.2133,0,0
2017-12-04,17:00:00,189.3468,189.4298,189.1538,189.2901,0,0
2017-12-04,18:00:00,189.299,189.4273,189.2603,189.2892,0,0
2017-12-04,19:00:00,189.3125,189.362,188.9087,188.9253,0,0
2017-12-04,20:00:00,188.924,188.924,188.7378,188.7995,0,0
2017-12-04,21:00:00,188.7448,188.7938,188.6486,188.6871,0,0
2017-12-05,15:00:00,187.9208,188.0543,187.9208,188.0523,0,0
2017-12-05,16:00:00,188.0045,188.2615,187.8023,188.2615,0,0
2017-12-05,17:00:00,188.1051,188.1227,187.8671,187.9526,0,0
2017-12-05,18:00:00,187.8308,187.8837,187.473,187.5441,0,0
2017-12-05,19:00:00,187.5375,187.8814,187.4453,187.69,0,0
2017-12-05,20:00:00,187.773,187.773,187.4601,187.6049,0,0
2017-12-05,21:00:00,187.6043,187.6043,187.4529,187.468,0,0
2017-12-06,15:00:00,186.973,187.0735,186.8608,187.0033,0,0
2017-12-06,16:00:00,186.8774,187.0473,186.1764,186.2582,0,0
2017-12-06,17:00:00,186.2185,186.2185,185.9938,185.9938,0,0
2017-12-06,18:00:00,185.9153,185.9153,184.9352,184.9352,0,0
2017-12-06,19:00:00,185.0783,185.1125,184.9707,185.0855,0,0
2017-12-06,20:00:00,185.0693,185.1054,184.9558,185.0493,0,0
2017-12-06,21:00:00,185.061,185.061,184.7137,184.7238,0,0
2017-12-07,15:00:00,184.4321,184.5312,184.2318,184.5312,0,0
2017-12-07,16:00:00,184.3997,184.5388,184.2567,184.3082,0,0
2017-12-07,17:00:00,184.1807,184.3998,184.1807,184.3808,0,0
2017-12-07,18:00:00,184.2839,184.2839,183.8631,184.158,0,0
2017-12-07,19:00:00,184.1573,184.4475,184.1192,184.4135,0,0
2017-12-07,20:00:00,184.3726,184.4676,184.3247,184.3518,0,0
2017-12-07,21:00:00,184.4073,184.5189,184.4073,184.471,0,0
2017-12-08,15:00:00,185.8469,185.8469,185.6382,185.7671,0,0
2017-12-08,16:00:00,185.7882,185.7882,184.9929,184.9929,0,0
2017-12-08,17:00:00,184.9401,185.2524,184.6132,185.2524,0,0
2017-12-08,18:00:00,185.2158,185.5865,185.0654,185.3615,0,0
2017-12-08,19:00:00,185.3192,185.3192,185.0253,185.0253,0,0
2017-12-08,20:00:00,185.0795,185.1025,184.8787,185.1025,0,0
2017-12-08,21:00:00,185.0599,185.0912,185.0102,185.0158,0,0
2017-12-11,15:00:00,185.3802,185.3811,185.1691,185.1847,0,0
2017-12-11,16:00:00,185.316,185.4824,185.1461,185.2058,0,0
2017-12-11,17:00:00,185.3663,185.6571,185.2479,185.6571,0,0
2017-12-11,18:00:00,185.5256,185.6247,185.4611,185.6247,0,0
2017-12-11,19:00:00,185.6929,185.7248,185.3581,185.4827,0,0
2017-12-11,20:00:00,185.4523,185.6253,185.4523,185.6048,0,0
2017-12-11,21:00:00,185.703,185.703,185.403,185.4916,0,0
2017-12-12,15:00:00,186.2552,186.2552,185.9273,186.0297,0,0
2017-12-12,16:00:00,185.8463,185.9171,184.9385,184.9386,0,0
2017-12-12,17:00:00,185.0794,185.0794,184.6384,184.8693,0,0
2017-12-12,18:00:00,184.6324,184.6324,184.1085,184.1085,0,0
2017-12-12,19:00:00,184.1201,184.2768,183.912,184.1163,0,0
2017-12-12,20:00:00,184.0168,184.0168,183.5338,183.5338,0,0
2017-12-12,21:00:00,183.4889,183.4889,183.2465,183.4141,0,0
2017-12-13,15:00:00,184.3265,184.6148,184.2709,184.3779,0,0
2017-12-13,16:00:00,184.31,184.31,183.7296,183.811,0,0
2017-12-13,17:00:00,183.9272,184.0663,183.6152,183.9185,0,0
2017-12-13,18:00:00,183.8138,183.8138,183.4473,183.4473,0,0
2017-12-13,19:00:00,183.4503,183.7877,183.3908,183.7227,0,0
2017-12-13,20:00:00,183.6371,183.672,183.5387,183.6123,0,0
2017-12-13,21:00:00,183.6117,183.6117,183.3159,183.3645,0,0
2017-12-14,15:00:00,183.1119,183.216,183.0401,183.182,0,0
2017-12-14,16:00:00,183.0974,183.5299,183.0617,183.5299,0,0
2017-12-14,17:00:00,183.7129,184.0026,183.5067,183.5067,0,0
2017-12-14,18:00:00,183.4118,183.9449,183.3833,183.7743,0,0
2017-12-14,19:00:00,183.7998,184.148,183.7998,183.9694,0,0
2017-12-14,20:00:00,183.9542,184.1903,183.9216,184.0845,0,0
2017-12-14,21:00:00,184.1645,184.2659,184.1427,184.2184,0,0
2017-12-15,15:00:00,184.7162,184.9641,184.7162,184.9632,0,0
2017-12-15,16:00:00,185.0057,185.0582,184.6263,184.9893,0,0
2017-12-15,17:00:00,184.7776,184.7776,184.5752,184.7128,0,0
2017-12-15,18:00:00,184.6112,184.6352,184.496,184.5636,0,0
2017-12-15,19:00:00,184.3228,184.5539,184.3228,184.4955,0,0
2017-12-15,20:00:00,184.5385,184.5423,184.3987,184.5262,0,0
2017-12-15,21:00:00,184.5824,184.6352,184.516,184.5239,0,0
2017-12-18,15:00:00,185.5476,185.6318,185.4587,185.5474,0,0
2017-12-18,16:00:00,185.707,185.9444,185.5511,185.6993,0,0
2017-12-18,17:00:00,185.8152,186.0188,185.7292,185.8866,0,0
2017-12-18,18:00:00,185.914,185.9616,185.7153,185.7442,0,0
2017-12-18,19:00:00,185.7478,185.7478,185.1687,185.2477,0,0
2017-12-18,20:00:00,185.2834,185.2887,185.2072,185.2668,0,0
2017-12-18,21:00:00,185.2955,185.449,185.2955,185.4179,0,0
2017-12-19,15:00:00,185.6024,185.9415,185.6024,185.7797,0,0
2017-12-19,16:00:00,186.0533,186.0533,185.6929,185.9396,0,0
2017-12-19,17:00:00,186.0349,186.3181,185.9592,185.9592,0,0
2017-12-19,18:00:00,185.8763,185.9286,185.598,185.9135,0,0
2017-12-19,19:00:00,185.9791,186.0284,185.9528,185.9528,0,0
2017-12-19,20:00:00,185.9667,186.2007,185.9667,186.0691,0,0
2017-12-19,21:00:00,186.0784,186.0784,185.9783,186.0157,0,0
2017-12-20,15:00:00,186.6485,186.7939,186.6485,186.7939,0,0
2017-12-20,16:00:00,186.7522,186.7542,186.413,186.413,0,0
2017-12-20,17:00:00,186.3673,186.4071,186.2037,186.3245,0,0
2017-12-20,18:00:00,186.4641,186.8417,186.4641,186.6814,0,0
2017-12-20,19:00:00,186.6609,187.1426,186.6609,187.0755,0,0
2017-12-20,20:00:00,187.0948,187.1455,187.0057,187.0057,0,0
2017-12-20,21:00:00,187.1367,187.1367,186.9904,187.0899,0,0
2017-12-21,15:00:00,186.6722,186.6958,186.4153,186.4971,0,0
2017-12-21,16:00:00,186.4813,186.5491,186.2565,186.3875,0,0
2017-12-21,17:00:00,186.4576,187.2198,186.2829,187.2198,0,0
2017-12-21,18:00:00,187.1249,187.5326,187.0727,187.5326,0,0
2017-12-21,19:00:00,187.5924,187.7093,187.4195,187.4195,0,0
2017-12-21,20:00:00,187.5006,187.6351,187.3725,187.6351,0,0
2017-12-21,21:00:00,187.7018,187.7413,187.6553,187.736,0,0
2017-12-22,15:00:00,187.2017,187.457,187.2017,187.457,0,0
2017-12-22,16:00:00,187.4694,187.5752,187.4232,187.5097,0,0
2017-12-22,17:00:00,187.4193,187.5878,186.9707,186.9916,0,0
2017-12-22,18:00:00,187.0682,187.4942,186.9984,187.4942,0,0
2017-12-22,19:00:00,187.4731,187.5583,187.4395,187.5222,0,0
2017-12-22,20:00:00,187.5551,187.9282,187.5551,187.8705,0,0
2017-12-22,21:00:00,187.8693,187.8806,187.8693,187.8781,0,0
2017-12-26,15:00:00,188.4873,188.6593,188.3893,188.5392,0,0
2017-12-26,16:00:00,188.5381,188.7095,188.5226,188.6567,0,0
2017-12-26,17:00:00,188.7935,189.617,188.6769,189.617,0,0
2017-12-26,18:00:00,189.6298,190.292,189.6298,190.2499,0,0
2017-12-26,19:00:00,190.3017,190.3547,190.2041,190.3245,0,0
2017-12-26,20:00:00,190.3388,190.4663,190.3388,190.3923,0,0
2017-12-26,21:00:00,190.4768,190.567,190.4419,190.4742,0,0
2017-12-27,15:00:00,190.1058,190.4683,190.1058,190.442,0,0
2017-12-27,16:00:00,190.614,191.0237,190.614,190.9814,0,0
2017-12-27,17:00:00,190.9592,191.1511,190.892,191.0014,0,0
2017-12-27,18:00:00,191.076,191.3282,190.9144,191.3282,0,0
2017-12-27,19:00:00,191.3223,191.3763,191.2591,191.2638,0,0
2017-12-27,20:00:00,191.2915,191.4661,191.2419,191.4661,0,0
2017-12-27,21:00:00,191.4421,191.521,191.4019,191.4704,0,0
2017-12-28,15:00:00,191.9224,192.4309,191.9224,192.343,0,0
2017-12-28,16:00:00,192.4297,192.4297,192.1271,192.2661,0,0
2017-12-28,17:00:00,192.2444,192.4875,192.2385,192.3486,0,0
2017-12-28,18:00:00,192.5787,192.6381,192.366,192.6115,0,0
2017-12-28,19:00:00,192.6118,192.7609,192.6118,192.7223,0,0
2017-12-28,20:00:00,192.7498,192.9106,192.7355,192.9106,0,0
2017-12-28,21:00:00,192.9272,193.0499,192.9212,193.0415,0,0
2017-12-29,15:00:00,193.0348,193.4854,193.0337,193.4854,0,0
2017-12-29,16:00:00,193.3038,193.6625,193.2859,193.2859,0,0
2017-12-29,17:00:00,193.3411,193.654,193.2177,193.5808,0,0
2017-12-29,18:00:00,193.6667,193.7585,193.5647,193.7156,0,0
2017-12-29,19:00:00,193.7671,194.0444,193.7346,193.8381,0,0
2017-12-29,20:00:00,193.9149,193.9359,193.6982,193.8192,0,0
2017-12-29,21:00:00,193.8995,193.8995,193.7596,193.8647,0,0
2018-01-02,15:00:00,194.265,194.265,193.8524,194.0642,0,0
2018-01-02,16:00:00,194.27,194.8213,194.2103,194.5996,0,0
2018-01-02,17:00:00,194.7742,194.8902,194.205,194.3847,0,0
2018-01-02,18:00:00,194.3662,194.4419,194.2325,194.3758,0,0
2018-01-02,19:00:00,194.4202,194.6135,194.372,194.6135,0,0
2018-01-02,20:00:00,194.6425,194.6706,194.5015,194.6037,0,0
2018-01-02,21:00:00,194.6085,194.7294,194.5645,194.7155,0,0
2018-01-03,15:00:00,194.8375,195.0209,194.822,194.869,0,0
2018-01-03,16:00:00,195.0214,195.1629,194.8826,194.9612,0,0
2018-01-03,17:00:00,195.0036,195.3098,194.9255,195.1943,0,0
2018-01-03,18:00:00,195.1979,195.1979,194.9691,194.9794,0,0
2018-01-03,19:00:00,194.9955,195.1186,194.9527,195.1116,0,0
2018-01-03,20:00:00,195.1572,195.2796,195.1434,195.2796,0,0
2018-01-03,21:00:00,195.3151,195.369,195.1949,195.3508,0,0
2018-01-04,15:00:00,194.8662,194.999,194.8333,194.8333,0,0
2018-01-04,16:00:00,194.9031,194.9548,194.7475,194.8075,0,0
2018-01-04,17:00:00,194.851,195.2118,194.851,195.184,0,0
2018-01-04,18:00:00,195.1714,195.6336,195.1714,195.6336,0,0
2018-01-04,19:00:00,195.7268,195.7268,195.3369,195.3369,0,0
2018-01-04,20:00:00,195.394,195.4051,195.1881,195.2491,0,0
2018-01-04,21:00:00,195.314,195.3724,195.2694,195.3673,0,0
2018-01-05,15:00:00,194.2646,194.3929,194.071,194.3632,0,0
2018-01-05,16:00:00,194.4368,194.4368,193.9471,194.1963,0,0
2018-01-05,17:00:00,194.3653,194.3653,193.4845,193.5257,0,0
2018-01-05,18:00:00,193.5877,193.5877,193.3068,193.4176,0,0
2018-01-05,19:00:00,193.4458,193.5451,193.354,193.3718,0,0
2018-01-05,20:00:00,193.4223,193.4733,193.3647,193.4733,0,0
2018-01-05,21:00:00,193.4274,193.4604,193.3559,193.4456,0,0
2018-01-08,15:00:00,193.4342,193.4342,193.0705,193.2707,0,0
2018-01-08,16:00:00,193.1256,193.2402,192.9601,192.9601,0,0
2018-01-08,17:00:00,192.982,193.1095,192.6252,192.9607,0,0
2018-01-08,18:00:00,193.0475,193.0475,192.7414,192.7624,0,0
2018-01-08,19:00:00,192.8281,192.8871,192.5345,192.6361,0,0
2018-01-08,20:00:00,192.6378,192.756,192.6019,192.7257,0,0
2018-01-08,21:00:00,192.6857,192.9178,192.6857,192.9178,0,0
2018-01-09,15:00:00,193.5016,193.5016,193.0146,193.0146,0,0
2018-01-09,16:00:00,193.1411,193.2246,192.9155,192.9155,0,0
2018-01-09,17:00:00,192.9172,192.9172,192.606,192.8424,0,0
2018-01-09,18:00:00,192.8292,193.7853,192.8292,193.6284,0,0
2018-01-09,19:00:00,193.5732,193.7397,193.4814,193.7204,0,0
2018-01-09,20:00:00,193.8085,194.2202,193.8085,194.1791,0,0
2018-01-09,21:00:00,194.3322,194.346,194.1118,194.155,0,0
2018-01-10,15:00:00,195.1697,195.3036,194.9862,195.0305,0,0
2018-01-10,16:00:00,195.0493,195.0493,194.5645,194.6193,0,0
2018-01-10,17:00:00,194.7096,194.7096,194.3925,194.475,0,0
2018-01-10,18:00:00,194.4345,194.7226,194.4345,194.6087,0,0
2018-01-10,19:00:00,194.5007,194.6574,194.4787,194.5361,0,0
2018-01-10,20:00:00,194.5154,194.6626,194.4524,194.6463,0,0
2018-01-10,21:00:00,194.7192,194.8649,194.7192,194.8649,0,0
2018-01-11,15:00:00,195.125,195.1896,194.998,195.1658,0,0
2018-01-11,16:00:00,195.1011,195.6462,195.0418,195.5773,0,0
2018-01-11,17:00:00,195.8894,195.8894,195.4988,195.7454,0,0
2018-01-11,18:00:00,195.8322,195.8865,195.6831,195.781,0,0
2018-01-11,19:00:00,195.7263,195.7399,195.6148,195.6323,0,0
2018-01-11,20:00:00,195.6748,195.6778,195.446,195.4677,0,0
2018-01-11,21:00:00,195.4846,195.485,195.16,195.16,0,0
2018-01-12,15:00:00,195.0608,195.0608,194.6764,194.6764,0,0
2018-01-12,16:00:00,194.8636,194.951,194.7329,194.7925,0,0
2018-01-12,17:00:00,194.7772,194.8505,194.619,194.675,0,0
2018-01-12,18:00:00,194.7058,195.1202,194.4367,195.1146,0,0
2018-01-12,19:00:00,195.1344,195.5039,195.0734,195.3722,0,0
2018-01-12,20:00:00,195.3916,195.8504,195.3916,195.8504,0,0
2018-01-12,21:00:00,195.8808,196.056,195.8128,196.056,0,0
2018-01-16,15:00:00,195.4353,195.5637,195.185,195.4599,0,0
2018-01-16,16:00:00,195.394,195.54,195.3048,195.3048,0,0
2018-01-16,17:00:00,195.3136,195.4701,195.2006,195.2006,0,0
2018-01-16,18:00:00,195.0715,195.1546,194.7735,194.7735,0,0
2018-01-16,19:00:00,194.6668,194.882,194.647,194.8622,0,0
2018-01-16,20:00:00,194.9226,195.2363,194.8289,195.2081,0,0
2018-01-16,21:00:00,195.24,195.24,194.926,195.1056,0,0
2018-01-17,15:00:00,195.0883,195.2273,195.0494,195.2273,0,0
2018-01-17,16:00:00,195.2697,195.4793,195.1909,195.3978,0,0
2018-01-17,17:00:00,195.3149,195.8373,195.3149,195.8373,0,0
2018-01-17,18:00:00,195.6646,196.3587,195.6646,196.2531,0,0
2018-01-17,19:00:00,196.2337,196.3636,196.1959,196.3636,0,0
2018-01-17,20:00:00,196.3931,196.4953,196.3931,196.4633,0,0
2018-01-17,21:00:00,196.4953,196.5274,196.4045,196.4045,0,0
2018-01-18,15:00:00,196.3744,196.5702,196.278,196.278,0,0
2018-01-18,16:00:00,196.2556,196.343,196.0039,196.2331,0,0
2018-01-18,17:00:00,196.2771,196.2771,195.3953,195.4887,0,0
2018-01-18,18:00:00,195.7566,196.0561,195.6374,196.0561,0,0
2018-01-18,19:00:00,196.1743,196.3362,196.1008,196.179,0,0
2018-01-18,20:00:00,196.0877,196.2162,195.9629,196.2162,0,0
2018-01-18,21:00:00,196.2634,196.3649,196.209,196.3443,0,0
2018-01-19,15:00:00,195.7057,195.7118,195.1533,195.1533,0,0
2018-01-19,16:00:00,195.3479,196.0554,195.326,196.0554,0,0
2018-01-19,17:00:00,196.1748,196.1986,195.6807,195.747,0,0
2018-01-19,18:00:00,195.667,195.667,195.2962,195.3767,0,0
2018-01-19,19:00:00,195.4001,195.5907,195.4001,195.4961,0,0
2018-01-19,20:00:00,195.5284,195.6,195.3596,195.6,0,0
2018-01-19,21:00:00,195.5085,195.5649,195.4089,195.503,0,0
2018-01-22,15:00:00,195.7967,196.2495,195.7539,196.1444,0,0
2018-01-22,16:00:00,196.1765,196.1838,195.8632,196.0072,0,0
2018-01-22,17:00:00,196.0832,196.1901,196.044,196.089,0,0
2018-01-22,18:00:00,195.9703,196.5655,195.9264,196.2649,0,0
2018-01-22,19:00:00,196.2178,196.2178,195.8285,195.8874,0,0
2018-01-22,20:00:00,195.9033,196.0489,195.8102,196.0311,0,0
2018-01-22,21:00:00,196.0258,196.2395,195.9977,196.2168,0,0
2018-01-23,15:00:00,196.5228,196.9504,196.5147,196.9364,0,0
2018-01-23,16:00:00,196.7875,196.9251,196.6168,196.7682,0,0
2018-01-23,17:00:00,196.8048,197.2531,196.7067,197.2531,0,0
2018-01-23,18:00:00,197.2405,197.2405,196.8173,196.841,0,0
2018-01-23,19:00:00,196.8531,196.894,196.6852,196.6852,0,0
2018-01-23,20:00:00,196.6837,196.8703,196.6297,196.8171,0,0
2018-01-23,21:00:00,196.9084,196.9509,196.8411,196.9392,0,0
2018-01-24,15:00:00,197.705,197.8968,197.705,197.8701,0,0
2018-01-24,16:00:00,197.8422,198.151,197.7642,198.151,0,0
2018-01-24,17:00:00,198.1127,198.8561,198.029,198.6683,0,0
2018-01-24,18:00:00,198.7541,198.7973,198.1328,198.5726,0,0
2018-01-24,19:00:00,198.652,198.8437,198.5566,198.6339,0,0
2018-01-24,20:00:00,198.6399,199.1629,198.5757,199.0907,0,0
2018-01-24,21:00:00,199.165,199.6167,199.165,199.509,0,0
2018-01-25,15:00:00,200.6894,201.1265,200.6894,201.1265,0,0
2018-01-25,16:00:00,201.0062,201.0062,200.2559,200.2824,0,0
2018-01-25,17:00:00,200.2221,200.7391,200.0551,200.0551,0,0
2018-01-25,18:00:00,200.1359,200.4699,200.1002,200.2304,0,0
2018-01-25,19:00:00,200.2514,200.507,200.1541,200.507,0,0
2018-01-25,20:00:00,200.3183,200.3639,199.8512,199.8512,0,0
2018-01-25,21:00:00,199.6603,199.6603,199.3449,199.3449,0,0
2018-01-26,15:00:00,199.4602,199.5424,199.3076,199.3286,0,0
2018-01-26,16:00:00,199.3504,200.0201,199.0288,200.0171,0,0
2018-01-26,17:00:00,199.8521,200.0461,199.7897,199.9001,0,0
2018-01-26,18:00:00,199.8291,200.2729,199.8291,200.2528,0,0
2018-01-26,19:00:00,200.3478,200.4804,200.2847,200.4348,0,0
2018-01-26,20:00:00,200.4171,200.7873,200.4171,200.7788,0,0
2018-01-26,21:00:00,200.7313,200.7313,200.5074,200.52,0,0
2018-01-29,15:00:00,199.9924,199.9924,199.7724,199.913,0,0
2018-01-29,16:00:00,199.6373,199.968,199.5746,199.9311,0,0
2018-01-29,17:00:00,199.7782,199.916,199.5053,199.5362,0,0
2018-01-29,18:00:00,199.4691,199.528,199.1062,199.1932,0,0
2018-01-29,19:00:00,199.288,199.5919,199.2826,199.5792,0,0
2018-01-29,20:00:00,199.5859,199.6056,199.4364,199.4488,0,0
2018-01-29,21:00:00,199.4686,199.5678,199.3659,199.5363,0,0
2018-01-30,15:00:00,199.1264,199.5624,199.1264,199.4136,0,0
2018-01-30,16:00:00,199.5107,199.5422,198.426,198.426,0,0
2018-01-30,17:00:00,198.3476,198.5089,198.1591,198.1591,0,0
2018-01-30,18:00:00,198.0991,198.2242,197.9256,198.1405,0,0
2018-01-30,19:00:00,198.1339,198.4165,198.1049,198.3765,0,0
2018-01-30,20:00:00,198.3567,198.3567,198.146,198.2064,0,0
2018-01-30,21:00:00,198.2763,198.305,198.1307,198.136,0,0
2018-01-31,15:00:00,197.3221,197.5803,197.262,197.5803,0,0
2018-01-31,16:00:00,197.486,197.5404,197.0606,197.0606,0,0
2018-01-31,17:00:00,197.1571,197.5023,196.9337,197.2093,0,0
2018-01-31,18:00:00,196.9124,197.2033,196.8252,197.2033,0,0
2018-01-31,19:00:00,197.2911,197.3391,196.8747,197.007,0,0
2018-01-31,20:00:00,197.0092,197.2312,196.9826,196.9826,0,0
2018-01-31,21:00:00,197.0693,197.4101,197.0693,197.3757,0,0
2018-02-01,15:00:00,197.4678,197.6813,197.4678,197.616,0,0
2018-02-01,16:00:00,197.6423,197.7537,197.3522,197.5785,0,0
2018-02-01,17:00:00,197.7051,198.0612,197.5942,197.8931,0,0
2018-02-01,18:00:00,197.7767,197.8587,197.3303,197.8587,0,0
2018-02-01,19:00:00,198.0059,198.0916,197.8476,198.0279,0,0
2018-02-01,20:00:00,198.1544,198.191,198.0861,198.1253,0,0
2018-02-01,21:00:00,198.0549,198.3581,198.0163,198.347,0,0
2018-02-02,15:00:00,198.4046,198.7387,198.0574,198.0818,0,0
2018-02-02,16:00:00,197.9118,197.93,196.7042,196.7319,0,0
2018-02-02,17:00:00,196.5857,196.9363,196.5857,196.715,0,0
2018-02-02,18:00:00,196.6775,197.0019,196.6612,196.9072,0,0
2018-02-02,19:00:00,196.8266,197.4351,196.8266,197.4351,0,0
2018-02-02,20:00:00,197.3172,197.7746,197.3172,197.7746,0,0
2018-02-02,21:00:00,197.6719,197.6719,197.3676,197.4414,0,0
2018-02-05,15:00:00,196.3023,196.7541,196.3023,196.6252,0,0
2018-02-05,16:00:00,196.443,196.5644,196.0407,196.0407,0,0
2018-02-05,17:00:00,196.1578,197.0688,196.1578,196.9614,0,0
2018-02-05,18:00:00,196.8152,197.0215,196.5143,196.5488,0,0
2018-02-05,19:00:00,196.6048,196.6968,195.9183,196.0096,0,0
2018-02-05,20:00:00,195.7054,195.7054,195.3178,195.538,0,0
2018-02-05,21:00:00,195.608,195.6678,195.5432,195.6678,0,0
2018-02-06,15:00:00,194.36,194.8799,194.36,194.8468,0,0
2018-02-06,16:00:00,194.8892,195.6328,194.6074,195.6328,0,0
2018-02-06,17:00:00,195.6424,195.6424,195.1828,195.2671,0,0
2018-02-06,18:00:00,195.2296,195.4314,195.0799,195.1357,0,0
2018-02-06,19:00:00,195.0181,195.2649,194.9409,195.1264,0,0
2018-02-06,20:00:00,195.0615,195.1784,194.7492,194.7492,0,0
2018-02-06,21:00:00,194.7119,194.8581,194.6745,194.7458,0,0
2018-02-07,15:00:00,194.5906,194.6639,194.4498,194.5599,0,0
2018-02-07,16:00:00,194.4964,195.0085,194.4666,195.0085,0,0
2018-02-07,17:00:00,194.8833,195.0107,193.4482,193.4482,0,0
2018-02-07,18:00:00,193.1762,193.3622,192.5829,192.6989,0,0
2018-02-07,19:00:00,192.5747,192.6344,192.1619,192.1619,0,0
2018-02-07,20:00:00,192.1243,192.3166,191.9897,192.0891,0,0
2018-02-07,21:00:00,191.9929,192.3766,191.9929,192.3395,0,0
2018-02-08,15:00:00,192.1605,192.7982,192.138,192.7982,0,0
2018-02-08,16:00:00,192.6065,192.9093,192.5358,192.5385,0,0
2018-02-08,17:00:00,192.2982,192.4481,192.1711,192.2712,0,0
2018-02-08,18:00:00,192.3556,192.3556,191.5837,192.1199,0,0
2018-02-08,19:00:00,192.0515,192.0515,191.5917,191.5917,0,0
2018-02-08,20:00:00,191.5555,191.9554,191.5555,191.8475,0,0
2018-02-08,21:00:00,191.6747,191.8753,191.6747,191.7731,0,0
2018-02-09,15:00:00,190.6171,191.1305,190.5913,191.1305,0,0
2018-02-09,16:00:00,191.0511,191.0511,190.2399,190.6841,0,0
2018-02-09,17:00:00,190.5714,190.5714,189.4981,189.6219,0,0
2018-02-09,18:00:00,189.7024,189.9046,189.2319,189.2319,0,0
2018-02-09,19:00:00,189.1093,189.1093,188.4078,188.568,0,0
2018-02-09,20:00:00,188.355,188.355,187.5452,188.1831,0,0
2018-02-09,21:00:00,188.5547,188.8947,188.4303,188.5123,0,0
2018-02-12,15:00:00,190.0852,190.204,189.8543,189.8648,0,0
2018-02-12,16:00:00,189.5977,190.1009,189.4178,189.7187,0,0
2018-02-12,17:00:00,189.8932,189.8932,189.5504,189.8064,0,0
2018-02-12,18:00:00,189.7086,189.7086,189.1778,189.363,0,0
2018-02-12,19:00:00,189.4035,189.6687,189.3728,189.6017,0,0
2018-02-12,20:00:00,189.6023,189.6404,189.4987,189.5685,0,0
2018-02-12,21:00:00,189.5305,189.5305,189.0641,189.0831,0,0
2018-02-13,15:00:00,189.2836,189.2836,188.847,188.847,0,0
2018-02-13,16:00:00,188.8812,189.0844,188.6432,188.9153,0,0
2018-02-13,17:00:00,188.9409,189.429,188.9409,189.3491,0,0
2018-02-13,18:00:00,189.1643,189.5808,189.1643,189.5808,0,0
2018-02-13,19:00:00,189.5287,189.8757,189.5287,189.8641,0,0
2018-02-13,20:00:00,189.8247,190.1808,189.8247,189.8405,0,0
2018-02-13,21:00:00,189.9107,189.9696,189.8275,189.8374,0,0
2018-02-14,15:00:00,189.0828,189.1202,188.2385,188.7817,0,0
2018-02-14,16:00:00,188.7494,189.2261,188.6431,189.0665,0,0
2018-02-14,17:00:00,189.1353,190.8086,189.1353,190.5403,0,0
2018-02-14,18:00:00,190.5126,191.0584,190.3277,190.9684,0,0
2018-02-14,19:00:00,190.9517,191.3537,190.9517,191.3537,0,0
2018-02-14,20:00:00,191.4044,192.1763,191.4044,192.1763,0,0
2018-02-14,21:00:00,192.2219,192.4035,192.1537,192.3874,0,0
2018-02-15,15:00:00,192.323,192.3583,192.1401,192.2345,0,0
2018-02-15,16:00:00,192.1299,192.471,192.0074,192.471,0,0
2018-02-15,17:00:00,192.4738,192.4738,191.8088,191.986,0,0
2018-02-15,18:00:00,191.5733,192.5478,191.5733,192.4656,0,0
2018-02-15,19:00:00,192.5055,193.0825,192.5055,193.0825,0,0
2018-02-15,20:00:00,193.1527,193.2368,192.8592,192.9811,0,0
2018-02-15,21:00:00,193.088,193.4767,193.088,193.459,0,0
2018-02-16,15:00:00,193.6093,193.6093,193.2516,193.3375,0,0
2018-02-16,16:00:00,193.0445,193.2199,192.8862,193.0406,0,0
2018-02-16,17:00:00,193.0471,193.1893,192.8474,192.8853,0,0
2018-02-16,18:00:00,193.1778,193.8599,193.1778,193.8599,0,0
2018-02-16,19:00:00,193.8063,193.8817,193.646,193.6622,0,0
2018-02-16,20:00:00,193.5224,193.7182,193.3546,193.3546,0,0
2018-02-16,21:00:00,193.3212,193.5863,193.3119,193.5806,0,0
2018-02-20,15:00:00,194.1008,194.176,193.895,193.895,0,0
2018-02-20,16:00:00,193.9422,194.3478,193.9422,194.0564,0,0
2018-02-20,17:00:00,194.0145,194.3873,193.9629,194.2326,0,0
2018-02-20,18:00:00,194.274,194.7422,193.9672,194.5147,0,0
2018-02-20,19:00:00,194.4897,194.598,194.1842,194.1842,0,0
2018-02-20,20:00:00,194.1506,194.1506,193.8159,193.9435,0,0
2018-02-20,21:00:00,193.9844,194.0266,193.6539,193.6701,0,0
2018-02-21,15:00:00,193.4011,193.6059,193.3456,193.4868,0,0
2018-02-21,16:00:00,193.5928,193.8478,193.4127,193.682,0,0
2018-02-21,17:00:00,193.7114,193.9128,193.5263,193.8166,0,0
2018-02-21,18:00:00,193.8885,193.8885,193.4536,193.5987,0,0
2018-02-21,19:00:00,193.716,193.9209,193.716,193.9209,0,0
2018-02-21,20:00:00,193.8495,194.0051,193.837,194.0051,0,0
2018-02-21,21:00:00,194.09,194.1987,194.09,194.1737,0,0
2018-02-22,15:00:00,193.7887,194.0642,193.6997,194.0642,0,0
2018-02-22,16:00:00,194.1304,194.4981,194.1304,194.2015,0,0
2018-02-22,17:00:00,194.3756,194.4255,193.9,193.9,0,0
2018-02-22,18:00:00,194.384,195.2455,194.384,195.1495,0,0
2018-02-22,19:00:00,195.1006,195.4446,195.0047,195.2628,0,0
2018-02-22,20:00:00,195.226,195.2963,195.154,195.2777,0,0
2018-02-22,21:00:00,195.2679,195.2706,195.1189,195.2706,0,0
2018-02-23,15:00:00,195.244,195.277,195.0661,195.0661,0,0
2018-02-23,16:00:00,195.2592,195.3994,195.1421,195.3235,0,0
2018-02-23,17:00:00,195.4642,195.5889,195.3476,195.5571,0,0
2018-02-23,18:00:00,195.5175,196.1664,195.3676,196.0216,0,0
2018-02-23,19:00:00,196.0111,196.0111,195.9025,195.9025,0,0
2018-02-23,20:00:00,195.8263,195.9161,195.7144,195.889,0,0
2018-02-23,21:00:00,195.8487,196.0018,195.7882,195.9944,0,0
2018-02-26,15:00:00,196.9041,196.9041,196.2012,196.2012,0,0
2018-02-26,16:00:00,196.2941,196.2941,195.86,195.952,0,0
2018-02-26,17:00:00,195.7048,196.4354,195.7048,196.4033,0,0
2018-02-26,18:00:00,196.4515,197.089,196.4515,197.0251,0,0
2018-02-26,19:00:00,197.0746,197.2069,196.8889,197.0676,0,0
2018-02-26,20:00:00,197.0555,197.0555,196.7457,196.8449,0,0
2018-02-26,21:00:00,196.869,196.869,196.7491,196.7496,0,0
2018-02-27,15:00:00,196.2921,196.2921,195.6252,195.8457,0,0
2018-02-27,16:00:00,195.9739,196.3474,195.9327,195.9654,0,0
2018-02-27,17:00:00,196.0576,196.3213,195.3635,195.49,0,0
2018-02-27,18:00:00,195.6145,195.9212,195.2075,195.2914,0,0
2018-02-27,19:00:00,195.4175,195.7133,195.3188,195.7133,0,0
2018-02-27,20:00:00,195.6663,195.6967,195.4522,195.4522,0,0
2018-02-27,21:00:00,195.302,195.405,195.302,195.3936,0,0
2018-02-28,15:00:00,195.5515,195.6086,195.3637,195.5751,0,0
2018-02-28,16:00:00,195.8389,195.974,195.7263,195.7263,0,0
2018-02-28,17:00:00,195.6802,195.6802,194.8149,194.8149,0,0
2018-02-28,18:00:00,194.8856,194.8856,194.419,194.6373,0,0
2018-02-28,19:00:00,194.7934,195.2865,194.6725,195.2212,0,0
2018-02-28,20:00:00,195.1727,195.1727,194.7133,194.8611,0,0
2018-02-28,21:00:00,194.9254,194.9254,193.8396,193.9485,0,0
2018-03-01,15:00:00,193.0262,193.6669,193.0262,193.6669,0,0
2018-03-01,16:00:00,193.5522,193.7575,192.6068,192.6725,0,0
2018-03-01,17:00:00,192.7799,193.1711,192.3079,192.8775,0,0
2018-03-01,18:00:00,192.9187,194.0879,192.9187,193.9972,0,0
2018-03-01,19:00:00,193.8913,194.1126,193.5304,193.9246,0,0
2018-03-01,20:00:00,193.8234,193.9831,193.541,193.541,0,0
2018-03-01,21:00:00,193.4867,193.9636,193.4867,193.9478,0,0
2018-03-02,15:00:00,193.7904,194.0942,193.7904,194.0849,0,0
2018-03-02,16:00:00,193.9968,193.9968,193.3734,193.4335,0,0
2018-03-02,17:00:00,193.4917,193.5566,193.0784,193.178,0,0
2018-03-02,18:00:00,193.2466,194.2,193.2466,194.2,0,0
2018-03-02,19:00:00,193.9897,194.0717,193.7088,194.0495,0,0
2018-03-02,20:00:00,193.999,194.2469,193.8534,194.142,0,0
2018-03-02,21:00:00,194.1635,194.187,194.0316,194.1184,0,0
2018-03-05,15:00:00,194.1849,194.498,194.1849,194.3224,0,0
2018-03-05,16:00:00,194.3294,194.537,194.2421,194.537,0,0
2018-03-05,17:00:00,194.7443,195.7367,194.563,195.7367,0,0
2018-03-05,18:00:00,195.753,196.5761,195.753,196.4426,0,0
2018-03-05,19:00:00,196.4894,196.4894,196.2275,196.289,0,0
2018-03-05,20:00:00,196.2745,196.4018,196.2556,196.4018,0,0
2018-03-05,21:00:00,196.4232,196.6834,196.4232,196.6693,0,0
2018-03-06,15:00:00,197.9129,197.9129,197.2966,197.4578,0,0
2018-03-06,16:00:00,197.3398,197.3422,196.9135,197.2656,0,0
2018-03-06,17:00:00,197.1564,197.4398,196.6049,196.6049,0,0
2018-03-06,18:00:00,196.8937,196.971,196.5279,196.8309,0,0
2018-03-06,19:00:00,196.6756,196.875,196.6436,196.8111,0,0
2018-03-06,20:00:00,196.7941,196.9638,196.6538,196.6798,0,0
2018-03-06,21:00:00,196.6446,196.7678,196.5895,196.7608,0,0
2018-03-07,15:00:00,196.1845,196.3342,196.1547,196.2205,0,0
2018-03-07,16:00:00,196.2005,196.4171,196.0215,196.0215,0,0
2018-03-07,17:00:00,195.9439,196.4743,195.8318,196.2947,0,0
2018-03-07,18:00:00,196.1295,196.1951,194.6432,194.6432,0,0
2018-03-07,19:00:00,194.5251,194.6348,194.236,194.3425,0,0
2018-03-07,20:00:00,194.327,194.6142,194.327,194.4183,0,0
2018-03-07,21:00:00,194.6101,194.6374,194.4371,194.4371,0,0
2018-03-08,15:00:00,194.9848,194.9951,194.7257,194.7933,0,0
2018-03-08,16:00:00,194.7292,194.8383,194.0691,194.0691,0,0
2018-03-08,17:00:00,193.806,194.0586,193.5244,193.6557,0,0
2018-03-08,18:00:00,193.706,194.0189,193.5306,193.7207,0,0
2018-03-08,19:00:00,193.6844,193.9092,193.6166,193.9092,0,0
2018-03-08,20:00:00,193.9643,193.9643,193.73,193.7757,0,0
2018-03-08,21:00:00,193.6846,193.772,193.6225,193.6619,0,0
2018-03-09,15:00:00,194.0783,194.0799,193.7863,193.9441,0,0
2018-03-09,16:00:00,194.0241,194.544,194.0241,194.544,0,0
2018-03-09,17:00:00,194.562,194.8412,194.562,194.6811,0,0
2018-03-09,18:00:00,194.5071,195.1526,194.5071,195.0435,0,0
2018-03-09,19:00:00,195.0556,195.1218,194.9332,195.0077,0,0
2018-03-09,20:00:00,194.956,195.0424,194.9088,195.0424,0,0
2018-03-09,21:00:00,195.0609,195.1599,195.0609,195.1492,0,0
2018-03-12,14:00:00,194.6307,194.7359,194.4541,194.5417,0,0
2018-03-12,15:00:00,194.4994,194.9955,194.4413,194.7414,0,0
2018-03-12,16:00:00,194.7817,194.7817,194.4184,194.5826,0,0
2018-03-12,17:00:00,194.5353,194.5353,193.7739,194.0293,0,0
2018-03-12,18:00:00,194.2043,194.4901,194.2043,194.2214,0,0
2018-03-12,19:00:00,194.32,194.4796,194.2111,194.4796,0,0
2018-03-12,20:00:00,194.5982,194.619,194.418,194.5284,0,0
2018-03-13,14:00:00,194.5968,194.7623,194.1029,194.7074,0,0
2018-03-13,15:00:00,194.4992,195.4081,194.4992,195.3293,0,0
2018-03-13,16:00:00,195.3604,195.3604,193.8447,193.8651,0,0
2018-03-13,17:00:00,194.0152,194.3214,193.9153,194.041,0,0
2018-03-13,18:00:00,193.8629,194.1753,193.7306,194.1753,0,0
2018-03-13,19:00:00,194.1905,194.209,193.9169,193.9241,0,0
2018-03-13,20:00:00,193.8252,194.2824,193.8252,194.2788,0,0
2018-03-14,14:00:00,194.9538,195.0677,194.6977,194.6977,0,0
2018-03-14,15:00:00,194.7339,194.8458,194.4776,194.8122,0,0
2018-03-14,16:00:00,194.732,194.8502,194.5158,194.558,0,0
2018-03-14,17:00:00,194.3957,194.3957,193.8101,194.1099,0,0
2018-03-14,18:00:00,193.9596,194.5589,193.9596,194.0446,0,0
2018-03-14,19:00:00,194.1016,194.3644,194.1016,194.2533,0,0
2018-03-14,20:00:00,194.2309,194.4851,194.2309,194.4851,0,0
2018-03-15,14:00:00,194.8627,194.8743,194.3535,194.3535,0,0
2018-03-15,15:00:00,194.3217,194.4571,193.9513,194.3896,0,0
2018-03-15,16:00:00,194.4277,194.4277,193.6876,193.8284,0,0
2018-03-15,17:00:00,193.8402,194.1555,193.8402,193.9765,0,0
2018-03-15,18:00:00,194.0185,194.0731,193.8803,194.0277,0,0
2018-03-15,19:00:00,194.0035,194.0305,193.9594,193.9594,0,0
2018-03-15,20:00:00,193.914,193.914,193.8211,193.887,0,0
2018-03-16,14:00:00,193.9096,193.9096,193.7293,193.7316,0,0
2018-03-16,15:00:00,193.8335,193.8335,193.2429,193.2429,0,0
2018-03-16,16:00:00,193.3364,193.522,193.2225,193.3426,0,0
2018-03-16,17:00:00,193.3672,194.5573,193.2978,194.3595,0,0
2018-03-16,18:00:00,194.2364,194.4985,194.2364,194.4985,0,0
2018-03-16,19:00:00,194.4357,194.4776,194.401,194.4269,0,0
2018-03-16,20:00:00,194.4089,194.5743,194.4089,194.4552,0,0
2018-03-19,14:00:00,193.949,194.1312,193.949,193.968,0,0
2018-03-19,15:00:00,193.7992,193.8372,193.3368,193.3368,0,0
2018-03-19,16:00:00,193.4898,193.5906,192.8548,192.8548,0,0
2018-03-19,17:00:00,192.7393,193.3516,192.7393,193.1309,0,0
2018-03-19,18:00:00,193.1265,193.2947,193.08,193.1263,0,0
2018-03-19,19:00:00,193.1143,193.1848,192.947,193.1848,0,0
2018-03-19,20:00:00,193.195,193.195,192.8905,192.8982,0,0
2018-03-20,14:00:00,193.6331,193.8924,193.6331,193.8924,0,0
2018-03-20,15:00:00,194.1169,194.1295,193.7961,193.7961,0,0
2018-03-20,16:00:00,193.8809,194.3096,193.8809,194.2746,0,0
2018-03-20,17:00:00,194.4595,194.8209,194.4595,194.7866,0,0
2018-03-20,18:00:00,194.7761,194.9304,194.1195,194.1426,0,0
2018-03-20,19:00:00,194.1515,194.2496,194.0598,194.0913,0,0
2018-03-20,20:00:00,194.0754,194.1722,194.0754,194.1543,0,0
2018-03-21,14:00:00,195.2219,195.2219,195.1024,195.1388,0,0
2018-03-21,15:00:00,195.0973,195.7725,195.0027,195.5387,0,0
2018-03-21,16:00:00,195.5701,196.0226,195.1917,196.0226,0,0
2018-03-21,17:00:00,195.8279,196.4315,195.779,196.1549,0,0
2018-03-21,18:00:00,196.1035,196.2253,195.9111,195.9759,0,0
2018-03-21,19:00:00,195.9409,195.9409,195.8066,195.8986,0,0
2018-03-21,20:00:00,195.9508,196.0194,195.9392,196.0194,0,0
2018-03-22,14:00:00,196.2405,196.2405,195.6282,195.6282,0,0
2018-03-22,15:00:00,195.808,195.808,195.1272,195.53,0,0
2018-03-22,16:00:00,195.4102,195.7371,195.1169,195.2885,0,0
2018-03-22,17:00:00,195.3013,195.3924,195.1212,195.1941,0,0
2018-03-22,18:00:00,195.1954,195.4682,195.174,195.2823,0,0
2018-03-22,19:00:00,195.1987,195.3812,195.1987,195.2456,0,0
2018-03-22,20:00:00,195.2626,195.2823,195.2274,195.233,0,0
2018-03-23,14:00:00,195.2056,195.5516,195.0063,195.4131,0,0
2018-03-23,15:00:00,195.317,195.6126,195.0442,195.2588,0,0
2018-03-23,16:00:00,195.5396,196.0562,195.4274,195.9524,0,0
2018-03-23,17:00:00,195.8386,196.0131,195.7691,196.0131,0,0
2018-03-23,18:00:00,196.005,196.005,195.7067,195.7413,0,0
2018-03-23,19:00:00,195.7265,195.8775,195.5933,195.8568,0,0
2018-03-23,20:00:00,195.9498,196.2626,195.8996,196.2626,0,0
2018-03-26,15:00:00,196.3693,196.3693,196.0105,196.0308,0,0
2018-03-26,16:00:00,196.0565,196.432,196.0565,196.432,0,0
2018-03-26,17:00:00,196.2814,196.3819,196.1239,196.1406,0,0
2018-03-26,18:00:00,196.0917,196.3252,195.6696,196.2471,0,0
2018-03-26,19:00:00,196.0711,196.0725,195.7808,195.8993,0,0
2018-03-26,20:00:00,195.8296,195.9765,195.7769,195.7769,0,0
2018-03-26,21:00:00,195.9142,196.037,195.7673,195.7737,0,0
2018-03-27,15:00:00,196.1892,196.6192,195.9103,196.5498,0,0
2018-03-27,16:00:00,196.5119,196.5539,195.5646,195.7483,0,0
2018-03-27,17:00:00,195.7875,195.9028,195.5177,195.6592,0,0
2018-03-27,18:00:00,195.4368,195.753,195.4368,195.7218,0,0
2018-03-27,19:00:00,195.7259,195.9414,195.7259,195.9029,0,0
2018-03-27,20:00:00,195.8449,195.8449,195.5672,195.6107,0,0
2018-03-27,21:00:00,195.5684,195.6178,195.5156,195.5675,0,0
2018-03-28,15:00:00,194.733,194.733,194.5522,194.641,0,0
2018-03-28,16:00:00,194.6649,194.6649,194.2934,194.5536,0,0
2018-03-28,17:00:00,194.531,194.8846,194.2285,194.6074,0,0
2018-03-28,18:00:00,194.7208,194.8958,193.8439,193.9738,0,0
2018-03-28,19:00:00,193.8065,194.2487,193.8065,194.0126,0,0
2018-03-28,20:00:00,193.9884,194.3361,193.9762,194.3177,0,0
2018-03-28,21:00:00,194.3213,194.3613,194.2633,194.305,0,0
2018-03-29,15:00:00,194.5153,194.5206,194.3165,194.3862,0,0
2018-03-29,16:00:00,194.4346,194.9885,194.4346,194.883,0,0
2018-03-29,17:00:00,194.6361,195.1756,194.6361,194.9263,0,0
2018-03-29,18:00:00,194.8998,195.1434,194.7058,194.8006,0,0
2018-03-29,19:00:00,195.2572,195.507,195.2572,195.4805,0,0
2018-03-29,20:00:00,195.4262,195.738,195.3969,195.6639,0,0
2018-03-29,21:00:00,195.6462,195.7161,195.3543,195.364,0,0
