Date,Time,Open,High,Low,Close,Volume,OpenInt
2017-10-20,10:00:00,13057.78,13063.57,13033.82,13038.35,13544858,0
2017-10-20,11:00:00,13038.56,13049.5,13008.84,13014.36,6243813,0
2017-10-20,12:00:00,13013.66,13043.57,13012.36,13028.85,9855300,0
2017-10-20,13:00:00,13028.86,13033.97,13017.21,13028.11,4603522,0
2017-10-20,14:00:00,13022.39,13035.41,13020.55,13021.76,7230762,0
2017-10-20,15:00:00,13021.47,13023.87,12997.9,13000.01,4938037,0
2017-10-20,16:00:00,12999.97,13010.97,12985.39,12988.83,6084283,0
2017-10-20,17:00:00,12988.96,13003.38,12956.56,12967.17,7148045,0
2017-10-20,18:00:00,12969.28,12991.96,12969.28,12991.28,23919642,0
2017-10-23,10:00:00,13014.12,13014.17,12973.43,12989.41,8358376,0
2017-10-23,11:00:00,12989.4,13044.93,12982.56,13030.17,5331978,0
2017-10-23,12:00:00,13030.09,13066.37,13022.21,13060.73,5355187,0
2017-10-23,13:00:00,13065.3,13067.2,13045.78,13052.44,3697312,0
2017-10-23,14:00:00,13051.08,13060.14,12998.76,13005.19,6338599,0
2017-10-23,15:00:00,13004.9,13017.7,12996.49,13015.58,4145959,0
2017-10-23,16:00:00,13015.81,13024.57,13006.92,13007.42,4642685,0
2017-10-23,17:00:00,13005.19,13013.88,12997.53,13001.84,5825305,0
2017-10-23,18:00:00,13001.63,13009.81,13001.63,13003.14,17739860,0
2017-10-24,10:00:00,12998.48,13023.89,12988.34,12998.73,14587480,0
2017-10-24,11:00:00,12998.24,13028.29,12983.38,13026.83,9906716,0
2017-10-24,12:00:00,13027.24,13033.45,13015.41,13025.24,7361907,0
2017-10-24,13:00:00,13025.4,13033.97,13018.99,13021.39,6242509,0
2017-10-24,14:00:00,13020.85,13055.52,13019.32,13045.97,7450807,0
2017-10-24,15:00:00,13045.78,13047.81,13010.49,13016.33,8405075,0
2017-10-24,16:00:00,13014.84,13022.6,12999.52,13003.94,7197631,0
2017-10-24,17:00:00,13002.52,13027.83,13001.7,13025.05,9553544,0
2017-10-24,18:00:00,13025.36,13026.35,13013.19,13013.19,26629102,0
2017-10-25,10:00:00,12994.57,13048.64,12994.57,13032.98,12165715,0
2017-10-25,11:00:00,13031.9,13037.04,12984.8,13008.92,9287400,0
2017-10-25,12:00:00,13007.72,13026.36,12998.06,13018.09,8599852,0
2017-10-25,13:00:00,13016.26,13030.85,13013.15,13022.21,6452024,0
2017-10-25,14:00:00,13022.43,13029.49,13003.16,13003.63,6321308,0
2017-10-25,15:00:00,13003.39,13021.21,13002.09,13018.26,5263309,0
2017-10-25,16:00:00,13018.15,13018.55,12993.8,13001.77,7174106,0
2017-10-25,17:00:00,13002.32,13010.99,12948.28,12961.34,12021870,0
2017-10-25,18:00:00,12961.39,12961.39,12931.22,12953.41,28430209,0
2017-10-26,10:00:00,12955.43,12974.67,12941.4,12970.78,20000079,0
2017-10-26,11:00:00,12972.22,12982.34,12965.36,12974.95,9941656,0
2017-10-26,12:00:00,12975.46,12994.05,12973.63,12989.8,6715094,0
2017-10-26,13:00:00,12990.02,13003.69,12984.83,12994.33,6437345,0
2017-10-26,14:00:00,12994.44,13031.09,12992.51,13016.51,8478961,0
2017-10-26,15:00:00,13017.2,13040.97,13017.2,13023.29,9169361,0
2017-10-26,16:00:00,13022.74,13067.35,13017.4,13065.12,8908810,0
2017-10-26,17:00:00,13066.91,13128.93,13031.39,13103.01,14558059,0
2017-10-26,18:00:00,13101.42,13144.59,13100.4,13133.28,29927710,0
2017-10-27,10:00:00,13186.55,13244.3,13186.55,13228.04,17713753,0
2017-10-27,11:00:00,13228.43,13236.48,13210.85,13236.48,11202068,0
2017-10-27,12:00:00,13237.24,13248.64,13225.52,13237.35,9888698,0
2017-10-27,13:00:00,13236.75,13241.26,13217.01,13227.98,7013187,0
2017-10-27,14:00:00,13228.21,13231.38,13221.71,13228.16,8345282,0
2017-10-27,15:00:00,13228.12,13245.52,13223.82,13230.83,7650355,0
2017-10-27,16:00:00,13230.36,13242.28,13197.33,13223.4,11191173,0
2017-10-27,17:00:00,13222.02,13226.51,13204.17,13211.3,8602365,0
2017-10-27,18:00:00,13211.25,13228.82,13207.24,13217.54,26098694,0
2017-10-30,10:00:00,13227.85,13234.15,13214.75,13224.4,10607103,0
2017-10-30,11:00:00,13226.94,13240.6,13224.67,13229.31,5912466,0
2017-10-30,12:00:00,13229.34,13233.28,13216.89,13222.96,4742627,0
2017-10-30,13:00:00,13221.89,13238.75,13221.89,13235.6,3165927,0
2017-10-30,14:00:00,13235.47,13243.14,13233.09,13240.67,3862590,0
2017-10-30,15:00:00,13240.66,13243.14,13225.79,13230.56,4905704,0
2017-10-30,16:00:00,13229.7,13242.4,13228.63,13235.78,6321546,0
2017-10-30,17:00:00,13236.1,13255.25,13221.05,13234.11,6996165,0
2017-10-30,18:00:00,13232.65,13233.31,13218.83,13229.57,27361480,0
2017-11-01,10:00:00,13345.21,13393.7,13344.49,13393.61,29068594,0
2017-11-01,11:00:00,13392.97,13446.3,13389.29,13446.3,12196796,0
2017-11-01,12:00:00,13447.78,13452.81,13434.17,13443.87,9125200,0
2017-11-01,13:00:00,13443.55,13472.38,13439.67,13458.97,7388503,0
2017-11-01,14:00:00,13458.91,13479.86,13456.71,13471.25,6645450,0
2017-11-01,15:00:00,13471.19,13487.07,13468.76,13478.87,7658716,0
2017-11-01,16:00:00,13479.98,13479.98,13451.49,13465.52,9064049,0
2017-11-01,17:00:00,13466.09,13473.75,13457.37,13471.25,10198847,0
2017-11-01,18:00:00,13471.02,13481.94,13465.51,13465.51,37338479,0
2017-11-02,10:00:00,13448.79,13460.8,13440.86,13443.56,17285201,0
2017-11-02,11:00:00,13443.52,13449,13434.85,13444.95,9031141,0
2017-11-02,12:00:00,13444.67,13449.74,13436.38,13438.37,6934259,0
2017-11-02,13:00:00,13438.47,13446.01,13429.5,13437.97,5545448,0
2017-11-02,14:00:00,13438.47,13454.22,13438.08,13449.5,5989801,0
2017-11-02,15:00:00,13449.63,13457.84,13435.89,13438.72,6925473,0
2017-11-02,16:00:00,13438.99,13441.9,13406.46,13436.2,11869579,0
2017-11-02,17:00:00,13435.21,13446.33,13406.05,13423.22,8306045,0
2017-11-02,18:00:00,13423.84,13444.47,13422.04,13440.93,25201751,0
2017-11-03,10:00:00,13473.9,13504.82,13467.15,13494.36,12735528,0
2017-11-03,11:00:00,13494.24,13501.25,13481.94,13482.19,8975344,0
2017-11-03,12:00:00,13482.28,13493.49,13472.06,13488.28,10675845,0
2017-11-03,13:00:00,13486.98,13487.15,13475.95,13478.37,6005072,0
2017-11-03,14:00:00,13477.15,13477.81,13453.14,13474.34,10367652,0
2017-11-03,15:00:00,13473.87,13473.87,13441.32,13445.9,6727618,0
2017-11-03,16:00:00,13443.59,13466.95,13430.98,13466.95,7880963,0
2017-11-03,17:00:00,13469.98,13481.9,13459.49,13479.93,7800437,0
2017-11-03,18:00:00,13479.26,13485.03,13473.58,13478.86,18941765,0
2017-11-06,10:00:00,13461.68,13471.55,13448.74,13458.42,18659903,0
2017-11-06,11:00:00,13459.02,13471.14,13447.28,13464.76,9162080,0
2017-11-06,12:00:00,13464.42,13464.42,13442.09,13448.86,7236059,0
2017-11-06,13:00:00,13449.07,13457.62,13444.33,13448.29,4988997,0
2017-11-06,14:00:00,13448.16,13459.55,13447.11,13456.27,5284985,0
2017-11-06,15:00:00,13456.14,13464.15,13451.82,13463.61,5870329,0
2017-11-06,16:00:00,13463.94,13474.35,13460.04,13471.26,7806736,0
2017-11-06,17:00:00,13472.61,13481.06,13460.13,13471.69,8484393,0
2017-11-06,18:00:00,13471.09,13477.06,13464.39,13468.79,25072680,0
2017-11-07,10:00:00,13519.75,13524.59,13490.74,13496.34,15649900,0
2017-11-07,11:00:00,13496.63,13510.64,13475.98,13495.63,7542123,0
2017-11-07,12:00:00,13495.67,13495.79,13462.07,13483.44,6058668,0
2017-11-07,13:00:00,13483.78,13486.19,13457.8,13466.62,4892389,0
2017-11-07,14:00:00,13466.41,13468.98,13450.56,13461.42,5451379,0
2017-11-07,15:00:00,13461.52,13468.24,13454.01,13455.63,4345481,0
2017-11-07,16:00:00,13455.78,13475.52,13447.73,13463.22,8521375,0
2017-11-07,17:00:00,13463.53,13466.46,13370.51,13392.28,11457489,0
2017-11-07,18:00:00,13393.25,13413.8,13379.27,13379.27,25190195,0
2017-11-08,10:00:00,13404.58,13419.31,13375.09,13383.24,18279974,0
2017-11-08,11:00:00,13385.19,13400.55,13372.87,13380.85,11321133,0
2017-11-08,12:00:00,13379.33,13384.77,13360.96,13361.65,7041501,0
2017-11-08,13:00:00,13362.64,13367.87,13349.72,13361.34,5617866,0
2017-11-08,14:00:00,13362.37,13378.91,13361.98,13373.52,5443326,0
2017-11-08,15:00:00,13372.78,13393.17,13368.62,13387.25,5847519,0
2017-11-08,16:00:00,13387.42,13389.29,13345.11,13353,10465236,0
2017-11-08,17:00:00,13353.25,13383.48,13353.25,13382.04,11899338,0
2017-11-08,18:00:00,13382.1,13396.93,13378.3,13382.42,30562217,0
2017-11-09,10:00:00,13377.5,13387.84,13334.23,13377.82,24983791,0
2017-11-09,11:00:00,13381.22,13400.93,13365.66,13388.27,14339962,0
2017-11-09,12:00:00,13387.23,13387.23,13349.13,13357.74,10880377,0
2017-11-09,13:00:00,13357.21,13357.21,13265.41,13274.28,12295392,0
2017-11-09,14:00:00,13274.25,13275.07,13243.67,13250.85,9583634,0
2017-11-09,15:00:00,13250.78,13261.17,13232.44,13242.73,10847841,0
2017-11-09,16:00:00,13243.13,13246.43,13177,13186.88,13212593,0
2017-11-09,17:00:00,13187.7,13234.21,13187.28,13213.48,13755328,0
2017-11-09,18:00:00,13213.7,13213.7,13178.54,13182.56,35337362,0
2017-11-10,10:00:00,13204.06,13216.97,13165.68,13172.37,19508293,0
2017-11-10,11:00:00,13172.36,13184.33,13132.21,13132.57,11132854,0
2017-11-10,12:00:00,13136.31,13172.14,13135.4,13167.35,8107536,0
2017-11-10,13:00:00,13168,13192.29,13167.58,13181.76,6319415,0
2017-11-10,14:00:00,13185.01,13188.55,13158.66,13182.63,6964062,0
2017-11-10,15:00:00,13182.48,13191.86,13172.4,13177.53,11047787,0
2017-11-10,16:00:00,13176.86,13182.57,13147.95,13155.84,9780402,0
2017-11-10,17:00:00,13155.7,13163.32,13111.65,13129.47,11438384,0
2017-11-10,18:00:00,13130.44,13136.98,13117.73,13127.47,34046170,0
2017-11-13,10:00:00,13150.98,13163.74,13124.82,13133.9,15782368,0
2017-11-13,11:00:00,13134.44,13140.65,13102.89,13118,9561124,0
2017-11-13,12:00:00,13118.02,13121.25,13091.05,13091.48,6429667,0
2017-11-13,13:00:00,13092.4,13093.94,13038.07,13053.11,7395622,0
2017-11-13,14:00:00,13052.6,13053.76,12980.09,13021.83,9650889,0
2017-11-13,15:00:00,13021.59,13025.08,12986.85,12990.31,8137048,0
2017-11-13,16:00:00,12990.32,13039.6,12960.67,13039.6,11174595,0
2017-11-13,17:00:00,13038.67,13087.51,13037.92,13062.95,11760649,0
2017-11-13,18:00:00,13063.65,13099.43,13056.26,13074.42,25067240,0
2017-11-14,10:00:00,13101.09,13138.41,13101.09,13122.76,17567145,0
2017-11-14,11:00:00,13122.4,13122.4,13062.98,13082.89,9007071,0
2017-11-14,12:00:00,13082.55,13087.73,13061.51,13080.07,7673782,0
2017-11-14,13:00:00,13079.75,13094.06,13066.37,13074.64,5986983,0
2017-11-14,14:00:00,13074.12,13075.18,13034.15,13055.8,6582866,0
2017-11-14,15:00:00,13056.71,13057.17,13033.81,13037.71,5407371,0
2017-11-14,16:00:00,13037.98,13055.49,13026.76,13044.05,7297220,0
2017-11-14,17:00:00,13044.27,13060.88,13000.15,13052.62,11233104,0
2017-11-14,18:00:00,13053.33,13057.81,13031.94,13033.48,23352617,0
2017-11-15,10:00:00,12964.06,12968.03,12922.87,12930.38,20914744,0
2017-11-15,11:00:00,12928.69,12961.8,12890.16,12908.06,12374101,0
2017-11-15,12:00:00,12908.79,12918.45,12853.49,12862.28,13902343,0
2017-11-15,13:00:00,12860.43,12888.48,12853.45,12876.99,11109957,0
2017-11-15,14:00:00,12876.86,12913.38,12876.58,12906.43,14095016,0
2017-11-15,15:00:00,12907.16,12916.77,12875.35,12880.99,8682253,0
2017-11-15,16:00:00,12881.06,12897.07,12856.93,12886.67,11150434,0
2017-11-15,17:00:00,12886.66,12969.18,12886.66,12969.18,15422392,0
2017-11-15,18:00:00,12968.94,12996.06,12959.22,12976.37,28569422,0
2017-11-16,10:00:00,13024.82,13045.97,13008.29,13040.84,17773474,0
2017-11-16,11:00:00,13040.73,13071.48,13037.68,13053.31,11803362,0
2017-11-16,12:00:00,13053.1,13069.39,13044.05,13051.22,9599875,0
2017-11-16,13:00:00,13050.99,13053.14,13031.39,13033.98,6605585,0
2017-11-16,14:00:00,13034.1,13047.88,13031.99,13046.8,5411615,0
2017-11-16,15:00:00,13048.14,13057,13036.37,13047.55,6251342,0
2017-11-16,16:00:00,13048.11,13062.07,13029.64,13036.19,8533433,0
2017-11-16,17:00:00,13035.56,13056.86,13033.4,13047.68,9146303,0
2017-11-16,18:00:00,13047.07,13056.75,13042.51,13047.22,27889991,0
2017-11-17,10:00:00,13051.71,13081.71,13028.34,13028.34,15158232,0
2017-11-17,11:00:00,13028.77,13050.37,13015.63,13033.24,8491998,0
2017-11-17,12:00:00,13033.3,13059.35,13019.25,13053.64,9798744,0
2017-11-17,13:00:00,13056.68,13067.68,13042.1,13063.09,5366024,0
2017-11-17,14:00:00,13060.17,13089.68,13060.17,13079.31,10887857,0
2017-11-17,15:00:00,13078.17,13078.17,13046.75,13051.46,5434959,0
2017-11-17,16:00:00,13051.91,13052.61,12984.86,13024.71,9832430,0
2017-11-17,17:00:00,13024.45,13041.8,13014.37,13032.76,8679327,0
2017-11-17,18:00:00,13032.87,13033.64,12992.58,12993.73,30311348,0
2017-11-20,10:00:00,12933.47,12981.86,12926.13,12968.04,15968370,0
2017-11-20,11:00:00,12968.43,12999.91,12945.67,12966.91,7245498,0
2017-11-20,12:00:00,12966.81,13033.56,12966.41,13020.01,10372996,0
2017-11-20,13:00:00,13020.37,13040.86,13008.49,13029.75,6046695,0
2017-11-20,14:00:00,13029.52,13031.05,12993.53,12999.62,6947283,0
2017-11-20,15:00:00,13000.09,13037.55,12999.52,13037.55,7028000,0
2017-11-20,16:00:00,13037.89,13084.2,13033.64,13081.07,8814471,0
2017-11-20,17:00:00,13080.05,13084.86,13059.19,13079.12,8146834,0
2017-11-20,18:00:00,13078.33,13081.28,13058.66,13058.66,22655548,0
2017-11-21,10:00:00,13042.04,13063.71,13026.77,13042.98,15737485,0
2017-11-21,11:00:00,13042.71,13085.31,13038.08,13077.92,9924632,0
2017-11-21,12:00:00,13078.49,13135.48,13078.3,13120.22,10452605,0
2017-11-21,13:00:00,13123.6,13143.94,13114.69,13143.94,5429301,0
2017-11-21,14:00:00,13143.83,13181.6,13135.61,13167.24,7713045,0
2017-11-21,15:00:00,13167.36,13191.99,13167.36,13186.69,6102855,0
2017-11-21,16:00:00,13186.59,13209.01,13181.48,13198.38,8348434,0
2017-11-21,17:00:00,13198.24,13198.38,13174.88,13195.36,10405681,0
2017-11-21,18:00:00,13195.63,13198.15,13164.48,13167.54,29547223,0
2017-11-22,10:00:00,13171.95,13191.49,13148.99,13148.99,13320176,0
2017-11-22,11:00:00,13149.17,13156.33,13118.7,13135.7,7748868,0
2017-11-22,12:00:00,13134.95,13139.98,13112.28,13120.85,5841374,0
2017-11-22,13:00:00,13121.19,13134.12,13112.49,13129.14,4194077,0
2017-11-22,14:00:00,13128.95,13171.45,13128.95,13170.62,4680608,0
2017-11-22,15:00:00,13170.77,13170.77,13141.46,13142.41,4564121,0
2017-11-22,16:00:00,13143.09,13153.34,13122.94,13123.2,5978859,0
2017-11-22,17:00:00,13122.31,13128.49,13048.32,13066.75,10660383,0
2017-11-22,18:00:00,13067.52,13067.52,13009.34,13015.04,25736696,0
2017-11-23,10:00:00,12943.61,13001.43,12922.5,12982.88,16825415,0
2017-11-23,11:00:00,12980.88,13010.95,12969.14,12995.1,7100204,0
2017-11-23,12:00:00,12994.52,13049.08,12978.35,13048.76,6856868,0
2017-11-23,13:00:00,13048.44,13048.44,12990.71,13011.12,5290522,0
2017-11-23,14:00:00,13011,13011,12988.95,12990.45,3940714,0
2017-11-23,15:00:00,12991.07,13019.18,12959.95,13015.86,4783571,0
2017-11-23,16:00:00,13015.1,13017.54,12994.63,13012.73,4640571,0
2017-11-23,17:00:00,13011.87,13030.52,13000.1,13011.51,5989866,0
2017-11-23,18:00:00,13010.61,13019.79,12997.18,13008.55,15787823,0
2017-11-24,10:00:00,13021.44,13030.89,12982.21,13001.16,9743100,0
2017-11-24,11:00:00,13001.51,13032.75,13001.45,13029.02,6132633,0
2017-11-24,12:00:00,13029.05,13055.83,13012.54,13043.52,5244070,0
2017-11-24,13:00:00,13042.22,13125.18,13037.72,13120.09,5745632,0
2017-11-24,14:00:00,13119.41,13160.34,13115.7,13132.98,7158680,0
2017-11-24,15:00:00,13132.88,13140.5,13070.01,13074.01,4600536,0
2017-11-24,16:00:00,13074.47,13101.57,13074.47,13080.86,5984109,0
2017-11-24,17:00:00,13078.25,13078.81,13047.23,13052.67,5748887,0
2017-11-24,18:00:00,13052.29,13091.03,13051.86,13059.84,15495687,0
2017-11-27,10:00:00,13036.74,13091.23,13002.56,13091.23,10096719,0
2017-11-27,11:00:00,13091.62,13117.76,13066.95,13067.75,6232792,0
2017-11-27,12:00:00,13067.09,13084.02,13041.23,13082.19,4572067,0
2017-11-27,13:00:00,13082.38,13107.82,13078.14,13078.17,3581404,0
2017-11-27,14:00:00,13078.34,13079.1,13017.54,13038.79,5156978,0
2017-11-27,15:00:00,13037.97,13062.69,13025.01,13026.55,4131908,0
2017-11-27,16:00:00,13027.2,13052.3,12990.76,13043.5,7231495,0
2017-11-27,17:00:00,13046.74,13058.73,13023.82,13052.59,5981204,0
2017-11-27,18:00:00,13052.91,13056.41,12994.17,13000.2,19073367,0
2017-11-28,10:00:00,13008.46,13051.11,12969.54,13020.49,12187242,0
2017-11-28,11:00:00,13020.79,13041.71,13005.46,13038.78,5912048,0
2017-11-28,12:00:00,13038.96,13068.93,13006.98,13045.7,6375324,0
2017-11-28,13:00:00,13044.6,13049.99,13027.41,13043.85,3856955,0
2017-11-28,14:00:00,13043.87,13053.72,13023.83,13031.7,4097713,0
2017-11-28,15:00:00,13031.75,13049.62,13026.62,13049.62,4763371,0
2017-11-28,16:00:00,13049.67,13057.88,13021.29,13036.39,6063431,0
2017-11-28,17:00:00,13037.52,13066.7,13036.57,13052.26,7043945,0
2017-11-28,18:00:00,13052.24,13061.87,13046.71,13059.53,17610140,0
2017-11-29,10:00:00,13153.61,13193.76,13142.84,13150.84,17514360,0
2017-11-29,11:00:00,13150.92,13162.14,13130.41,13149.25,9468716,0
2017-11-29,12:00:00,13149.38,13173.72,13144.17,13173.72,5816987,0
2017-11-29,13:00:00,13174.48,13195.73,13171.25,13174.88,4490177,0
2017-11-29,14:00:00,13174.95,13185.35,13158.81,13162.2,4184046,0
2017-11-29,15:00:00,13162.26,13184.65,13153.3,13176.02,5781995,0
2017-11-29,16:00:00,13177.28,13184.51,13166.42,13180.97,6360632,0
2017-11-29,17:00:00,13180.96,13191.38,13106.05,13109.01,12510505,0
2017-11-29,18:00:00,13108.91,13119.44,13037.71,13061.87,29214505,0
2017-11-30,10:00:00,13060.38,13114.29,13041.06,13102.69,15140537,0
2017-11-30,11:00:00,13101.61,13159.02,13101.61,13137.67,9632768,0
2017-11-30,12:00:00,13138.34,13172.96,13136.93,13160.36,7161027,0
2017-11-30,13:00:00,13160.47,13177.48,13158.71,13162.15,5924819,0
2017-11-30,14:00:00,13161.68,13161.68,13096.32,13131.2,6593574,0
2017-11-30,15:00:00,13132.12,13140.98,13116.18,13121.47,4970901,0
2017-11-30,16:00:00,13121.56,13127.26,13071.59,13083.31,8395487,0
2017-11-30,17:00:00,13083.23,13090.03,13047.97,13072.67,10618263,0
2017-11-30,18:00:00,13071.9,13092.04,13023.98,13023.98,61004738,0
2017-12-01,10:00:00,13047.16,13064.08,12904.71,12920.29,18754207,0
2017-12-01,11:00:00,12920.04,12921.51,12860.46,12916.44,13798242,0
2017-12-01,12:00:00,12916.52,12918.19,12813.35,12838.46,14762349,0
2017-12-01,13:00:00,12837.57,12896.89,12831.03,12885.4,8475333,0
2017-12-01,14:00:00,12886.12,12932.74,12886.12,12929.42,5919897,0
2017-12-01,15:00:00,12930.65,12971.95,12928.55,12955.03,7470382,0
2017-12-01,16:00:00,12954.39,12981.99,12934.9,12961.51,7261032,0
2017-12-01,17:00:00,12958.98,13025.03,12949.23,13002.09,9440656,0
2017-12-01,18:00:00,13000.58,13011.9,12860.43,12861.49,30502683,0
2017-12-04,10:00:00,13043.67,13051.72,12974.47,13016.25,14185902,0
2017-12-04,11:00:00,13012.04,13033.57,12994.31,12999.49,6459204,0
2017-12-04,12:00:00,13003.18,13028.29,13000.67,13017.83,5107646,0
2017-12-04,13:00:00,13017.63,13036.88,13015.31,13028.6,4733889,0
2017-12-04,14:00:00,13028.4,13054.95,13020.72,13047.95,5230769,0
2017-12-04,15:00:00,13048.4,13082.2,13042.75,13080.78,6008641,0
2017-12-04,16:00:00,13080.94,13117.6,13077.83,13078.56,9805861,0
2017-12-04,17:00:00,13079.96,13091.06,13008.04,13025.7,11149385,0
2017-12-04,18:00:00,13025.51,13059.99,13016.22,13058.55,25355073,0
2017-12-05,10:00:00,13056.82,13093.21,13056.82,13066.73,12122198,0
2017-12-05,11:00:00,13067.08,13072.94,13025.49,13048.55,7479931,0
2017-12-05,12:00:00,13049.03,13055.2,12960.73,12982.22,7073409,0
2017-12-05,13:00:00,12983.05,13018.43,12966.2,13014.77,5119523,0
2017-12-05,14:00:00,13014.42,13037.28,12993.98,13030.09,5008801,0
2017-12-05,15:00:00,13030.22,13044.67,12996.21,12996.21,4464529,0
2017-12-05,16:00:00,12996.83,13030.88,12996.83,13010.95,7615508,0
2017-12-05,17:00:00,13013.07,13068.55,12991.24,13067.65,9751731,0
2017-12-05,18:00:00,13068.93,13078.84,13048.54,13048.54,25050052,0
2017-12-06,10:00:00,12897.14,12936.41,12864.68,12936.41,16292511,0
2017-12-06,11:00:00,12936.63,12960.22,12907.48,12908.23,8298025,0
2017-12-06,12:00:00,12908.53,12926.52,12897.71,12917.23,5868768,0
2017-12-06,13:00:00,12916.29,12944.45,12911.53,12926.28,5363704,0
2017-12-06,14:00:00,12927.68,12939.8,12914.92,12934.64,4631741,0
2017-12-06,15:00:00,12934.21,12936.97,12906.86,12934.36,4866970,0
2017-12-06,16:00:00,12933.76,12967.21,12918.1,12964.39,8822621,0
2017-12-06,17:00:00,12966.75,13000.91,12953.16,13000.91,10125379,0
2017-12-06,18:00:00,13001.45,13033.67,12985.86,12998.85,22761961,0
2017-12-07,10:00:00,13028,13046.6,13016.57,13034.11,8955619,0
2017-12-07,11:00:00,13033.81,13065.96,13030.33,13057.65,6787676,0
2017-12-07,12:00:00,13057.57,13082.62,13044.65,13046.3,6440344,0
2017-12-07,13:00:00,13045,13056.72,13015.01,13026.95,4354592,0
2017-12-07,14:00:00,13026.46,13030.14,12994.33,12994.33,4311021,0
2017-12-07,15:00:00,12992.63,13009.24,12989,13000.87,5304197,0
2017-12-07,16:00:00,12999.66,13027.2,12994.47,13026.23,7334850,0
2017-12-07,17:00:00,13027.24,13044.6,13010.33,13043.07,7487867,0
2017-12-07,18:00:00,13044.84,13047.68,13026.66,13045.15,5894409,0
2017-12-08,10:00:00,13147.64,13203.84,13137.02,13190.47,24361639,0
2017-12-08,11:00:00,13190.48,13215.14,13176.66,13209.36,11371232,0
2017-12-08,12:00:00,13210.2,13240.92,13204.85,13216.92,9193628,0
2017-12-08,13:00:00,13215.68,13223.85,13189.77,13202.69,5684226,0
2017-12-08,14:00:00,13200.95,13212.67,13178.55,13188.11,7503047,0
2017-12-08,15:00:00,13188.97,13209.26,13168.77,13188.84,6246528,0
2017-12-08,16:00:00,13189.01,13189.01,13158.26,13167.57,6804181,0
2017-12-08,17:00:00,13161.79,13176.02,13143.29,13175.9,8297191,0
2017-12-08,18:00:00,13176.78,13176.78,13153.7,13153.7,27489986,0
2017-12-11,10:00:00,13181.85,13192.34,13164.57,13165.69,9450657,0
2017-12-11,11:00:00,13165.91,13169.34,13155.95,13161.94,6096262,0
2017-12-11,12:00:00,13161.97,13184.39,13160.66,13170.07,5536268,0
2017-12-11,13:00:00,13170.01,13175.87,13139.39,13150.83,4946432,0
2017-12-11,14:00:00,13150.14,13168.36,13146.11,13151.42,4329519,0
2017-12-11,15:00:00,13150.11,13157,13133.14,13155.35,4237098,0
2017-12-11,16:00:00,13155.06,13155.41,13123.49,13149.97,6238145,0
2017-12-11,17:00:00,13151.19,13158.28,13113.42,13115.68,7164535,0
2017-12-11,18:00:00,13115.63,13129.87,13113.34,13123.65,25471079,0
2017-12-12,10:00:00,13131.41,13137.93,13082.24,13093.21,11532693,0
2017-12-12,11:00:00,13093.23,13152.53,13092.89,13142.05,7150138,0
2017-12-12,12:00:00,13141.88,13145.57,13112.78,13123.88,5224390,0
2017-12-12,13:00:00,13127.36,13143.78,13123.74,13134.91,4149951,0
2017-12-12,14:00:00,13134.78,13154.91,13134.47,13140.42,3899009,0
2017-12-12,15:00:00,13140.19,13154.39,13131.93,13136.74,4191832,0
2017-12-12,16:00:00,13136.69,13141.76,13123.48,13141.76,5519841,0
2017-12-12,17:00:00,13144.47,13167.1,13131.61,13146.39,8012728,0
2017-12-12,18:00:00,13146.9,13183.53,13146.9,13183.53,28974018,0
2017-12-13,10:00:00,13149.14,13187.99,13146.86,13161.37,10570688,0
2017-12-13,11:00:00,13162.13,13176.67,13156.16,13157.54,6718126,0
2017-12-13,12:00:00,13154.5,13173.74,13151.52,13160.09,5554949,0
2017-12-13,13:00:00,13159.49,13168.06,13153.54,13154.27,3438453,0
2017-12-13,14:00:00,13153.85,13175.48,13151.41,13168.89,7110239,0
2017-12-13,15:00:00,13168.49,13180.04,13153.18,13154.25,16373538,0
2017-12-13,16:00:00,13154.39,13173,13149.21,13170.34,21014111,0
2017-12-13,17:00:00,13170.12,13170.59,13120.92,13134.92,16874666,0
2017-12-13,18:00:00,13134.65,13148.69,13125.64,13125.64,35049642,0
2017-12-14,10:00:00,13107.95,13120.86,13089.07,13107.38,18564754,0
2017-12-14,11:00:00,13107.16,13111.36,13083.44,13090.51,9170916,0
2017-12-14,12:00:00,13088.87,13091.19,13038.64,13052.28,9972278,0
2017-12-14,13:00:00,13052.12,13060.75,13037.12,13043.84,6018425,0
2017-12-14,14:00:00,13043.63,13063.65,13020.22,13029.13,7613366,0
2017-12-14,15:00:00,13027.25,13080.75,13012.16,13076.8,9554841,0
2017-12-14,16:00:00,13077.09,13129.27,13074.03,13120.4,11876265,0
2017-12-14,17:00:00,13120.8,13158.78,13103.28,13125.53,14045464,0
2017-12-14,18:00:00,13124.11,13131.03,13068.08,13068.08,38059751,0
2017-12-15,10:00:00,13027.84,13047.81,13008.07,13035.3,12610507,0
2017-12-15,11:00:00,13036.76,13050.42,13010.12,13016.23,8520952,0
2017-12-15,12:00:00,13016.97,13040.26,13013.65,13032.18,14364608,0
2017-12-15,13:00:00,13033.32,13038.62,13020.41,13030.78,5775402,0
2017-12-15,14:00:00,13028.6,13049.94,13026.2,13048.31,43713740,0
2017-12-15,15:00:00,13045.69,13090.04,13041.5,13079.23,5599080,0
2017-12-15,16:00:00,13078.16,13088.38,13054.27,13060.47,10922253,0
2017-12-15,17:00:00,13060.82,13079.37,13054.98,13064.18,10082754,0
2017-12-15,18:00:00,13063.46,13107.83,13063.46,13103.56,76381632,0
2017-12-18,10:00:00,13212.62,13258.54,13206.12,13256.15,13853475,0
2017-12-18,11:00:00,13256.61,13269.46,13252.96,13266.8,7399271,0
2017-12-18,12:00:00,13267.41,13295.96,13259.98,13287.87,6006759,0
2017-12-18,13:00:00,13288.2,13323.84,13288.2,13315.39,6478215,0
2017-12-18,14:00:00,13315.03,13321.19,13275.91,13297.19,6232783,0
2017-12-18,15:00:00,13297.38,13319.48,13297.38,13315.05,6755453,0
2017-12-18,16:00:00,13316.09,13320.8,13298.26,13307.82,8339440,0
2017-12-18,17:00:00,13307.29,13331.11,13305.81,13321.28,10967845,0
2017-12-18,18:00:00,13321.46,13321.46,13305.97,13312.3,30163852,0
2017-12-19,10:00:00,13314.73,13338.91,13308.37,13315.08,10789734,0
2017-12-19,11:00:00,13315.44,13324.75,13309.02,13316.31,6863265,0
2017-12-19,12:00:00,13316.09,13317.21,13292.88,13302.8,5911551,0
2017-12-19,13:00:00,13302.71,13305.81,13293.21,13300.42,3794530,0
2017-12-19,14:00:00,13300.31,13308.46,13299.5,13306.82,4391208,0
2017-12-19,15:00:00,13307.4,13309.27,13280.23,13284.03,4673306,0
2017-12-19,16:00:00,13284.43,13295.23,13280.55,13291.12,6764720,0
2017-12-19,17:00:00,13291.75,13293.52,13233.77,13234.59,8443581,0
2017-12-19,18:00:00,13233.77,13250.28,13213.19,13215.79,24258203,0
2017-12-20,10:00:00,13244.27,13252.17,13147.04,13230.48,12660484,0
2017-12-20,11:00:00,13232.48,13235.39,13202.88,13207.59,6664644,0
2017-12-20,12:00:00,13207.85,13216.22,13190.53,13199.01,6224339,0
2017-12-20,13:00:00,13198.92,13201.95,13153.53,13181.45,5324761,0
2017-12-20,14:00:00,13181.52,13209.89,13176.32,13185.88,4128361,0
2017-12-20,15:00:00,13185.86,13185.87,13162.19,13172.35,4216191,0
2017-12-20,16:00:00,13172.32,13178.73,13118.75,13141.33,7295926,0
2017-12-20,17:00:00,13142.15,13142.15,13026.11,13043.53,13271566,0
2017-12-20,18:00:00,13043.46,13071.35,13043.46,13069.17,22355279,0
2017-12-21,10:00:00,13065.64,13066.61,13014.39,13038.94,10812722,0
2017-12-21,11:00:00,13041.11,13046.65,13018.95,13044.7,6451361,0
2017-12-21,12:00:00,13044.68,13069.33,13043.79,13064.63,4764292,0
2017-12-21,13:00:00,13064.86,13086.89,13064.46,13071.67,4423701,0
2017-12-21,14:00:00,13071.64,13074.09,13051.2,13056.73,3992165,0
2017-12-21,15:00:00,13056.84,13080.78,13056.59,13075.75,4088739,0
2017-12-21,16:00:00,13075.61,13094.35,13065.65,13082.45,6656587,0
2017-12-21,17:00:00,13083.57,13137.71,13082.43,13112.16,8040697,0
2017-12-21,18:00:00,13112.49,13130.57,13097.89,13109.74,23132836,0
2017-12-22,10:00:00,13072.19,13108.47,13059.87,13069.99,8685938,0
2017-12-22,11:00:00,13070.22,13089.82,13070.08,13083.33,4672236,0
2017-12-22,12:00:00,13083.26,13099.1,13071.82,13076.24,3778039,0
2017-12-22,13:00:00,13075.07,13087.6,13070.09,13084.5,3195806,0
2017-12-22,14:00:00,13084.6,13094.23,13062.18,13069.07,6488402,0
2017-12-22,15:00:00,13069.31,13084.69,13064.3,13068.01,2806801,0
2017-12-22,16:00:00,13067.31,13079.59,13065.57,13079.39,3565125,0
2017-12-22,17:00:00,13078.58,13087.42,13071.59,13080.98,4508738,0
2017-12-22,18:00:00,13080.43,13082.05,13067.82,13072.79,16685826,0
2017-12-27,10:00:00,13072.13,13128.32,13072.13,13107.81,7497651,0
2017-12-27,11:00:00,13107.94,13107.94,13062.08,13066.07,5070981,0
2017-12-27,12:00:00,13066.19,13091.26,13064.11,13086.84,3246473,0
2017-12-27,13:00:00,13086.72,13088.03,13026.3,13032.67,3393801,0
2017-12-27,14:00:00,13032.66,13050.2,13020.43,13041.16,2397347,0
2017-12-27,15:00:00,13040.87,13073.48,13040.01,13067.61,2395762,0
2017-12-27,16:00:00,13067.54,13067.54,13043.11,13061.71,3941500,0
2017-12-27,17:00:00,13061.6,13089.23,13058.44,13083.14,4826939,0
2017-12-27,18:00:00,13082.49,13091.18,13070.02,13070.02,13193861,0
2017-12-28,10:00:00,13064.96,13069.4,13033.97,13044.22,5223103,0
2017-12-28,11:00:00,13044.38,13062.87,13043.72,13049.72,3618384,0
2017-12-28,12:00:00,13049.74,13061.97,13042.03,13043.94,2559825,0
2017-12-28,13:00:00,13043.94,13056.06,13039.77,13054.03,1995133,0
2017-12-28,14:00:00,13054.09,13057.52,13045.9,13046.03,2320308,0
2017-12-28,15:00:00,13045.97,13055.23,13043.25,13045.91,2100190,0
2017-12-28,16:00:00,13046.33,13049.53,13028.85,13049.42,3965326,0
2017-12-28,17:00:00,13051.63,13052.99,13032.12,13034.93,3791417,0
2017-12-28,18:00:00,13035.3,13036.54,12965.91,12979.94,18791575,0
2017-12-29,10:00:00,12980.09,12980.74,12955.34,12973.34,6496896,0
2017-12-29,11:00:00,12973.74,12973.74,12939.86,12953.68,5157656,0
2017-12-29,12:00:00,12954.12,12956.23,12928.71,12928.71,3886794,0
2017-12-29,13:00:00,12928.81,12942.73,12919.8,12922.08,4369565,0
2017-12-29,14:00:00,12920.33,12943.32,12912.36,12912.36,10367434,0
2017-12-29,15:00:00,12913.14,12918.57,12913.14,12917.64,13049128,0
2018-01-02,10:00:00,12899.2,12899.39,12792.22,12818.95,17253822,0
2018-01-02,11:00:00,12818.62,12844.01,12750.47,12766.33,10457986,0
2018-01-02,12:00:00,12767.12,12827.88,12767.12,12815.37,6290171,0
2018-01-02,13:00:00,12816.53,12835.85,12806.18,12821.15,4486185,0
2018-01-02,14:00:00,12821.45,12831.27,12814.62,12818.92,4842369,0
2018-01-02,15:00:00,12819.1,12827.9,12802.83,12803.68,4384623,0
2018-01-02,16:00:00,12803.01,12866.43,12796.51,12865,7948566,0
2018-01-02,17:00:00,12866.42,12924.04,12866.09,12886.06,9443761,0
2018-01-02,18:00:00,12884.53,12890.25,12847.08,12871.39,23380330,0
2018-01-03,10:00:00,12915.1,12950.14,12914.51,12932.05,12370266,0
2018-01-03,11:00:00,12932.37,12950.43,12895.03,12907.61,9002797,0
2018-01-03,12:00:00,12907.37,12922.07,12893.18,12917.39,6131254,0
2018-01-03,13:00:00,12917.78,12941.55,12911.3,12928.1,5083586,0
2018-01-03,14:00:00,12927.85,12940.85,12917.84,12940.28,4364852,0
2018-01-03,15:00:00,12939.8,12946.28,12920.7,12921.35,4638529,0
2018-01-03,16:00:00,12921.82,12983.74,12921.82,12977.59,8864677,0
2018-01-03,17:00:00,12982.3,13023.59,12982.03,12988.24,13365228,0
2018-01-03,18:00:00,12988.69,13004.9,12978.21,12978.21,23421290,0
2018-01-04,10:00:00,13065.98,13113.95,13062.91,13090.93,13171312,0
2018-01-04,11:00:00,13091.21,13119.94,13076.12,13110.46,10017200,0
2018-01-04,12:00:00,13108.22,13115.23,13093.88,13102.36,6864250,0
2018-01-04,13:00:00,13102.45,13113.61,13096.22,13102.25,6236459,0
2018-01-04,14:00:00,13102.34,13128.38,13102.23,13125.45,6399587,0
2018-01-04,15:00:00,13125.78,13164.39,13120.51,13161.8,8510198,0
2018-01-04,16:00:00,13163.78,13184.14,13149.36,13164.36,10276857,0
2018-01-04,17:00:00,13166.04,13207.8,13151.98,13187.48,11469965,0
2018-01-04,18:00:00,13187.25,13189.04,13157.22,13167.89,30953688,0
2018-01-05,10:00:00,13221.13,13266.81,13221.05,13253.6,12410057,0
2018-01-05,11:00:00,13253.54,13311.16,13251.32,13300.32,9433790,0
2018-01-05,12:00:00,13299.69,13330.66,13297.24,13318.55,9326978,0
2018-01-05,13:00:00,13319.11,13321.95,13303.6,13313.56,6753779,0
2018-01-05,14:00:00,13310.05,13313.88,13292.18,13310.68,8078063,0
2018-01-05,15:00:00,13310.51,13316.26,13281.06,13306.23,6409846,0
2018-01-05,16:00:00,13302.64,13332.1,13282.7,13311.43,8284152,0
2018-01-05,17:00:00,13307.71,13313.57,13280.36,13295.79,20439621,0
2018-01-05,18:00:00,13296.51,13319.64,13289.25,13319.64,34484959,0
2018-01-08,10:00:00,13399.18,13406.88,13344.81,13362.42,20839494,0
2018-01-08,11:00:00,13362.65,13386.49,13357.85,13367.56,9960179,0
2018-01-08,12:00:00,13367.94,13378.03,13357.85,13369.57,6345934,0
2018-01-08,13:00:00,13369.66,13380.54,13358.32,13361.62,5882815,0
2018-01-08,14:00:00,13362.34,13363.41,13334.16,13354.87,6520883,0
2018-01-08,15:00:00,13354.7,13365.56,13335.08,13355.14,7550186,0
2018-01-08,16:00:00,13354.65,13382.78,13354.65,13380.55,6897803,0
2018-01-08,17:00:00,13381.67,13386.35,13363.69,13371.53,8678733,0
2018-01-08,18:00:00,13371.22,13375.82,13363.77,13367.78,24944105,0
2018-01-09,10:00:00,13383.05,13402.17,13373.71,13397.91,13314040,0
2018-01-09,11:00:00,13397.83,13413.77,13382.1,13394.58,8243106,0
2018-01-09,12:00:00,13394.2,13400.51,13384.32,13393.44,7049726,0
2018-01-09,13:00:00,13393.43,13393.43,13373.96,13389.37,5554322,0
2018-01-09,14:00:00,13389.61,13408.62,13385.35,13407.22,6799580,0
2018-01-09,15:00:00,13407.67,13425.02,13400.37,13412,6350423,0
2018-01-09,16:00:00,13413.05,13414.57,13363.06,13367.41,10830488,0
2018-01-09,17:00:00,13368.85,13391.87,13361.39,13381.84,10793605,0
2018-01-09,18:00:00,13382.1,13396.33,13381.33,13385.59,28212543,0
2018-01-10,10:00:00,13353.95,13377.19,13334.33,13341.14,22601374,0
2018-01-10,11:00:00,13341.01,13359.43,13327.04,13332.27,13353211,0
2018-01-10,12:00:00,13327.91,13336.26,13245.85,13263.6,11712849,0
2018-01-10,13:00:00,13263.5,13292.7,13262.21,13263.3,7773480,0
2018-01-10,14:00:00,13263.99,13282.53,13250.15,13263.5,6915129,0
2018-01-10,15:00:00,13263.51,13273.95,13250.31,13268.39,7806905,0
2018-01-10,16:00:00,13266.46,13273.55,13227.75,13239.03,9596923,0
2018-01-10,17:00:00,13237.36,13284.07,13236.42,13271.56,12329216,0
2018-01-10,18:00:00,13271.43,13288.28,13271.1,13281.34,31090604,0
2018-01-11,10:00:00,13283.41,13295.78,13264.72,13272.31,13144896,0
2018-01-11,11:00:00,13272.01,13275.25,13253.24,13272.3,7028591,0
2018-01-11,12:00:00,13272.5,13272.88,13245.57,13254.76,6445117,0
2018-01-11,13:00:00,13254.68,13269.01,13253.02,13263.82,6467329,0
2018-01-11,14:00:00,13264.34,13298.65,13263.25,13265.05,10303623,0
2018-01-11,15:00:00,13265.08,13265.29,13199.63,13199.99,13930624,0
2018-01-11,16:00:00,13197.44,13215.36,13176.68,13201.23,10747765,0
2018-01-11,17:00:00,13200.36,13203.38,13152.51,13188.83,12810103,0
2018-01-11,18:00:00,13189.71,13217.53,13185.83,13202.9,32412999,0
2018-01-12,10:00:00,13241.28,13248.93,13210.81,13227.43,14176646,0
2018-01-12,11:00:00,13228.89,13234.7,13206.42,13216.59,7440543,0
2018-01-12,12:00:00,13216.41,13236.41,13214.61,13231.51,7200737,0
2018-01-12,13:00:00,13231.92,13238.92,13223.9,13230.54,5807267,0
2018-01-12,14:00:00,13230.91,13237.98,13189.05,13198.65,6687709,0
2018-01-12,15:00:00,13198.05,13208.13,13168.26,13190.22,7251535,0
2018-01-12,16:00:00,13189.25,13216.74,13189.25,13214.39,8216706,0
2018-01-12,17:00:00,13219.65,13265.14,13209.32,13255.56,9528290,0
2018-01-12,18:00:00,13256.11,13257.41,13213.64,13245.03,24013289,0
2018-01-15,10:00:00,13242.62,13248.28,13196.38,13219.56,9736580,0
2018-01-15,11:00:00,13219.45,13227.35,13200.29,13215.09,6005617,0
2018-01-15,12:00:00,13215.45,13219.8,13174.05,13187.8,5182586,0
2018-01-15,13:00:00,13188.08,13217.29,13180.96,13213.05,4071240,0
2018-01-15,14:00:00,13213.25,13215.62,13196.93,13210.86,3372886,0
2018-01-15,15:00:00,13211.19,13212.59,13196.3,13201.49,3294133,0
2018-01-15,16:00:00,13201.89,13213.3,13199.52,13210.73,4741112,0
2018-01-15,17:00:00,13211.19,13230.2,13210.11,13219.85,5833182,0
2018-01-15,18:00:00,13218.85,13218.85,13194.16,13200.51,17755088,0
2018-01-16,10:00:00,13228.45,13292.48,13204.46,13232.07,11348847,0
2018-01-16,11:00:00,13231.46,13300.13,13223.01,13288.43,8070930,0
2018-01-16,12:00:00,13291.49,13346.01,13287.56,13344.05,8837533,0
2018-01-16,13:00:00,13344.06,13351.05,13322.98,13323.63,6583963,0
2018-01-16,14:00:00,13324.44,13339.85,13308.5,13333.43,5197649,0
2018-01-16,15:00:00,13333,13334.51,13301.63,13310.84,5794219,0
2018-01-16,16:00:00,13310.95,13326.08,13299.07,13310.53,6733719,0
2018-01-16,17:00:00,13311.63,13311.63,13243.15,13252.25,9700350,0
2018-01-16,18:00:00,13252.97,13256.35,13196.94,13246.33,25860470,0
2018-01-17,10:00:00,13199.43,13230.17,13195.59,13223.38,11302459,0
2018-01-17,11:00:00,13223.36,13234.26,13209.16,13220.61,7543864,0
2018-01-17,12:00:00,13220.98,13227.52,13189.37,13216.08,6616505,0
2018-01-17,13:00:00,13215.9,13228.08,13211.5,13218.37,4567075,0
2018-01-17,14:00:00,13219.43,13251.44,13219.43,13224.49,4999769,0
2018-01-17,15:00:00,13224.6,13238.43,13202.63,13216.13,5450312,0
2018-01-17,16:00:00,13216.9,13219.97,13137.78,13145.62,12080361,0
2018-01-17,17:00:00,13143.75,13180.53,13143.46,13168.93,8905623,0
2018-01-17,18:00:00,13168.5,13183.96,13144.91,13183.96,28835524,0
2018-01-18,10:00:00,13250.25,13250.25,13201.56,13211.97,14604630,0
2018-01-18,11:00:00,13212.16,13242.4,13211.28,13240.23,9126617,0
2018-01-18,12:00:00,13240.41,13249.59,13232.32,13232.32,4183837,0
2018-01-18,13:00:00,13232.82,13239.22,13221.43,13229.29,4829452,0
2018-01-18,14:00:00,13229.44,13244.9,13222.42,13229.25,5086198,0
2018-01-18,15:00:00,13229.29,13248.57,13225.96,13233.84,5650932,0
2018-01-18,16:00:00,13234.12,13292.86,13234.12,13245.75,9497457,0
2018-01-18,17:00:00,13247.25,13266.24,13205.63,13257.81,11978854,0
2018-01-18,18:00:00,13256.71,13281.43,13246.37,13281.43,27240565,0
2018-01-19,10:00:00,13297.74,13356.83,13294.81,13348,12424264,0
2018-01-19,11:00:00,13347.82,13413.04,13345.37,13401.97,11926512,0
2018-01-19,12:00:00,13401.84,13424.5,13391.81,13404.94,12954000,0
2018-01-19,13:00:00,13406.67,13420.06,13393.7,13396.37,5961489,0
2018-01-19,14:00:00,13400.63,13433.46,13400.63,13427.35,12236917,0
2018-01-19,15:00:00,13428.8,13428.8,13400.62,13420.43,5918742,0
2018-01-19,16:00:00,13419.93,13445.34,13417.85,13425.92,8463759,0
2018-01-19,17:00:00,13425.02,13431.81,13404.33,13418.86,8587273,0
2018-01-19,18:00:00,13417.85,13437.1,13399.08,13434.45,32037009,0
2018-01-22,10:00:00,13435.39,13453.98,13420.19,13429.66,11993986,0
2018-01-22,11:00:00,13428.13,13432.62,13410.99,13424.67,7563344,0
2018-01-22,12:00:00,13424.87,13440.92,13416.52,13434.58,6128820,0
2018-01-22,13:00:00,13434.31,13448.56,13433.62,13441.8,8989945,0
2018-01-22,14:00:00,13441.82,13451.26,13432.52,13451.26,6815941,0
2018-01-22,15:00:00,13448.66,13462.9,13446.01,13449.2,7500003,0
2018-01-22,16:00:00,13449.25,13460.65,13442.87,13456.64,9671851,0
2018-01-22,17:00:00,13456.34,13469.95,13423.73,13425.85,9377997,0
2018-01-22,18:00:00,13422.57,13463.69,13421.02,13463.69,29968427,0
2018-01-23,10:00:00,13577.14,13596.52,13561.98,13576.88,17028797,0
2018-01-23,11:00:00,13577.77,13590.43,13572.17,13579.45,9550497,0
2018-01-23,12:00:00,13580.78,13586.91,13565.58,13569.03,7647816,0
2018-01-23,13:00:00,13569.09,13569.8,13518.34,13541.66,6897673,0
2018-01-23,14:00:00,13542.31,13554.41,13532.54,13551.23,4214989,0
2018-01-23,15:00:00,13551.32,13567.04,13548.93,13553.22,6207646,0
2018-01-23,16:00:00,13553.34,13574.79,13529.71,13536.51,9203192,0
2018-01-23,17:00:00,13537.15,13563.97,13525.4,13558.91,12103425,0
2018-01-23,18:00:00,13560.67,13564.5,13548.26,13559.6,27112262,0
2018-01-24,10:00:00,13572.71,13576.58,13544.62,13546.56,13497695,0
2018-01-24,11:00:00,13546.23,13555.31,13532.59,13546.23,7051064,0
2018-01-24,12:00:00,13546.37,13574.53,13543.25,13562.76,7554789,0
2018-01-24,13:00:00,13563.08,13568.97,13548.45,13553.88,5901104,0
2018-01-24,14:00:00,13554.41,13561.42,13547.56,13553.01,4877127,0
2018-01-24,15:00:00,13552.82,13561.9,13537.78,13551.04,5814472,0
2018-01-24,16:00:00,13551.45,13551.51,13529.87,13544.17,8367157,0
2018-01-24,17:00:00,13543.51,13549.07,13498.88,13501.63,8911183,0
2018-01-24,18:00:00,13502.48,13507.1,13414.74,13414.74,45878061,0
2018-01-25,10:00:00,13374.38,13401.7,13350.67,13394.61,12831845,0
2018-01-25,11:00:00,13394.66,13404.35,13377.02,13393.78,7200916,0
2018-01-25,12:00:00,13394.31,13405.1,13384.14,13398.51,5422196,0
2018-01-25,13:00:00,13397.98,13426.3,13397.98,13412.29,5434233,0
2018-01-25,14:00:00,13413.72,13443.19,13413.72,13427.69,5259593,0
2018-01-25,15:00:00,13427.55,13443.36,13362.91,13395.36,9326841,0
2018-01-25,16:00:00,13393.15,13399.31,13271.09,13282.24,13813400,0
2018-01-25,17:00:00,13281.71,13292.26,13223.37,13277.58,14531774,0
2018-01-25,18:00:00,13272.32,13316.99,13268.43,13298.36,29929784,0
2018-01-26,10:00:00,13298.71,13335.66,13268.42,13324.32,11361014,0
2018-01-26,11:00:00,13321.48,13323.54,13302.46,13306.69,6796064,0
2018-01-26,12:00:00,13305.78,13322.33,13296.8,13308.82,6226509,0
2018-01-26,13:00:00,13309.8,13315.49,13274.04,13315.49,4678759,0
2018-01-26,14:00:00,13317.56,13324.83,13301.48,13319.58,5023753,0
2018-01-26,15:00:00,13320.49,13341.51,13312.24,13335.75,4794902,0
2018-01-26,16:00:00,13336.1,13340.64,13321.62,13333.31,6856314,0
2018-01-26,17:00:00,13333.41,13348.46,13322.53,13327.33,7544020,0
2018-01-26,18:00:00,13326.76,13340.17,13315.93,13340.17,24602189,0
2018-01-29,10:00:00,13357.32,13360.21,13336.08,13336.25,12146910,0
2018-01-29,11:00:00,13335.35,13369.63,13274.84,13295.83,9569264,0
2018-01-29,12:00:00,13294.51,13319.72,13284.97,13319.72,5990107,0
2018-01-29,13:00:00,13318.97,13349.26,13307.86,13342.99,4708620,0
2018-01-29,14:00:00,13342.95,13342.95,13313.32,13319.46,4026273,0
2018-01-29,15:00:00,13319.12,13332.86,13314.54,13320.86,3888418,0
2018-01-29,16:00:00,13322.08,13354.26,13320.41,13346.78,5468453,0
2018-01-29,17:00:00,13352.94,13352.94,13296.65,13322.39,7799631,0
2018-01-29,18:00:00,13323.3,13335.43,13310.65,13324.48,27372316,0
2018-01-30,10:00:00,13223.97,13293.12,13223.97,13269.81,16034688,0
2018-01-30,11:00:00,13270.26,13309.62,13260.66,13301.73,7815355,0
2018-01-30,12:00:00,13301.25,13301.25,13254.21,13258.57,7560596,0
2018-01-30,13:00:00,13258.23,13272.25,13225.3,13225.3,6309848,0
2018-01-30,14:00:00,13225.54,13256.09,13225.52,13254.08,6842610,0
2018-01-30,15:00:00,13254.19,13270.27,13227.94,13227.94,5630039,0
2018-01-30,16:00:00,13227.76,13229.43,13182.41,13196.37,12253514,0
2018-01-30,17:00:00,13194.63,13229.75,13173.16,13223.71,13638138,0
2018-01-30,18:00:00,13223.56,13230.47,13197.71,13197.71,42104453,0
2018-01-31,10:00:00,13211.15,13268.41,13210.62,13248.57,15801751,0
2018-01-31,11:00:00,13248.8,13256.21,13230.99,13236.92,9292562,0
2018-01-31,12:00:00,13235.84,13237.58,13211.83,13224.08,7917691,0
2018-01-31,13:00:00,13223.91,13236.25,13200.55,13211.85,6433061,0
2018-01-31,14:00:00,13212.15,13233.71,13207.18,13231.32,4590273,0
2018-01-31,15:00:00,13231.24,13232.4,13208.98,13209.3,5970827,0
2018-01-31,16:00:00,13208.85,13222.18,13182.08,13199.38,7061483,0
2018-01-31,17:00:00,13197.73,13208.94,13159.38,13164.09,10584679,0
2018-01-31,18:00:00,13166.6,13192.69,13160.25,13189.48,47340456,0
2018-02-01,10:00:00,13235.15,13301.03,13221.05,13237.65,15572628,0
2018-02-01,11:00:00,13237.61,13257.09,13209.06,13209.06,8903737,0
2018-02-01,12:00:00,13207.78,13251.52,13207.78,13236.48,7549226,0
2018-02-01,13:00:00,13231.81,13237.99,13192.45,13202.13,6223756,0
2018-02-01,14:00:00,13202.34,13204.75,13155.41,13175.08,6556291,0
2018-02-01,15:00:00,13175.84,13176.05,13004.22,13014.14,15943752,0
2018-02-01,16:00:00,13013.59,13046.49,12973.86,13044.63,16829368,0
2018-02-01,17:00:00,13037.34,13048.5,12978.17,12994.73,14915248,0
2018-02-01,18:00:00,12999.89,13013.36,12971.78,13003.9,33563987,0
2018-02-02,10:00:00,12950.67,12950.67,12863.6,12866.32,24334077,0
2018-02-02,11:00:00,12865.65,12875.95,12824.03,12831.91,14198984,0
2018-02-02,12:00:00,12833.83,12867.64,12790.41,12839.72,13657433,0
2018-02-02,13:00:00,12839.82,12867.71,12828.72,12840.14,7671728,0
2018-02-02,14:00:00,12839.99,12854.11,12814.92,12833.36,10234000,0
2018-02-02,15:00:00,12833.2,12873.07,12817.54,12854.48,11190401,0
2018-02-02,16:00:00,12853.81,12884.07,12839.3,12853.71,11824213,0
2018-02-02,17:00:00,12852.93,12852.93,12793.36,12812.84,14371914,0
2018-02-02,18:00:00,12812.97,12818.59,12782.33,12785.16,36921582,0
2018-02-05,10:00:00,12686.08,12733.2,12622.64,12707.95,21704035,0
2018-02-05,11:00:00,12706.73,12751.39,12700.93,12716.75,14458384,0
2018-02-05,12:00:00,12715.9,12730.99,12675.87,12692.83,9657253,0
2018-02-05,13:00:00,12693.65,12695.52,12653.7,12683.44,7041806,0
2018-02-05,14:00:00,12683.67,12683.67,12646.18,12669.35,6698761,0
2018-02-05,15:00:00,12667.51,12700.84,12653.72,12699.34,5945741,0
2018-02-05,16:00:00,12698.18,12708.62,12674.22,12683.02,8919634,0
2018-02-05,17:00:00,12682.36,12747.58,12663.77,12708.56,11407527,0
2018-02-05,18:00:00,12710.86,12725.67,12686.8,12687.49,31087228,0
2018-02-06,10:00:00,12239.95,12469.71,12237.66,12429.76,47884220,0
2018-02-06,11:00:00,12430.99,12482.58,12396.4,12414.87,23151682,0
2018-02-06,12:00:00,12413.71,12486.09,12359.97,12474.19,17634718,0
2018-02-06,13:00:00,12473.91,12473.91,12375.9,12376.98,12633961,0
2018-02-06,14:00:00,12375.13,12448.73,12344.1,12405.25,12805090,0
2018-02-06,15:00:00,12403.62,12411.01,12353.32,12384.5,10522937,0
2018-02-06,16:00:00,12383.08,12535.54,12328.41,12495.38,19270964,0
2018-02-06,17:00:00,12498.48,12548.03,12391.13,12442.23,20075496,0
2018-02-06,18:00:00,12440.37,12458.16,12372.31,12392.66,46246136,0
2018-02-07,10:00:00,12478,12487.53,12414.98,12453.88,22824213,0
2018-02-07,11:00:00,12453.64,12486.44,12425.4,12462.59,13230452,0
2018-02-07,12:00:00,12463.05,12498.51,12459.3,12463.26,10351576,0
2018-02-07,13:00:00,12463.23,12485.88,12422.35,12481.11,12153109,0
2018-02-07,14:00:00,12479.34,12500.26,12475.91,12491.84,9036347,0
2018-02-07,15:00:00,12492.08,12521.04,12481.33,12493.71,10424942,0
2018-02-07,16:00:00,12492.57,12570.25,12492.3,12562.87,14699571,0
2018-02-07,17:00:00,12555.58,12628.65,12548.68,12628.65,19645161,0
2018-02-07,18:00:00,12628.58,12650.53,12589.74,12590.43,45288149,0
2018-02-08,10:00:00,12504.08,12540.12,12491.73,12497.9,21255699,0
2018-02-08,11:00:00,12497.4,12514.61,12463.84,12463.99,12445725,0
2018-02-08,12:00:00,12464.59,12480.3,12433.37,12440.99,10569337,0
2018-02-08,13:00:00,12440.81,12461.06,12403.59,12419.05,10191539,0
2018-02-08,14:00:00,12416.59,12467.38,12416.59,12455.06,8736767,0
2018-02-08,15:00:00,12453.05,12498.57,12436.61,12473.61,9071339,0
2018-02-08,16:00:00,12473.75,12490.22,12402.51,12419.36,12759940,0
2018-02-08,17:00:00,12415.52,12442.56,12268.28,12307.56,20798337,0
2018-02-08,18:00:00,12307.98,12322.98,12187.45,12260.29,52325671,0
2018-02-09,10:00:00,12263.1,12295.47,12195.82,12261.83,25494884,0
2018-02-09,11:00:00,12260.16,12265.14,12209.73,12223.52,13443698,0
2018-02-09,12:00:00,12224.1,12261.03,12197.47,12216.01,10796242,0
2018-02-09,13:00:00,12217.89,12225.2,12056.24,12117.96,17725865,0
2018-02-09,14:00:00,12117.68,12117.68,12003.36,12058.19,21715831,0
2018-02-09,15:00:00,12060.01,12210,12025.36,12196.84,14022544,0
2018-02-09,16:00:00,12196.3,12240.81,12140.3,12222.66,19205586,0
2018-02-09,17:00:00,12222.58,12229.74,12065.33,12110.45,18225916,0
2018-02-09,18:00:00,12108.66,12142.09,12049.78,12107.48,39617206,0
2018-02-12,10:00:00,12237.49,12379.16,12222.55,12343.69,21509221,0
2018-02-12,11:00:00,12344.05,12369.64,12323.12,12357.76,11275413,0
2018-02-12,12:00:00,12357.71,12358.56,12298.3,12334.09,8313679,0
2018-02-12,13:00:00,12333.4,12340.08,12285.16,12291.48,6982012,0
2018-02-12,14:00:00,12291.77,12313.98,12273.31,12283,6762099,0
2018-02-12,15:00:00,12285.54,12339.98,12274.08,12304.98,8266399,0
2018-02-12,16:00:00,12303.06,12335.92,12263.92,12284.34,14476024,0
2018-02-12,17:00:00,12284.51,12314.96,12253.93,12313.31,13681833,0
2018-02-12,18:00:00,12311.94,12318.02,12282.77,12282.77,31924340,0
2018-02-13,10:00:00,12281.76,12300.63,12206.75,12240.4,14490082,0
2018-02-13,11:00:00,12243.72,12277.92,12241.27,12259.93,7845606,0
2018-02-13,12:00:00,12260.27,12270,12224.03,12254.44,7501554,0
2018-02-13,13:00:00,12255.34,12255.34,12211.77,12239.92,5823145,0
2018-02-13,14:00:00,12240.43,12254.32,12219.22,12246.04,5433908,0
2018-02-13,15:00:00,12245.84,12288.77,12242.75,12259.88,6210741,0
2018-02-13,16:00:00,12260.14,12263.49,12224.11,12234.06,7949482,0
2018-02-13,17:00:00,12232.48,12265.18,12224.84,12253.78,10435929,0
2018-02-13,18:00:00,12253.57,12253.57,12196.22,12196.5,31575534,0
2018-02-14,10:00:00,12294.27,12306.66,12269.92,12302.42,12686887,0
2018-02-14,11:00:00,12307.51,12312.51,12264.62,12280.74,8730603,0
2018-02-14,12:00:00,12280.24,12298.69,12268.01,12274.26,6988327,0
2018-02-14,13:00:00,12274.19,12288.09,12265.79,12284.65,4535965,0
2018-02-14,14:00:00,12285.1,12285.1,12266.76,12268.05,6246626,0
2018-02-14,15:00:00,12267.84,12276.23,12076,12197.4,21337034,0
2018-02-14,16:00:00,12195.47,12278.56,12169.12,12259.26,16362485,0
2018-02-14,17:00:00,12259.4,12357.21,12259.4,12317.65,19563046,0
2018-02-14,18:00:00,12318.41,12390.17,12318.41,12339.16,37822830,0
2018-02-15,10:00:00,12425.45,12438.45,12398.74,12425.9,16821582,0
2018-02-15,11:00:00,12426.09,12459.2,12411.39,12457.14,10990567,0
2018-02-15,12:00:00,12457.4,12479.92,12444.48,12451.98,8487826,0
2018-02-15,13:00:00,12452.35,12454.67,12418.4,12422.45,5626491,0
2018-02-15,14:00:00,12422.06,12435.31,12384.08,12404.57,6399415,0
2018-02-15,15:00:00,12404.6,12425.03,12381.37,12413.41,7499160,0
2018-02-15,16:00:00,12413.1,12424.47,12357.47,12380.78,11843754,0
2018-02-15,17:00:00,12386.42,12386.49,12295.68,12295.68,16702192,0
2018-02-15,18:00:00,12297.37,12346.17,12275.29,12346.17,30708000,0
2018-02-16,10:00:00,12408.52,12458.39,12369.38,12448.36,13470031,0
2018-02-16,11:00:00,12448.69,12476.15,12440.12,12469.06,8474662,0
2018-02-16,12:00:00,12469.11,12482.58,12388.22,12415.54,18424338,0
2018-02-16,13:00:00,12411.73,12428.57,12394.85,12400.26,5147725,0
2018-02-16,14:00:00,12401.63,12440.48,12391.03,12433.74,8183794,0
2018-02-16,15:00:00,12433.53,12437.21,12397.43,12404.56,4841269,0
2018-02-16,16:00:00,12404.37,12414.89,12373.68,12406.53,8390865,0
2018-02-16,17:00:00,12405.42,12453.47,12390.02,12446.62,7576155,0
2018-02-16,18:00:00,12446.44,12468.5,12443.19,12451.96,32488372,0
2018-02-19,10:00:00,12495.07,12505.11,12457.48,12463.44,10890947,0
2018-02-19,11:00:00,12463.38,12470.6,12441.51,12457.76,6310410,0
2018-02-19,12:00:00,12457.78,12463.07,12428.61,12438.75,5051645,0
2018-02-19,13:00:00,12438.5,12468.82,12434.6,12442.41,4937037,0
2018-02-19,14:00:00,12442.07,12445.04,12417.28,12424.22,4358482,0
2018-02-19,15:00:00,12424.44,12430.36,12400.1,12430.36,4751794,0
2018-02-19,16:00:00,12430.34,12433.9,12401.5,12414.53,5391782,0
2018-02-19,17:00:00,12415.74,12415.74,12378.47,12380.77,6752664,0
2018-02-19,18:00:00,12379.27,12391.01,12361.86,12385.6,20267200,0
2018-02-20,10:00:00,12402.87,12442.4,12402.87,12438.68,10743681,0
2018-02-20,11:00:00,12438.95,12441.87,12368.42,12368.42,6801449,0
2018-02-20,12:00:00,12368.83,12398.12,12335.09,12397.49,5740239,0
2018-02-20,13:00:00,12396.51,12396.65,12360.89,12381.12,3966980,0
2018-02-20,14:00:00,12381.15,12412.61,12380.92,12410.33,3856380,0
2018-02-20,15:00:00,12410.4,12422.13,12396.3,12409.24,4663087,0
2018-02-20,16:00:00,12407.54,12474.29,12396.49,12443.43,10413952,0
2018-02-20,17:00:00,12446.63,12471.28,12419.24,12444.14,9787360,0
2018-02-20,18:00:00,12445.88,12495.97,12445.36,12487.9,33505347,0
2018-02-21,10:00:00,12457.22,12469.21,12418.33,12425.12,11310171,0
2018-02-21,11:00:00,12424.36,12433.59,12387.59,12394.27,8990490,0
2018-02-21,12:00:00,12395.83,12410.69,12379.02,12403,6246321,0
2018-02-21,13:00:00,12402.91,12414.86,12372.26,12414.86,4968687,0
2018-02-21,14:00:00,12414.49,12422.95,12400.09,12405.95,4321757,0
2018-02-21,15:00:00,12405.85,12437.1,12400.56,12426.75,4706445,0
2018-02-21,16:00:00,12426.64,12468.52,12426.64,12438.63,8577369,0
2018-02-21,17:00:00,12438.85,12474.37,12418.08,12460.77,8926072,0
2018-02-21,18:00:00,12460.81,12472.98,12440.28,12470.49,27569768,0
2018-02-22,10:00:00,12359.25,12390.9,12317.94,12318.27,18515121,0
2018-02-22,11:00:00,12319.12,12356.96,12286.48,12356.96,10019316,0
2018-02-22,12:00:00,12360.92,12400.95,12347.51,12376.06,7332472,0
2018-02-22,13:00:00,12376.68,12395.4,12362.38,12368.55,5313618,0
2018-02-22,14:00:00,12368.76,12399.77,12368.43,12380.42,4881432,0
2018-02-22,15:00:00,12381.9,12407.36,12358.62,12394.37,5505688,0
2018-02-22,16:00:00,12391.65,12406.15,12337.43,12352.05,7433281,0
2018-02-22,17:00:00,12354.72,12414.46,12342.23,12393.44,9459524,0
2018-02-22,18:00:00,12392.69,12497.71,12391.57,12461.91,38585824,0
2018-02-23,10:00:00,12492,12496.29,12444.26,12450.72,16127866,0
2018-02-23,11:00:00,12451.61,12490.04,12441.48,12478.95,7944345,0
2018-02-23,12:00:00,12479.52,12482.35,12431.94,12448.7,7969803,0
2018-02-23,13:00:00,12447.31,12477.31,12445.98,12476.62,4426585,0
2018-02-23,14:00:00,12475.99,12499.74,12475.15,12477.93,7179172,0
2018-02-23,15:00:00,12478.04,12513.32,12476.36,12508.76,6232124,0
2018-02-23,16:00:00,12509.17,12509.17,12473.64,12486.84,8648454,0
2018-02-23,17:00:00,12488.25,12490.8,12450.87,12483.26,10309636,0
2018-02-23,18:00:00,12489.26,12501.08,12476.44,12483.79,31806176,0
2018-02-26,10:00:00,12568.14,12601.01,12566.78,12573.6,11963898,0
2018-02-26,11:00:00,12573.02,12582.27,12537.94,12541.72,7232826,0
2018-02-26,12:00:00,12541.08,12556.93,12522.54,12530.47,5289216,0
2018-02-26,13:00:00,12530.91,12532.02,12511.17,12515.28,4314073,0
2018-02-26,14:00:00,12515.24,12542.4,12512.6,12539.5,4237369,0
2018-02-26,15:00:00,12539.57,12545.18,12527.03,12540.45,4662052,0
2018-02-26,16:00:00,12540.84,12558.93,12526.13,12530.1,7039795,0
2018-02-26,17:00:00,12529.01,12529.01,12484.88,12510.78,7946917,0
2018-02-26,18:00:00,12509.62,12546.64,12502.18,12527.04,27644812,0
2018-02-27,10:00:00,12574.08,12577.56,12515.78,12521.86,11299550,0
2018-02-27,11:00:00,12520.23,12534.47,12503.28,12522.1,7400305,0
2018-02-27,12:00:00,12523.54,12531.04,12499.18,12499.18,5266914,0
2018-02-27,13:00:00,12498.91,12507.04,12438.31,12457.5,9127903,0
2018-02-27,14:00:00,12457.86,12487.04,12457.86,12477.17,5093367,0
2018-02-27,15:00:00,12477.13,12499.41,12455.39,12499.41,5724419,0
2018-02-27,16:00:00,12499.93,12516.02,12485.86,12493.74,7551601,0
2018-02-27,17:00:00,12493.19,12544.22,12479.92,12480.87,11295825,0
2018-02-27,18:00:00,12480.88,12496.93,12466.33,12490.73,29577865,0
2018-02-28,10:00:00,12426.35,12467.42,12420.13,12447.15,10805059,0
2018-02-28,11:00:00,12447.07,12477.9,12445.65,12476.56,6691959,0
2018-02-28,12:00:00,12476.67,12477.22,12446.49,12450.96,5949412,0
2018-02-28,13:00:00,12451.05,12470.49,12438.34,12439.27,4214541,0
2018-02-28,14:00:00,12438.15,12463.09,12436.46,12463.09,4297166,0
2018-02-28,15:00:00,12462.8,12488.2,12461.17,12476.16,4201549,0
2018-02-28,16:00:00,12476.88,12500.3,12471.48,12498.94,7241486,0
2018-02-28,17:00:00,12499.11,12516.84,12460.34,12464.29,8472415,0
2018-02-28,18:00:00,12461.93,12462.41,12417.96,12435.85,44079892,0
2018-03-01,10:00:00,12386.17,12387.5,12338.14,12364.84,12600468,0
2018-03-01,11:00:00,12363.05,12363.05,12239.66,12246.29,12187671,0
2018-03-01,12:00:00,12246.37,12271.29,12232.31,12262.73,7879563,0
2018-03-01,13:00:00,12262.37,12272.61,12211.31,12235.5,5956091,0
2018-03-01,14:00:00,12235.34,12260.63,12224.18,12230.32,4924994,0
2018-03-01,15:00:00,12230.52,12283.9,12226.14,12279.02,5840295,0
2018-03-01,16:00:00,12281.05,12284.86,12143.46,12166.23,12463249,0
2018-03-01,17:00:00,12162.59,12267.47,12151.34,12202.83,13808752,0
2018-03-01,18:00:00,12204.57,12211.32,12154.66,12190.94,40880747,0
2018-03-02,10:00:00,12053.19,12080.81,11973.81,11973.81,18004870,0
2018-03-02,11:00:00,11972.09,11992.93,11942.81,11944.81,13222317,0
2018-03-02,12:00:00,11944.09,11962.68,11925.75,11943.96,10185495,0
2018-03-02,13:00:00,11944.31,11945.78,11902.51,11916.01,8964177,0
2018-03-02,14:00:00,11915.91,11936.13,11893.86,11893.86,9589702,0
2018-03-02,15:00:00,11894.69,11971.45,11877.66,11962.49,6975632,0
2018-03-02,16:00:00,11962.35,11967.25,11924.9,11958.75,8928632,0
2018-03-02,17:00:00,11957.04,11969.31,11906.04,11906.71,12588979,0
2018-03-02,18:00:00,11903.81,11928.06,11884.16,11913.71,35062751,0
2018-03-05,10:00:00,11841.2,11987.3,11838.54,11953.26,18650909,0
2018-03-05,11:00:00,11951.85,12020.49,11912.36,12010.54,11477298,0
2018-03-05,12:00:00,12011.59,12029.64,11989.73,12021.42,6475349,0
2018-03-05,13:00:00,12021.49,12025.27,11976.83,11979.1,5702168,0
2018-03-05,14:00:00,11978.58,11998.69,11966.84,11975.84,4544816,0
2018-03-05,15:00:00,11975.9,12022.39,11970.19,11972.49,6061969,0
2018-03-05,16:00:00,11970.76,12009.86,11948.28,11988.07,9777897,0
2018-03-05,17:00:00,11992.22,12059.14,11959.16,12058.67,10835955,0
2018-03-05,18:00:00,12057.65,12110.01,12052.22,12090.87,39357037,0
2018-03-06,10:00:00,12230.31,12252.17,12192,12215.36,16879508,0
2018-03-06,11:00:00,12215.42,12259.58,12215.42,12235.21,11546872,0
2018-03-06,12:00:00,12235.19,12238.69,12210.9,12223.76,7272069,0
2018-03-06,13:00:00,12224.01,12252.24,12214.22,12226.87,7129901,0
2018-03-06,14:00:00,12225.99,12226.88,12178.23,12189.07,7887934,0
2018-03-06,15:00:00,12189.51,12211.92,12170.19,12170.19,7165561,0
2018-03-06,16:00:00,12170.96,12181.51,12129.38,12154.97,10254622,0
2018-03-06,17:00:00,12146.85,12181.15,12123.38,12141.19,10192909,0
2018-03-06,18:00:00,12140.56,12163.82,12110.97,12113.87,29134319,0
2018-03-07,10:00:00,12062.49,12091.22,12021,12049.67,12663954,0
2018-03-07,11:00:00,12051.89,12100.28,12050.05,12087.57,8749376,0
2018-03-07,12:00:00,12088.21,12116.2,12072.09,12077.93,5920019,0
2018-03-07,13:00:00,12078.47,12114.67,12059.27,12114.38,5956292,0
2018-03-07,14:00:00,12114.06,12176.6,12114.06,12158.07,8147192,0
2018-03-07,15:00:00,12157.25,12196.2,12139.72,12182.08,5480561,0
2018-03-07,16:00:00,12182.38,12218.5,12168.99,12168.99,7417371,0
2018-03-07,17:00:00,12164.28,12267.3,12160.35,12260.2,11325638,0
2018-03-07,18:00:00,12264.57,12275.66,12224.03,12245.36,29773528,0
2018-03-08,10:00:00,12238.24,12266.33,12220.36,12223.46,10237137,0
2018-03-08,11:00:00,12224.23,12242,12191.54,12191.86,8813737,0
2018-03-08,12:00:00,12191.35,12213.13,12180.11,12188.38,6261119,0
2018-03-08,13:00:00,12188.51,12213.36,12177.12,12212.82,4627456,0
2018-03-08,14:00:00,12213,12234.51,12194.66,12208.63,8815033,0
2018-03-08,15:00:00,12208.41,12229.69,12179.34,12224.69,7791071,0
2018-03-08,16:00:00,12224.98,12342.15,12224.98,12323.07,14602274,0
2018-03-08,17:00:00,12327.32,12358.41,12311.99,12338.05,11274573,0
2018-03-08,18:00:00,12338.02,12381.97,12334.76,12355.57,28000161,0
2018-03-09,10:00:00,12331.64,12353.4,12314.68,12325.08,10148253,0
2018-03-09,11:00:00,12325.62,12326.49,12289.25,12299.69,6369504,0
2018-03-09,12:00:00,12300.19,12322.51,12284.59,12317.71,8375562,0
2018-03-09,13:00:00,12319.37,12321.99,12295.52,12298.02,3689815,0
2018-03-09,14:00:00,12297.48,12325.41,12297.48,12303.58,11895718,0
2018-03-09,15:00:00,12303.53,12407.56,12285.73,12392.88,11853830,0
2018-03-09,16:00:00,12393.08,12400.46,12312.94,12323.13,9006015,0
2018-03-09,17:00:00,12323.81,12355.82,12305.76,12333.05,8457938,0
2018-03-09,18:00:00,12333.13,12346.68,12324.42,12346.68,28876669,0
2018-03-12,10:00:00,12454.82,12454.82,12400.93,12415.78,37652885,0
2018-03-12,11:00:00,12416.94,12443.58,12415.4,12417.24,13491811,0
2018-03-12,12:00:00,12417.75,12441.69,12405.78,12439.05,8002217,0
2018-03-12,13:00:00,12439.24,12444.55,12415.53,12435.4,9047646,0
2018-03-12,14:00:00,12434.87,12434.87,12391.19,12398.44,7913453,0
2018-03-12,15:00:00,12398.69,12424.12,12381.95,12405.21,8188379,0
2018-03-12,16:00:00,12405.76,12422.27,12390.7,12391.6,11420813,0
2018-03-12,17:00:00,12391.04,12413.65,12361.02,12413.21,18825082,0
2018-03-12,18:00:00,12413.85,12432.22,12409.9,12418.39,26055383,0
2018-03-13,10:00:00,12424.87,12446.61,12409.66,12436.43,19874140,0
2018-03-13,11:00:00,12436.28,12459.55,12435.52,12439.41,10073565,0
2018-03-13,12:00:00,12440.52,12447.76,12431.95,12439.85,7849220,0
2018-03-13,13:00:00,12438.6,12438.6,12406.55,12416.6,8648616,0
2018-03-13,14:00:00,12416.1,12437.27,12350.33,12399.12,10992564,0
2018-03-13,15:00:00,12398.98,12407.16,12357.66,12357.93,7786395,0
2018-03-13,16:00:00,12356.3,12376.08,12327.05,12341.62,11644433,0
2018-03-13,17:00:00,12341.74,12341.74,12209.51,12209.51,16897086,0
2018-03-13,18:00:00,12204.62,12221.03,12163.4,12221.03,41709403,0
2018-03-14,10:00:00,12210.53,12249.77,12202.76,12221.25,16965225,0
2018-03-14,11:00:00,12227.4,12266.54,12227.4,12261.04,8710233,0
2018-03-14,12:00:00,12260.94,12272.37,12233.27,12234.82,6250796,0
2018-03-14,13:00:00,12234.62,12286.7,12234.62,12281.16,4910222,0
2018-03-14,14:00:00,12281.23,12295.19,12265.3,12288.07,6100404,0
2018-03-14,15:00:00,12286.57,12322.77,12283.63,12291.19,7196063,0
2018-03-14,16:00:00,12292.85,12309.09,12243.81,12246.89,10020877,0
2018-03-14,17:00:00,12246.83,12253.11,12203.45,12231.7,11661825,0
2018-03-14,18:00:00,12232.37,12252.21,12209.23,12237.74,35217905,0
2018-03-15,10:00:00,12283.41,12300.61,12274.22,12294.39,13677953,0
2018-03-15,11:00:00,12294.71,12349.64,12287.79,12310.49,8958730,0
2018-03-15,12:00:00,12306.18,12306.18,12245.48,12249.18,8286906,0
2018-03-15,13:00:00,12248.48,12288.44,12239.96,12279.89,5376922,0
2018-03-15,14:00:00,12279.77,12292.64,12251.42,12287.4,6048962,0
2018-03-15,15:00:00,12287.68,12303.77,12281.44,12295.9,5853401,0
2018-03-15,16:00:00,12295.85,12340.57,12295.85,12333.42,8944731,0
2018-03-15,17:00:00,12336.08,12376.63,12330.99,12346.94,10876202,0
2018-03-15,18:00:00,12346.78,12361.39,12343.56,12345.56,41560948,0
2018-03-16,10:00:00,12345.56,12410.01,12345.56,12404.66,5007971,0
2018-03-16,11:00:00,12403.74,12403.74,12380.5,12389.45,8831661,0
2018-03-16,12:00:00,12389.65,12431.39,12383.21,12424.34,30919976,0
2018-03-16,13:00:00,12420.07,12426.45,12377.89,12384.64,8078845,0
2018-03-16,14:00:00,12384.67,12389.12,12354.34,12363.4,30743809,0
2018-03-16,15:00:00,12362.36,12395.85,12337.62,12386.11,7353714,0
2018-03-16,16:00:00,12388.15,12453.51,12388.15,12448.19,10353631,0
2018-03-16,17:00:00,12448.86,12449.27,12405.54,12407.45,9532143,0
2018-03-16,18:00:00,12407.88,12426.61,12389.58,12389.58,107484296,0
2018-03-19,10:00:00,12346.19,12369.52,12230.47,12249.26,14362089,0
2018-03-19,11:00:00,12249.22,12292.34,12237.95,12289.1,7254684,0
2018-03-19,12:00:00,12291.12,12292.25,12254.72,12273.34,5725991,0
2018-03-19,13:00:00,12273.03,12300.85,12273.03,12296.87,4723941,0
2018-03-19,14:00:00,12297.33,12323.38,12284.18,12295.47,6058056,0
2018-03-19,15:00:00,12294.99,12296.61,12259.17,12285.76,6642041,0
2018-03-19,16:00:00,12284.24,12289.25,12234.1,12244.43,9112697,0
2018-03-19,17:00:00,12241.95,12257.62,12183.84,12200.45,13833579,0
2018-03-19,18:00:00,12201.37,12221.71,12192.34,12217.02,31913135,0
2018-03-20,10:00:00,12261.43,12262.3,12216.04,12235.92,10171173,0
2018-03-20,11:00:00,12235.98,12237.79,12191.55,12212.28,6884354,0
2018-03-20,12:00:00,12211.1,12252.92,12210.56,12240.35,4665587,0
2018-03-20,13:00:00,12241.17,12282.38,12241.17,12276.35,4377038,0
2018-03-20,14:00:00,12276.57,12277.98,12247.83,12254.36,3746039,0
2018-03-20,15:00:00,12254.3,12276.81,12222.85,12252.19,6294429,0
2018-03-20,16:00:00,12251.86,12294.17,12235.9,12287.33,6910769,0
2018-03-20,17:00:00,12289.62,12310.62,12265.74,12291.65,8174462,0
2018-03-20,18:00:00,12290.88,12319.79,12285.49,12307.33,23391232,0
2018-03-21,10:00:00,12336.65,12344.09,12300.25,12311.52,11395533,0
2018-03-21,11:00:00,12309.88,12314,12279.43,12294.33,8417063,0
2018-03-21,12:00:00,12294.1,12337.68,12284.86,12320.88,6789937,0
2018-03-21,13:00:00,12321.17,12329.86,12291.6,12291.7,6389260,0
2018-03-21,14:00:00,12291.34,12298.32,12254.98,12265.64,15541261,0
2018-03-21,15:00:00,12264.93,12272.67,12250.52,12259.56,12850988,0
2018-03-21,16:00:00,12259.95,12290.38,12255.67,12272.66,13006229,0
2018-03-21,17:00:00,12272.18,12321.64,12261.42,12311.98,11596546,0
2018-03-21,18:00:00,12312.75,12316.79,12300.67,12309.15,25985341,0
2018-03-22,10:00:00,12187.38,12267.13,12183.98,12257.21,14172141,0
2018-03-22,11:00:00,12257.02,12257.87,12169.8,12191.14,13327191,0
2018-03-22,12:00:00,12191.48,12208.08,12149.98,12164.56,13062829,0
2018-03-22,13:00:00,12164.78,12179.07,12159.91,12164.55,7657849,0
2018-03-22,14:00:00,12163.2,12187.06,12089.63,12106.88,13139143,0
2018-03-22,15:00:00,12106.61,12117.03,12068.64,12097.01,11812967,0
2018-03-22,16:00:00,12096.81,12123.29,12030.03,12044.82,13766300,0
2018-03-22,17:00:00,12044.65,12073.13,12026.99,12035.51,13416117,0
2018-03-22,18:00:00,12035.78,12100.08,12009.5,12100.08,41963993,0
2018-03-23,10:00:00,11993.79,12001.22,11894.42,11909.06,22752447,0
2018-03-23,11:00:00,11910.77,11928.92,11826.06,11846.46,18193457,0
2018-03-23,12:00:00,11849.45,11927.67,11840.17,11926.68,14423815,0
2018-03-23,13:00:00,11930.89,11938.1,11887.84,11903.19,9558166,0
2018-03-23,14:00:00,11902.81,11954.1,11902.81,11913.26,12142281,0
2018-03-23,15:00:00,11912.78,12001.58,11912.67,11950.82,8626423,0
2018-03-23,16:00:00,11960,11980.97,11924.84,11979.99,11334912,0
2018-03-23,17:00:00,11977.78,11985.33,11818.7,11834.94,15268023,0
2018-03-23,18:00:00,11835.42,11912.94,11835.42,11886.31,37317890,0
2018-03-26,10:00:00,11919.35,11940.52,11891.3,11932.17,10963978,0
2018-03-26,11:00:00,11931.48,11970.47,11927.8,11936.19,10058664,0
2018-03-26,12:00:00,11936.71,11972.63,11926.19,11959.9,7614053,0
2018-03-26,13:00:00,11958.83,11969.14,11940.9,11958.26,5320735,0
2018-03-26,14:00:00,11958.34,11970.57,11944.94,11959.9,5809600,0
2018-03-26,15:00:00,11959.74,11984.5,11938.06,11943.31,5537490,0
2018-03-26,16:00:00,11942.93,11953.01,11895.69,11896.59,8524547,0
2018-03-26,17:00:00,11896.21,11902.87,11747.5,11779.98,15987580,0
2018-03-26,18:00:00,11778.75,11795.2,11726.75,11787.26,32958123,0
2018-03-27,10:00:00,11996.35,12003.9,11939.29,11949.13,18118868,0
2018-03-27,11:00:00,11948.8,11987.58,11936.06,11987.58,9468427,0
2018-03-27,12:00:00,11987.77,12042.78,11987.16,12041.34,7222372,0
2018-03-27,13:00:00,12040.05,12040.05,11985.58,11985.92,5390205,0
2018-03-27,14:00:00,11986.33,12011.47,11977.02,11986.6,4557567,0
2018-03-27,15:00:00,11986.66,12012.67,11982.64,11996.98,4617429,0
2018-03-27,16:00:00,11997.21,12007.41,11943.87,11973.36,8318044,0
2018-03-27,17:00:00,11974.92,11984.63,11928.48,11962.47,13795849,0
2018-03-27,18:00:00,11962.93,11979.4,11947.37,11970.83,30010361,0
2018-03-28,10:00:00,11867.58,11901.95,11784.52,11791.62,17232715,0
2018-03-28,11:00:00,11790.73,11848.22,11770.4,11783.73,13196329,0
2018-03-28,12:00:00,11786.33,11839.05,11786.2,11812.67,8159855,0
2018-03-28,13:00:00,11812.2,11886.9,11811.64,11886.78,7611251,0
2018-03-28,14:00:00,11885.26,11912.44,11881.69,11908.82,5951673,0
2018-03-28,15:00:00,11909.21,11941.09,11885.49,11885.49,6932972,0
2018-03-28,16:00:00,11885.64,11941.41,11867.64,11936.16,11848269,0
2018-03-28,17:00:00,11947.9,11960.71,11853.49,11892.1,14751494,0
2018-03-28,18:00:00,11894.52,11940.71,11891.15,11940.71,31010941,0
2018-03-29,10:00:00,11956.65,12021.2,11942.28,11994.14,13081268,0
2018-03-29,11:00:00,11992.14,12004.76,11961.57,12000.94,8428460,0
2018-03-29,12:00:00,11999.28,12070.98,11997.82,12059.88,7526366,0
2018-03-29,13:00:00,12060.04,12063.98,12022.79,12022.79,5271350,0
2018-03-29,14:00:00,12023.05,12044.02,12014.71,12041.95,7109923,0
2018-03-29,15:00:00,12042.21,12085.13,12029.6,12071.14,6419288,0
2018-03-29,16:00:00,12071.47,12098.9,12048.04,12055.28,8581670,0
2018-03-29,17:00:00,12060.17,12139.4,12054.58,12135.24,13019340,0
2018-03-29,18:00:00,12140.88,12150.97,12096.73,12096.73,44730563,0
