Date,Time,Open,High,Low,Close,Volume,OpenInt
2017-09-05,16:00:00,7517.26,7518.27,7505.91,7510.18,48263855,0
2017-09-05,17:00:00,7507.38,7509.21,7488.05,7491.48,60909266,0
2017-09-05,18:00:00,7490.92,7503,7489.92,7501.22,42144598,0
2017-09-05,19:00:00,7489.56,7489.56,7470.49,7474.8,51537251,0
2017-09-05,20:00:00,7469.24,7481.26,7462.53,7478.24,39883032,0
2017-09-05,21:00:00,7481.79,7484.13,7472.74,7474.82,38679133,0
2017-09-05,22:00:00,7476.62,7483.23,7467.75,7476.16,145627236,0
2017-09-06,16:00:00,7489.49,7493.68,7483.71,7492.34,48029108,0
2017-09-06,17:00:00,7493.33,7506.52,7492.69,7497.95,60136379,0
2017-09-06,18:00:00,7499.37,7501.4,7496.54,7500.12,44893702,0
2017-09-06,19:00:00,7498.97,7500.76,7494.49,7495.34,34112774,0
2017-09-06,20:00:00,7497.3,7497.46,7489.27,7493.27,36350897,0
2017-09-06,21:00:00,7494.44,7501.52,7494.44,7498.1,45182230,0
2017-09-06,22:00:00,7497.2,7501.18,7488.69,7488.76,168636251,0
2017-09-07,16:00:00,7497.76,7507.62,7496.45,7497.67,49366010,0
2017-09-07,17:00:00,7490.16,7510.4,7490.16,7508.49,60378421,0
2017-09-07,18:00:00,7508.53,7508.53,7490.55,7491.63,51663667,0
2017-09-07,19:00:00,7491.03,7493.92,7486.09,7492.15,51612644,0
2017-09-07,20:00:00,7491.99,7496.54,7490.25,7492.67,45058431,0
2017-09-07,21:00:00,7493.85,7497.85,7491.38,7496.77,46998482,0
2017-09-07,22:00:00,7496.44,7502.35,7490.24,7501.28,126765334,0
2017-09-08,16:00:00,7495.29,7497.13,7482.37,7497.13,39137426,0
2017-09-08,17:00:00,7500.7,7511.56,7498.97,7510.06,55375102,0
2017-09-08,18:00:00,7511.79,7516.5,7508.18,7512.79,43526583,0
2017-09-08,19:00:00,7510.5,7521.12,7509.51,7520.74,37286428,0
2017-09-08,20:00:00,7518.74,7520.2,7514.45,7519.87,31512771,0
2017-09-08,21:00:00,7519.04,7526.59,7516.62,7520.31,37397873,0
2017-09-08,22:00:00,7519.96,7521.86,7512.49,7517.12,136339262,0
2017-09-11,16:00:00,7555.85,7574.06,7555.85,7571.89,50347885,0
2017-09-11,17:00:00,7573.41,7579.36,7573.41,7577.49,57458743,0
2017-09-11,18:00:00,7578.29,7583.44,7575.61,7582.05,43418538,0
2017-09-11,19:00:00,7582.64,7591.23,7581.18,7586.64,34320424,0
2017-09-11,20:00:00,7588.46,7597.39,7587.83,7594.94,32456575,0
2017-09-11,21:00:00,7595.73,7602.4,7595.73,7599.09,43167708,0
2017-09-11,22:00:00,7598.09,7602.33,7596.4,7602.33,163327544,0
2017-09-12,16:00:00,7610.6,7620.51,7610.6,7615.45,53128176,0
2017-09-12,17:00:00,7617.18,7617.76,7604.18,7608.07,65224474,0
2017-09-12,18:00:00,7608.47,7611.76,7605.53,7607.85,48039551,0
2017-09-12,19:00:00,7606.68,7607.62,7603.48,7607.23,42429017,0
2017-09-12,20:00:00,7608.56,7608.94,7599.5,7599.51,49246438,0
2017-09-12,21:00:00,7599.17,7605.12,7596.79,7604.58,61194538,0
2017-09-12,22:00:00,7603.36,7606.2,7601.14,7606.18,136548030,0
2017-09-13,16:00:00,7600.22,7603.77,7589.17,7589.17,44364821,0
2017-09-13,17:00:00,7588.55,7595.89,7585.63,7595.89,62529594,0
2017-09-13,18:00:00,7595.29,7598.56,7590.91,7595.6,42250675,0
2017-09-13,19:00:00,7596.78,7601.88,7594.59,7600.63,32346528,0
2017-09-13,20:00:00,7601.5,7601.77,7598.32,7598.32,32409999,0
2017-09-13,21:00:00,7598.7,7604.83,7598.12,7604.83,35943892,0
2017-09-13,22:00:00,7602.82,7605.09,7599.05,7605.09,134407740,0
2017-09-14,16:00:00,7597.05,7614.81,7593.01,7611.6,40448400,0
2017-09-14,17:00:00,7613.43,7617.62,7612.14,7616.22,53976874,0
2017-09-14,18:00:00,7614.49,7618.69,7614.01,7617.15,45848676,0
2017-09-14,19:00:00,7617.31,7623.63,7614.15,7621.2,34610677,0
2017-09-14,20:00:00,7619.92,7622.27,7618.6,7622.27,32097223,0
2017-09-14,21:00:00,7621.77,7624.26,7620.23,7620.23,36825288,0
2017-09-14,22:00:00,7619.37,7621.51,7617.37,7619.82,148960552,0
2017-09-15,16:00:00,7622.12,7628.9,7622.07,7622.78,153853911,0
2017-09-15,17:00:00,7622.55,7624.16,7617.37,7621.82,60166156,0
2017-09-15,18:00:00,7619.94,7627.25,7619.94,7627.02,41936673,0
2017-09-15,19:00:00,7626.94,7628.82,7626.51,7627.88,31661537,0
2017-09-15,20:00:00,7627.66,7630.2,7627.02,7627.92,29882709,0
2017-09-15,21:00:00,7627.81,7633.03,7627.81,7632.85,33196073,0
2017-09-15,22:00:00,7633.73,7642.37,7632.92,7642.37,343234860,0
2017-09-18,16:00:00,7650.27,7652.46,7645.17,7649.64,68350537,0
2017-09-18,17:00:00,7648.56,7649.09,7643.21,7646.95,78507457,0
2017-09-18,18:00:00,7645.39,7647.47,7643.29,7646.3,38548305,0
2017-09-18,19:00:00,7646.9,7646.9,7638.96,7642.03,34423459,0
2017-09-18,20:00:00,7641.28,7641.67,7634.29,7634.29,31954421,0
2017-09-18,21:00:00,7633.36,7636.12,7627.82,7635.54,46331015,0
2017-09-18,22:00:00,7635.76,7639.74,7634.48,7634.98,155590513,0
2017-09-19,16:00:00,7639.4,7646.62,7639.4,7639.61,39172067,0
2017-09-19,17:00:00,7641.89,7642.11,7635.77,7639.88,59506564,0
2017-09-19,18:00:00,7634.45,7638.53,7632.8,7636.9,47128216,0
2017-09-19,19:00:00,7638.24,7638.68,7632.96,7636.51,37373302,0
2017-09-19,20:00:00,7635.72,7640.81,7635.5,7640.32,30649151,0
2017-09-19,21:00:00,7640.62,7642,7636.83,7640.31,36697029,0
2017-09-19,22:00:00,7641.46,7643.57,7637.54,7637.54,132531252,0
2017-09-20,16:00:00,7645.07,7652.44,7645.07,7652.17,43671016,0
2017-09-20,17:00:00,7653.21,7664.2,7650.22,7664.02,50564039,0
2017-09-20,18:00:00,7668.36,7671.17,7666.02,7668.61,50398532,0
2017-09-20,19:00:00,7668.34,7671.66,7666.06,7667.12,33866484,0
2017-09-20,20:00:00,7667.03,7667.96,7662.21,7666.26,27158526,0
2017-09-20,21:00:00,7664.23,7664.23,7640.28,7656.84,62934360,0
2017-09-20,22:00:00,7652.61,7669.26,7651.35,7669.26,157663931,0
2017-09-21,16:00:00,7670.62,7670.62,7659.07,7665.32,37524503,0
2017-09-21,17:00:00,7669.13,7679.64,7666.15,7678.26,55235469,0
2017-09-21,18:00:00,7678.57,7678.94,7672.04,7672.6,41184574,0
2017-09-21,19:00:00,7673.24,7674.22,7667.02,7670.01,30826652,0
2017-09-21,20:00:00,7670.16,7670.64,7665.1,7666.23,32066386,0
2017-09-21,21:00:00,7665.99,7667.84,7663.08,7666.74,33098951,0
2017-09-21,22:00:00,7667.1,7667.42,7660.38,7660.75,134349257,0
2017-09-22,16:00:00,7659.36,7668.24,7656.1,7657.01,42265411,0
2017-09-22,17:00:00,7655.21,7660.63,7651.46,7653.4,57300984,0
2017-09-22,18:00:00,7653.71,7655.89,7649.29,7655.89,41993177,0
2017-09-22,19:00:00,7657.42,7660.24,7656.15,7657.54,33252278,0
2017-09-22,20:00:00,7656.89,7658.19,7652.13,7656.39,35107661,0
2017-09-22,21:00:00,7655.1,7657.66,7653.5,7655.98,37432127,0
2017-09-22,22:00:00,7656.63,7662.3,7656.18,7659.64,126055110,0
2017-09-25,16:00:00,7653.77,7662.35,7651.05,7655.01,47651951,0
2017-09-25,17:00:00,7655.9,7662.96,7641.8,7641.8,55550700,0
2017-09-25,18:00:00,7632.49,7648.62,7626.97,7645.1,45579045,0
2017-09-25,19:00:00,7643.53,7651.36,7638.38,7649.93,33790860,0
2017-09-25,20:00:00,7650.25,7650.34,7645.35,7648.48,32879918,0
2017-09-25,21:00:00,7649.09,7656.21,7649.09,7652.93,39162175,0
2017-09-25,22:00:00,7653.3,7661.77,7652.41,7661.33,155159763,0
2017-09-26,16:00:00,7666.71,7673.98,7666.71,7670.65,39168828,0
2017-09-26,17:00:00,7670.93,7676.65,7668.64,7671.14,48984363,0
2017-09-26,18:00:00,7670.42,7675.62,7667.48,7674.7,44320730,0
2017-09-26,19:00:00,7675.3,7676.98,7667.95,7670.53,31836127,0
2017-09-26,20:00:00,7669.74,7678.43,7669.74,7676.97,33572534,0
2017-09-26,21:00:00,7678.22,7679.92,7674.15,7679.92,35363704,0
2017-09-26,22:00:00,7680.02,7683.56,7671.98,7671.98,138288090,0
2017-09-27,16:00:00,7688.54,7692.41,7685.26,7685.55,51988771,0
2017-09-27,17:00:00,7688.7,7688.7,7657.2,7660.49,60791930,0
2017-09-27,18:00:00,7661.54,7672.22,7661.54,7670.61,49432454,0
2017-09-27,19:00:00,7667.85,7670.88,7664.39,7670.04,35656747,0
2017-09-27,20:00:00,7672.25,7672.25,7665.58,7667.17,35886585,0
2017-09-27,21:00:00,7667.1,7686.68,7667.1,7686.68,54014629,0
2017-09-27,22:00:00,7687.69,7691.55,7679.3,7680.56,149708823,0
2017-09-28,16:00:00,7669.43,7677.58,7665.15,7670.02,41126385,0
2017-09-28,17:00:00,7670.61,7694.12,7668.87,7689.37,55086142,0
2017-09-28,18:00:00,7690.17,7699.58,7689.04,7698.69,39616635,0
2017-09-28,19:00:00,7698.74,7705.64,7696.83,7701.5,27427547,0
2017-09-28,20:00:00,7701.49,7703.14,7699.32,7702.34,25076982,0
2017-09-28,21:00:00,7701.83,7704.25,7696.87,7699.18,33040892,0
2017-09-28,22:00:00,7699.05,7702.1,7694.37,7700.81,129047226,0
2017-09-29,16:00:00,7693.88,7699.59,7693.88,7695.71,36396203,0
2017-09-29,17:00:00,7695.45,7708.42,7695.45,7706.65,46385162,0
2017-09-29,18:00:00,7705.77,7708.37,7699.31,7707.85,38395030,0
2017-09-29,19:00:00,7708.01,7709.09,7701.71,7702.8,30336869,0
2017-09-29,20:00:00,7703.28,7706.12,7701.98,7705.04,27738139,0
2017-09-29,21:00:00,7706.43,7707.5,7702.19,7704.75,32591037,0
2017-09-29,22:00:00,7704.73,7711.12,7704.73,7711.12,152419375,0
2017-10-02,16:00:00,7723.32,7723.32,7712.56,7719.12,36922534,0
2017-10-02,17:00:00,7718.67,7724.4,7713.78,7714.77,53048543,0
2017-10-02,18:00:00,7716.67,7722.73,7713.1,7720.7,41854187,0
2017-10-02,19:00:00,7721.35,7730.57,7720.12,7730.57,34151482,0
2017-10-02,20:00:00,7730.18,7736.03,7729.26,7736.03,30203284,0
2017-10-02,21:00:00,7734.22,7738.75,7734.18,7738.75,35237990,0
2017-10-02,22:00:00,7738.13,7742.32,7735.24,7742.32,130170014,0
2017-10-03,16:00:00,7745.7,7749.84,7740.82,7749.37,36696361,0
2017-10-03,17:00:00,7750.42,7760.29,7749.22,7759.79,53293182,0
2017-10-03,18:00:00,7759.58,7761.71,7758.47,7759.92,36708133,0
2017-10-03,19:00:00,7760.16,7761.46,7757,7761.46,36876537,0
2017-10-03,20:00:00,7761.91,7762.19,7758.9,7761.06,31609968,0
2017-10-03,21:00:00,7761.13,7769.84,7760.95,7767.42,36937394,0
2017-10-03,22:00:00,7767.19,7770.04,7762.54,7769.81,118793200,0
2017-10-04,16:00:00,7773.78,7779.13,7769.48,7772.42,39970879,0
2017-10-04,17:00:00,7773.2,7779.12,7770.38,7776.83,50666339,0
2017-10-04,18:00:00,7776.55,7784.54,7775.81,7783.61,40761717,0
2017-10-04,19:00:00,7786.42,7786.42,7780.39,7780.44,30030579,0
2017-10-04,20:00:00,7780.32,7780.62,7774.36,7778.13,30880530,0
2017-10-04,21:00:00,7778.26,7778.77,7774.19,7775.71,32061758,0
2017-10-04,22:00:00,7776.34,7778.37,7771.5,7775.87,108253492,0
2017-10-05,16:00:00,7764.51,7768.98,7763.1,7766.45,40078851,0
2017-10-05,17:00:00,7768.44,7776.7,7766.46,7771.13,38891225,0
2017-10-05,18:00:00,7772.68,7783.46,7771.53,7783.46,34502883,0
2017-10-05,19:00:00,7783.31,7789.85,7783.31,7784.64,33108723,0
2017-10-05,20:00:00,7785.61,7788.86,7784.15,7788.52,26065819,0
2017-10-05,21:00:00,7788.26,7789.03,7784.83,7787.11,32630776,0
2017-10-05,22:00:00,7786.88,7795.22,7786.88,7795.08,116298148,0
2017-10-06,16:00:00,7787.42,7791.01,7783.47,7790.7,32678412,0
2017-10-06,17:00:00,7792.16,7794.54,7777.36,7777.65,39223811,0
2017-10-06,18:00:00,7778.06,7784.71,7777.36,7778.97,30647825,0
2017-10-06,19:00:00,7776.88,7780.3,7775.14,7778.43,22895498,0
2017-10-06,20:00:00,7777.43,7781.79,7772.88,7780.03,24070327,0
2017-10-06,21:00:00,7779.34,7785,7778.82,7785,24801557,0
2017-10-06,22:00:00,7784.79,7789.04,7782.2,7789.04,119716330,0
2017-10-09,16:00:00,7796.39,7802.97,7784.41,7784.41,42396836,0
2017-10-09,17:00:00,7785.85,7790.85,7783.08,7790.42,59565562,0
2017-10-09,18:00:00,7789.88,7791.4,7787.1,7788.94,41215747,0
2017-10-09,19:00:00,7789.35,7789.35,7782.29,7784.38,37002110,0
2017-10-09,20:00:00,7784.65,7788,7784.11,7787.12,29180559,0
2017-10-09,21:00:00,7787.51,7787.51,7778.83,7779.28,34328665,0
2017-10-09,22:00:00,7778.73,7782.87,7772.6,7782.87,126329242,0
2017-10-10,16:00:00,7817.6,7827.58,7814.81,7825.18,61655152,0
2017-10-10,17:00:00,7824.23,7824.23,7806.05,7814.64,70314999,0
2017-10-10,18:00:00,7817.72,7822.49,7816.24,7817.8,46012940,0
2017-10-10,19:00:00,7818.5,7822.62,7814.09,7822.26,32572039,0
2017-10-10,20:00:00,7821.45,7823.63,7817.11,7819.22,33418887,0
2017-10-10,21:00:00,7819.21,7819.7,7816.06,7817.61,36785677,0
2017-10-10,22:00:00,7817.34,7823.18,7815.65,7823.06,136892236,0
2017-10-11,16:00:00,7824.88,7840.62,7824.88,7835.96,46032792,0
2017-10-11,17:00:00,7834.32,7840.95,7832.49,7838.21,61644275,0
2017-10-11,18:00:00,7837.06,7839.22,7835.9,7837.12,47869462,0
2017-10-11,19:00:00,7838.68,7843.89,7838.68,7839.89,39385089,0
2017-10-11,20:00:00,7839.8,7840.88,7836,7836,36635147,0
2017-10-11,21:00:00,7839.44,7843.52,7836.39,7839.39,39225207,0
2017-10-11,22:00:00,7838.66,7846.84,7837.72,7846.84,139344057,0
2017-10-12,16:00:00,7841.89,7844.62,7839.44,7840.14,40522198,0
2017-10-12,17:00:00,7841.44,7858.89,7841.44,7858.64,56566830,0
2017-10-12,18:00:00,7858.96,7863.4,7858.96,7862.38,42536255,0
2017-10-12,19:00:00,7862.72,7863.78,7858.96,7863.78,33797875,0
2017-10-12,20:00:00,7863.22,7866.71,7859.95,7859.98,33084502,0
2017-10-12,21:00:00,7860.38,7863.46,7858.27,7859.44,40246629,0
2017-10-12,22:00:00,7862.11,7863.11,7852.79,7858.16,135032316,0
2017-10-13,16:00:00,7876.39,7876.39,7852.49,7858.45,50695860,0
2017-10-13,17:00:00,7856.53,7867.55,7855.97,7858.73,54724651,0
2017-10-13,18:00:00,7859.17,7860.83,7846.24,7850.03,35528935,0
2017-10-13,19:00:00,7848.59,7848.8,7844.3,7847.14,27975315,0
2017-10-13,20:00:00,7847.4,7847.4,7842.04,7842.04,27056434,0
2017-10-13,21:00:00,7842.46,7842.46,7834.71,7834.71,39359458,0
2017-10-13,22:00:00,7836.09,7838.42,7827.62,7829.01,137716827,0
2017-10-16,16:00:00,7842.31,7842.31,7816.05,7816.05,44564141,0
2017-10-16,17:00:00,7814.3,7815.04,7795.87,7796.24,58087864,0
2017-10-16,18:00:00,7796.44,7810.17,7796.44,7809.21,40891040,0
2017-10-16,19:00:00,7810.44,7814.29,7807.39,7814.04,34492474,0
2017-10-16,20:00:00,7813.53,7821.21,7813.5,7816.96,29333303,0
2017-10-16,21:00:00,7816.89,7821.87,7816.4,7820.78,36176405,0
2017-10-16,22:00:00,7821.98,7824.94,7818.29,7824.29,132724480,0
2017-10-17,16:00:00,7827.87,7831.98,7819.92,7819.92,44765445,0
2017-10-17,17:00:00,7818.8,7825.17,7817.56,7818.4,51331926,0
2017-10-17,18:00:00,7818.03,7825.43,7818,7821.77,42085907,0
2017-10-17,19:00:00,7821.31,7824.09,7819.75,7819.75,33622858,0
2017-10-17,20:00:00,7819.44,7821.07,7816.58,7818.84,32548995,0
2017-10-17,21:00:00,7819.77,7829.36,7819.77,7824.72,46984961,0
2017-10-17,22:00:00,7824.61,7834.89,7824.61,7834.41,126916195,0
2017-10-18,16:00:00,7859.62,7868.16,7859.62,7868.16,48002544,0
2017-10-18,17:00:00,7865.68,7871.93,7860.23,7871.93,51529442,0
2017-10-18,18:00:00,7870.14,7871.63,7865.06,7869.4,38537535,0
2017-10-18,19:00:00,7868.95,7874.35,7868.95,7872.98,31519988,0
2017-10-18,20:00:00,7873.96,7881.81,7873.96,7881.36,29658283,0
2017-10-18,21:00:00,7883,7888.16,7881.63,7882.12,35361519,0
2017-10-18,22:00:00,7883,7888.69,7877.26,7880.25,115589812,0
2017-10-19,16:00:00,7864.46,7864.46,7843.22,7844.06,59623936,0
2017-10-19,17:00:00,7846.45,7868.14,7840.96,7865.91,66809980,0
2017-10-19,18:00:00,7868.91,7871.71,7859.06,7859.06,55367094,0
2017-10-19,19:00:00,7858.67,7866.39,7856.62,7864.9,47706347,0
2017-10-19,20:00:00,7865.75,7878.54,7865.75,7875.03,41466168,0
2017-10-19,21:00:00,7875.6,7884.16,7875.53,7882.53,48885851,0
2017-10-19,22:00:00,7883.03,7892.91,7883.03,7892.29,149791492,0
2017-10-20,16:00:00,7918.08,7924.84,7916.33,7921.97,117962195,0
2017-10-20,17:00:00,7921.44,7928.67,7919.53,7925.11,75162661,0
2017-10-20,18:00:00,7925.27,7931.3,7924.16,7931.3,56731138,0
2017-10-20,19:00:00,7932,7934.81,7929.2,7932.4,45579869,0
2017-10-20,20:00:00,7932.47,7937.32,7931.68,7933.61,43846503,0
2017-10-20,21:00:00,7933.04,7939.16,7933.04,7934.01,48296183,0
2017-10-20,22:00:00,7934.03,7945.24,7933.67,7945.24,179908838,0
2017-10-23,16:00:00,7949.73,7955.62,7946.92,7953.07,58671592,0
2017-10-23,17:00:00,7951.34,7952.8,7946.06,7946.64,75931407,0
2017-10-23,18:00:00,7946.98,7951.48,7942.28,7946.77,60598840,0
2017-10-23,19:00:00,7946.86,7946.86,7940.5,7944.06,52227413,0
2017-10-23,20:00:00,7943.1,7943.1,7935.63,7940.81,45785001,0
2017-10-23,21:00:00,7941.31,7942.92,7938.79,7942,54257208,0
2017-10-23,22:00:00,7942.33,7942.33,7928.1,7928.1,184137990,0
2017-10-24,16:00:00,7957.21,7969.86,7957.21,7963.45,66843190,0
2017-10-24,17:00:00,7962.82,7967.92,7961.52,7965,71719783,0
2017-10-24,18:00:00,7964.27,7966.29,7961.05,7966.29,61397963,0
2017-10-24,19:00:00,7964.34,7970.6,7962.37,7968.8,48434043,0
2017-10-24,20:00:00,7970.37,7970.37,7960.89,7962.33,40438396,0
2017-10-24,21:00:00,7962.6,7970.69,7960.87,7963.92,54659896,0
2017-10-24,22:00:00,7965.46,7967.24,7958.49,7962.87,141024474,0
2017-10-25,16:00:00,7955.31,7955.51,7927.39,7927.39,55054943,0
2017-10-25,17:00:00,7924.99,7929.51,7902.19,7902.19,80194730,0
2017-10-25,18:00:00,7898.51,7911.06,7896.72,7901.36,69063804,0
2017-10-25,19:00:00,7895.77,7896.78,7876.48,7882.94,54748011,0
2017-10-25,20:00:00,7883.33,7901.98,7881.54,7901.54,45487556,0
2017-10-25,21:00:00,7901.4,7906.17,7895.12,7897.59,53462486,0
2017-10-25,22:00:00,7897.55,7907.84,7890.72,7900.82,157006145,0
2017-10-26,16:00:00,7937.88,7962.18,7937.88,7962.18,56085041,0
2017-10-26,17:00:00,7962.15,7962.15,7951.06,7954.81,78109263,0
2017-10-26,18:00:00,7961.35,7961.35,7939.17,7944,57930659,0
2017-10-26,19:00:00,7945.69,7956.14,7942.46,7942.46,44972446,0
2017-10-26,20:00:00,7939.8,7949.18,7938.82,7940.97,47319385,0
2017-10-26,21:00:00,7942.15,7946.54,7940.48,7941.51,53262295,0
2017-10-26,22:00:00,7942.9,7945.41,7934.84,7935.04,163972741,0
2017-10-27,16:00:00,7929.55,7942.35,7929.55,7935.87,94787795,0
2017-10-27,17:00:00,7938.21,7952.86,7938.21,7949.96,100407063,0
2017-10-27,18:00:00,7950.59,7960.68,7949.79,7952.42,81644699,0
2017-10-27,19:00:00,7954.23,7958.82,7953.99,7958.17,61380684,0
2017-10-27,20:00:00,7959.9,7959.9,7952.26,7953.14,53247967,0
2017-10-27,21:00:00,7952.88,7959.59,7950.74,7956.26,55196273,0
2017-10-27,22:00:00,7956.15,7960.86,7952.39,7960.86,170576318,0
2017-10-30,15:00:00,7934.39,7940.03,7931.87,7936.41,73645302,0
2017-10-30,16:00:00,7936.01,7947.1,7934.12,7943.14,79399013,0
2017-10-30,17:00:00,7942.48,7948.01,7923.77,7923.96,64702985,0
2017-10-30,18:00:00,7925.24,7925.24,7917.14,7920.64,50193412,0
2017-10-30,19:00:00,7922.2,7925.78,7918.67,7918.67,54637681,0
2017-10-30,20:00:00,7918.71,7925.94,7918.68,7922.09,49343758,0
2017-10-30,21:00:00,7920.47,7923.53,7913.96,7917.57,153873045,0
2017-10-31,15:00:00,7919.29,7921.52,7908.02,7908.02,55077541,0
2017-10-31,16:00:00,7908.55,7915.99,7903.95,7913.92,66085649,0
2017-10-31,17:00:00,7914.05,7921.5,7914.05,7921.07,56435862,0
2017-10-31,18:00:00,7921.66,7923.41,7917.59,7920.02,46005014,0
2017-10-31,19:00:00,7920.67,7921.66,7917.64,7921,37018324,0
2017-10-31,20:00:00,7919.61,7921.67,7916.33,7921.47,52646067,0
2017-10-31,21:00:00,7924.36,7928,7912.02,7914.68,165473982,0
2017-11-01,15:00:00,7948.79,7953.48,7941.45,7953.48,67112001,0
2017-11-01,16:00:00,7951.75,7951.75,7933.15,7937.63,66339399,0
2017-11-01,17:00:00,7937.31,7937.31,7916.73,7920.32,53505375,0
2017-11-01,18:00:00,7921.01,7925.4,7918.77,7923.13,41946318,0
2017-11-01,19:00:00,7922.6,7925.34,7915.42,7925.34,41758231,0
2017-11-01,20:00:00,7926.47,7932.15,7922.81,7929.47,52414610,0
2017-11-01,21:00:00,7928.57,7930.06,7921.88,7924.23,130065801,0
2017-11-02,15:00:00,7929.13,7934.64,7925.66,7931.85,43685357,0
2017-11-02,16:00:00,7930.22,7930.22,7902.14,7913.62,74032134,0
2017-11-02,17:00:00,7914.31,7919.92,7906.91,7917.51,53462715,0
2017-11-02,18:00:00,7918.67,7932.11,7918.48,7923.29,47500074,0
2017-11-02,19:00:00,7925.82,7928.06,7922.38,7923.88,39201638,0
2017-11-02,20:00:00,7922.16,7927.96,7920.09,7923.68,43436033,0
2017-11-02,21:00:00,7922.84,7943.78,7921.56,7942.13,136783999,0
2017-11-03,15:00:00,7944.6,7947.53,7934.09,7936.66,56001251,0
2017-11-03,16:00:00,7933.19,7949.19,7933.19,7946.11,57552128,0
2017-11-03,17:00:00,7946.4,7950.5,7945.91,7949.94,38365369,0
2017-11-03,18:00:00,7949.99,7954.16,7949.9,7949.9,38465397,0
2017-11-03,19:00:00,7949.46,7954.67,7949.46,7952.29,39478786,0
2017-11-03,20:00:00,7952.17,7952.17,7940.62,7941.21,50976028,0
2017-11-03,21:00:00,7940.11,7945.67,7939.07,7945.6,117910062,0
2017-11-06,16:00:00,7938.83,7942.93,7931.86,7940.21,54265120,0
2017-11-06,17:00:00,7941.13,7947.04,7940.58,7940.58,62036242,0
2017-11-06,18:00:00,7939.45,7947.79,7939.45,7943.49,47985498,0
2017-11-06,19:00:00,7943.02,7946.76,7939.14,7946.76,30906634,0
2017-11-06,20:00:00,7947.6,7950.49,7943.27,7945.15,38074555,0
2017-11-06,21:00:00,7943.93,7944.99,7939.53,7944.57,36837682,0
2017-11-06,22:00:00,7945.16,7946.03,7935.24,7935.29,134879153,0
2017-11-07,16:00:00,7939.09,7954.32,7936.37,7954.32,45567871,0
2017-11-07,17:00:00,7955.28,7956.5,7932.58,7936.13,58678746,0
2017-11-07,18:00:00,7936.08,7942.61,7924.42,7924.42,45042850,0
2017-11-07,19:00:00,7923.9,7936.34,7923.9,7934.51,37312747,0
2017-11-07,20:00:00,7935.51,7944.01,7935.51,7941.77,28388000,0
2017-11-07,21:00:00,7942.06,7942.57,7934.6,7935.33,34368152,0
2017-11-07,22:00:00,7934.42,7940.15,7929.18,7940.15,122638725,0
2017-11-08,16:00:00,7928.55,7930.62,7919.86,7920.01,41162127,0
2017-11-08,17:00:00,7923.24,7924.61,7914.52,7923.61,44476851,0
2017-11-08,18:00:00,7925.67,7927.12,7915.9,7919.09,37355116,0
2017-11-08,19:00:00,7917.25,7926.14,7915.37,7926.14,31718515,0
2017-11-08,20:00:00,7926.7,7931.84,7926.7,7930.07,29162569,0
2017-11-08,21:00:00,7931.06,7935.72,7930.12,7930.5,37091499,0
2017-11-08,22:00:00,7930.93,7938.7,7928.66,7933.5,121921590,0
2017-11-09,16:00:00,7897.53,7900.8,7891.21,7895.24,42117896,0
2017-11-09,17:00:00,7902.49,7914.3,7898.69,7905.15,55644599,0
2017-11-09,18:00:00,7906.91,7908.25,7875.6,7878.48,46913037,0
2017-11-09,19:00:00,7883.12,7883.12,7856.44,7866.73,48962016,0
2017-11-09,20:00:00,7864.43,7883.3,7864.13,7876.99,35427354,0
2017-11-09,21:00:00,7880.39,7885.2,7876.34,7879.43,40937514,0
2017-11-09,22:00:00,7881.91,7894.44,7879.02,7888.95,116392366,0
2017-11-10,16:00:00,7875.34,7875.34,7868.01,7868.76,45492927,0
2017-11-10,17:00:00,7870.85,7875.57,7863.48,7869.21,59368390,0
2017-11-10,18:00:00,7871.32,7873.64,7862.9,7869.43,45579414,0
2017-11-10,19:00:00,7869.89,7869.89,7867.36,7868.13,54091874,0
2017-11-10,20:00:00,7865.62,7873.4,7864.67,7869.97,39007000,0
2017-11-10,21:00:00,7873.07,7878.24,7873.07,7877.64,48206500,0
2017-11-10,22:00:00,7877.8,7881.33,7873.52,7873.52,154724396,0
2017-11-13,16:00:00,7862.73,7871.81,7857.66,7871.81,68095532,0
2017-11-13,17:00:00,7872.78,7882.77,7871.07,7879.07,79166245,0
2017-11-13,18:00:00,7878.38,7888.44,7878.38,7887.66,65953871,0
2017-11-13,19:00:00,7890.24,7896.03,7889.94,7896.03,59920804,0
2017-11-13,20:00:00,7895.77,7896.63,7889.67,7896.63,60200789,0
2017-11-13,21:00:00,7896.51,7898.52,7892.42,7893.64,52613679,0
2017-11-13,22:00:00,7893.53,7898.4,7891.65,7894.91,195761987,0
2017-11-14,16:00:00,7870.21,7879.6,7867.67,7867.67,66563543,0
2017-11-14,17:00:00,7863.48,7891.45,7854.07,7889.35,123507100,0
2017-11-14,18:00:00,7888.6,7892.34,7885.65,7891.24,86438977,0
2017-11-14,19:00:00,7891.7,7898.13,7884.64,7885.23,72432152,0
2017-11-14,20:00:00,7885.95,7893.63,7885.95,7891.52,74030468,0
2017-11-14,21:00:00,7892.38,7896.44,7891.02,7895.4,68450903,0
2017-11-14,22:00:00,7896.34,7899.16,7892.04,7897.85,161477146,0
2017-11-15,16:00:00,7870.74,7870.74,7850.59,7853.02,73795462,0
2017-11-15,17:00:00,7853.43,7866.67,7850.68,7863.62,78115557,0
2017-11-15,18:00:00,7865.8,7869.5,7861.73,7868.04,58877066,0
2017-11-15,19:00:00,7865.09,7867.18,7857.97,7866.86,46959511,0
2017-11-15,20:00:00,7865.62,7866.37,7851.24,7851.24,40820835,0
2017-11-15,21:00:00,7851.37,7857.7,7849.58,7856.16,48364496,0
2017-11-15,22:00:00,7857.37,7863.77,7845.91,7848.4,149575868,0
2017-11-16,16:00:00,7879.73,7883.34,7873.61,7874.71,70040990,0
2017-11-16,17:00:00,7875.23,7895.18,7874.71,7894.22,76468751,0
2017-11-16,18:00:00,7894.82,7903.5,7894.04,7903.5,56423541,0
2017-11-16,19:00:00,7905.38,7910.79,7905.2,7907.34,44649244,0
2017-11-16,20:00:00,7907.54,7913.97,7907.54,7913.83,41953139,0
2017-11-16,21:00:00,7913.92,7921.89,7912.28,7912.28,51439947,0
2017-11-16,22:00:00,7911.49,7912.98,7909.52,7912.71,152902673,0
2017-11-17,16:00:00,7893.05,7893.05,7878.12,7882.88,77321490,0
2017-11-17,17:00:00,7879.66,7886.59,7870.05,7875.27,78472179,0
2017-11-17,18:00:00,7874.67,7875.02,7859.19,7860.07,48779802,0
2017-11-17,19:00:00,7861.63,7869.4,7859,7869.4,37856295,0
2017-11-17,20:00:00,7868.9,7869.71,7862.98,7865.29,33684979,0
2017-11-17,21:00:00,7864.36,7867.78,7863.62,7866.38,37906773,0
2017-11-17,22:00:00,7867.12,7867.35,7858.55,7859.07,167773601,0
2017-11-20,16:00:00,7863,7865.75,7859.84,7860.27,49631132,0
2017-11-20,17:00:00,7863.89,7874.81,7862.03,7874.81,58470686,0
2017-11-20,18:00:00,7874.96,7880.06,7874.31,7876.57,46272426,0
2017-11-20,19:00:00,7877.15,7880.24,7872.74,7878.75,36703543,0
2017-11-20,20:00:00,7878.6,7880.62,7876.86,7879.02,31562373,0
2017-11-20,21:00:00,7877.56,7881.42,7876.94,7881.42,35127060,0
2017-11-20,22:00:00,7880.5,7882.83,7874.15,7877.92,134518821,0
2017-11-21,16:00:00,7908.91,7914.82,7903.8,7910.64,50977395,0
2017-11-21,17:00:00,7911.69,7923.29,7910.96,7922.84,54420679,0
2017-11-21,18:00:00,7923.25,7929.63,7923.25,7928.09,44330918,0
2017-11-21,19:00:00,7929.1,7931.62,7927.92,7931.62,31753229,0
2017-11-21,20:00:00,7932.58,7938.52,7932.13,7936.94,29868508,0
2017-11-21,21:00:00,7934.43,7935.12,7931.91,7933.56,38983246,0
2017-11-21,22:00:00,7935.13,7935.13,7927.98,7932.57,148343209,0
2017-11-22,16:00:00,7933.36,7938.12,7933.25,7934.35,43594023,0
2017-11-22,17:00:00,7930.78,7933.29,7926.9,7928.04,52301746,0
2017-11-22,18:00:00,7929.8,7930.1,7920.54,7921.94,38685588,0
2017-11-22,19:00:00,7921.89,7922.14,7916.34,7920.04,25917688,0
2017-11-22,20:00:00,7920.02,7920.54,7914.86,7920.54,25083562,0
2017-11-22,21:00:00,7919.72,7927.26,7919.72,7925.14,28987806,0
2017-11-22,22:00:00,7924.92,7927.04,7922.06,7922.28,112209680,0
2017-11-24,16:00:00,7936.41,7940.26,7932.54,7937.43,30331915,0
2017-11-24,17:00:00,7937.59,7942.32,7936.45,7936.45,30792292,0
2017-11-24,18:00:00,7935.37,7937.59,7931.24,7931.53,24771209,0
2017-11-24,19:00:00,7931.43,7934.23,7927.85,7927.85,40462361,0
2017-11-24,20:00:00,7929.49,7929.49,7929.28,7929.28,19462468,0
2017-11-27,16:00:00,7926.71,7940,7926.71,7940,40722765,0
2017-11-27,17:00:00,7936.76,7941.15,7935.02,7938.86,49146922,0
2017-11-27,18:00:00,7938.54,7938.73,7924.05,7930.43,43954867,0
2017-11-27,19:00:00,7929.25,7935.5,7929.17,7935.5,31826432,0
2017-11-27,20:00:00,7935.87,7937.1,7933.69,7936.4,30615479,0
2017-11-27,21:00:00,7936.15,7936.42,7932.67,7934.81,30012992,0
2017-11-27,22:00:00,7935.92,7939.49,7933.81,7934.05,217111508,0
2017-11-28,16:00:00,7955.45,7957.61,7949.13,7955.05,41685401,0
2017-11-28,17:00:00,7954.42,7967.39,7954.42,7967.39,53335626,0
2017-11-28,18:00:00,7968.2,7980.96,7966.44,7980.73,46664557,0
2017-11-28,19:00:00,7980.74,7990.86,7980.74,7990.86,35768719,0
2017-11-28,20:00:00,7993.19,7995.76,7972.15,7972.15,38472626,0
2017-11-28,21:00:00,7968.9,7997.27,7963.57,7997.27,41294308,0
2017-11-28,22:00:00,7998.05,8024.48,7998.05,8024.11,148540982,0
2017-11-29,16:00:00,8040.42,8081.3,8040.42,8081.24,58333977,0
2017-11-29,17:00:00,8080.05,8083.81,8068.19,8076.54,90155194,0
2017-11-29,18:00:00,8078.72,8087.49,8076.15,8086.2,80693155,0
2017-11-29,19:00:00,8086.32,8103.96,8086.32,8103.46,62694905,0
2017-11-29,20:00:00,8100.32,8103.04,8098.53,8102.77,40871450,0
2017-11-29,21:00:00,8103.27,8108.02,8099.84,8099.84,46965051,0
2017-11-29,22:00:00,8100.51,8117.55,8099.77,8117.11,147476435,0
2017-11-30,16:00:00,8145.34,8165.74,8145.34,8165.74,54867494,0
2017-11-30,17:00:00,8166.78,8176.04,8154.77,8165.71,72504015,0
2017-11-30,18:00:00,8167.25,8203.73,8167.25,8200.51,54131209,0
2017-11-30,19:00:00,8200.41,8251.92,8199.44,8233.94,60252728,0
2017-11-30,20:00:00,8236.85,8244.68,8217.39,8220.66,50310867,0
2017-11-30,21:00:00,8224.92,8230,8219.1,8219.1,49400041,0
2017-11-30,22:00:00,8217.85,8235.62,8209.73,8229.31,275662294,0
2017-12-01,16:00:00,8234.9,8234.9,8217.13,8218.19,51714517,0
2017-12-01,17:00:00,8216.25,8229.1,8204.29,8225.64,67608220,0
2017-12-01,18:00:00,8221.94,8221.94,8103.22,8158.21,110906749,0
2017-12-01,19:00:00,8164.65,8178.59,8161.17,8175.56,56775748,0
2017-12-01,20:00:00,8174.46,8190.25,8170.88,8186.1,34991166,0
2017-12-01,21:00:00,8181.71,8187.63,8176.64,8178.33,40367840,0
2017-12-01,22:00:00,8179.4,8201.64,8179.4,8196.75,166045850,0
2017-12-04,16:00:00,8280.79,8297.07,8279.89,8297.07,62806138,0
2017-12-04,17:00:00,8297.76,8320.94,8297.76,8308.24,93843413,0
2017-12-04,18:00:00,8307.43,8307.43,8297.15,8298.57,62654601,0
2017-12-04,19:00:00,8298.69,8299.37,8275.67,8282.64,50316026,0
2017-12-04,20:00:00,8282.99,8291.96,8281.82,8284.54,43290124,0
2017-12-04,21:00:00,8283.05,8283.86,8264.97,8272.47,53903865,0
2017-12-04,22:00:00,8270.86,8270.86,8239.97,8240.32,184710141,0
2017-12-05,16:00:00,8248.19,8248.19,8193.59,8193.59,61249492,0
2017-12-05,17:00:00,8198.61,8218.39,8198.23,8218.39,75019521,0
2017-12-05,18:00:00,8219.71,8219.71,8205.35,8205.35,56184331,0
2017-12-05,19:00:00,8205.44,8205.44,8193.79,8196.43,37409455,0
2017-12-05,20:00:00,8197.32,8204.6,8197.32,8200.07,34994238,0
2017-12-05,21:00:00,8199.46,8199.46,8178.17,8178.17,45767722,0
2017-12-05,22:00:00,8177.33,8179.5,8164.38,8168.36,171249530,0
2017-12-06,16:00:00,8168.32,8181.17,8165.3,8171.93,53239323,0
2017-12-06,17:00:00,8172.15,8176.29,8150.47,8176.29,51394186,0
2017-12-06,18:00:00,8177.02,8184.79,8170.13,8170.13,48354627,0
2017-12-06,19:00:00,8167.8,8176.6,8164.34,8173.42,33312808,0
2017-12-06,20:00:00,8174.29,8182.64,8173.77,8178.79,33971153,0
2017-12-06,21:00:00,8179.48,8183.03,8174.48,8179.13,37595885,0
2017-12-06,22:00:00,8177.98,8180.15,8164.65,8164.65,145862669,0
2017-12-07,16:00:00,8153.81,8184.09,8153.64,8184.09,43593538,0
2017-12-07,17:00:00,8182.49,8191.18,8182.49,8185.56,62535905,0
2017-12-07,18:00:00,8189.12,8201.64,8178.18,8201.64,46970846,0
2017-12-07,19:00:00,8199.59,8209.74,8198.61,8207.84,35683149,0
2017-12-07,20:00:00,8209.82,8212.24,8202.27,8208.22,37290031,0
2017-12-07,21:00:00,8208.42,8211.06,8192.75,8203.41,37968754,0
2017-12-07,22:00:00,8204.24,8212.76,8199.78,8210.89,149715711,0
2017-12-08,16:00:00,8235.26,8238.28,8226,8233.3,47168651,0
2017-12-08,17:00:00,8229.1,8233.78,8218.9,8229.32,51736227,0
2017-12-08,18:00:00,8233.48,8239.63,8229.67,8235.36,41950496,0
2017-12-08,19:00:00,8234.71,8246.04,8234.71,8239.8,32658249,0
2017-12-08,20:00:00,8238.98,8245.08,8238.55,8242.82,31454438,0
2017-12-08,21:00:00,8243.06,8244.17,8235.8,8235.8,36070309,0
2017-12-08,22:00:00,8237.72,8246.83,8233.88,8246.83,142907947,0
2017-12-11,16:00:00,8249.41,8250.42,8233.76,8250.42,48671182,0
2017-12-11,17:00:00,8255.66,8256.31,8239.15,8239.15,53841107,0
2017-12-11,18:00:00,8241.04,8248.1,8240.05,8242.95,41551771,0
2017-12-11,19:00:00,8242.56,8246.04,8242.46,8244.43,31678610,0
2017-12-11,20:00:00,8243.54,8250.34,8243.54,8248.43,31353507,0
2017-12-11,21:00:00,8247.91,8247.93,8243.17,8244.58,37745812,0
2017-12-11,22:00:00,8242.76,8259.23,8242.49,8259.15,150889749,0
2017-12-12,16:00:00,8270.43,8278.53,8266.25,8269.13,49140280,0
2017-12-12,17:00:00,8274.61,8274.61,8265.97,8266.46,63830663,0
2017-12-12,18:00:00,8263.43,8271.06,8259.54,8265.69,54040418,0
2017-12-12,19:00:00,8266.55,8271.72,8260.21,8271.11,42820879,0
2017-12-12,20:00:00,8273.69,8276.28,8269.57,8269.57,34930188,0
2017-12-12,21:00:00,8270.39,8276.08,8269.85,8273.58,37894030,0
2017-12-12,22:00:00,8275.07,8275.07,8255.65,8257.46,158525670,0
2017-12-13,16:00:00,8267.46,8279.48,8267.46,8279.48,45006175,0
2017-12-13,17:00:00,8281.72,8294.95,8277.87,8294.65,58451893,0
2017-12-13,18:00:00,8292.71,8312.46,8292.71,8311.1,45260384,0
2017-12-13,19:00:00,8308.47,8308.47,8296.84,8298.18,36536932,0
2017-12-13,20:00:00,8299.82,8300.42,8289.43,8291.88,33586285,0
2017-12-13,21:00:00,8299.74,8307.61,8297.19,8305.86,48358284,0
2017-12-13,22:00:00,8304.34,8304.34,8283.46,8283.5,160274849,0
2017-12-14,16:00:00,8304.41,8304.41,8288.59,8297.69,46123506,0
2017-12-14,17:00:00,8302.75,8302.75,8295.86,8300.33,59419073,0
2017-12-14,18:00:00,8296.39,8297.05,8286.31,8296.59,50877407,0
2017-12-14,19:00:00,8295.22,8295.22,8278.72,8278.72,32849963,0
2017-12-14,20:00:00,8278.39,8280.41,8260.59,8260.59,39021518,0
2017-12-14,21:00:00,8259,8264.59,8252.59,8260.93,47640717,0
2017-12-14,22:00:00,8262.72,8273.76,8253.27,8253.27,149910771,0
2017-12-15,16:00:00,8283.22,8296.99,8281.88,8284.91,198181191,0
2017-12-15,17:00:00,8289.95,8306.45,8286.27,8287.81,64845345,0
2017-12-15,18:00:00,8288.56,8312.88,8288.56,8303,50332416,0
2017-12-15,19:00:00,8304.49,8310.3,8301.61,8308.03,47567387,0
2017-12-15,20:00:00,8308.26,8308.26,8301.41,8307.99,36561122,0
2017-12-15,21:00:00,8307.92,8314.97,8306.36,8311.45,45727050,0
2017-12-15,22:00:00,8313.57,8318.73,8293.54,8299.85,360937131,0
2017-12-18,16:00:00,8344.54,8368.2,8344.54,8353.99,64645678,0
2017-12-18,17:00:00,8356.35,8356.35,8346.58,8350.97,66536892,0
2017-12-18,18:00:00,8351.3,8354.66,8345.32,8352.89,51153011,0
2017-12-18,19:00:00,8353.26,8353.4,8344.24,8344.24,40840733,0
2017-12-18,20:00:00,8344.26,8346.21,8336.6,8337.62,41192902,0
2017-12-18,21:00:00,8341.54,8346.31,8339.56,8346.31,43826969,0
2017-12-18,22:00:00,8346.88,8348.47,8341.62,8342.54,173650929,0
2017-12-19,16:00:00,8356.29,8356.29,8322.74,8326.12,53559577,0
2017-12-19,17:00:00,8328.91,8330.92,8318.16,8321.26,58659786,0
2017-12-19,18:00:00,8323.89,8330.23,8320.89,8320.89,45434737,0
2017-12-19,19:00:00,8321.32,8326.22,8317.55,8326.22,45175304,0
2017-12-19,20:00:00,8328.52,8333.99,8328.52,8331.3,33558441,0
2017-12-19,21:00:00,8329.55,8336.37,8325.43,8326.35,40891056,0
2017-12-19,22:00:00,8324.59,8328.04,8317.94,8318.12,158578433,0
2017-12-20,16:00:00,8358.16,8358.16,8334.23,8340.5,53866213,0
2017-12-20,17:00:00,8350.37,8350.37,8325.93,8332.01,65401789,0
2017-12-20,18:00:00,8332.48,8343.62,8332.48,8337.43,57382953,0
2017-12-20,19:00:00,8338.13,8341.88,8333.47,8336.37,38572154,0
2017-12-20,20:00:00,8340.11,8346.87,8339.37,8339.37,36222204,0
2017-12-20,21:00:00,8338.39,8339.47,8327.53,8329.93,42776534,0
2017-12-20,22:00:00,8331.22,8332.97,8323.66,8324.8,162885188,0
2017-12-21,16:00:00,8333.46,8333.46,8314.24,8314.38,61494642,0
2017-12-21,17:00:00,8315.13,8330.32,8315.13,8324.77,68146610,0
2017-12-21,18:00:00,8325.89,8331.41,8322.62,8325.95,54865890,0
2017-12-21,19:00:00,8323.16,8331.25,8320.75,8331.25,45065753,0
2017-12-21,20:00:00,8331.63,8339.49,8331.63,8334.63,44305318,0
2017-12-21,21:00:00,8334.58,8334.62,8328.45,8330.98,48911674,0
2017-12-21,22:00:00,8331.07,8332.86,8315.9,8319.37,175607743,0
2017-12-22,16:00:00,8321.03,8321.54,8311.86,8317.87,42731307,0
2017-12-22,17:00:00,8320.22,8323.08,8312.99,8320.36,46079257,0
2017-12-22,18:00:00,8317.96,8318.65,8311.97,8313.35,37830985,0
2017-12-22,19:00:00,8312.78,8317.24,8311.31,8312.76,27834230,0
2017-12-22,20:00:00,8312.49,8323.06,8312.49,8320.3,26641572,0
2017-12-22,21:00:00,8320.86,8328.01,8319.84,8326.24,32938224,0
2017-12-22,22:00:00,8326.98,8328.21,8323.37,8326.86,119517332,0
2017-12-26,16:00:00,8324.62,8343.88,8324.62,8342.69,39973442,0
2017-12-26,17:00:00,8342.5,8342.51,8332.36,8332.36,37714005,0
2017-12-26,18:00:00,8331.14,8333.55,8327.97,8330.03,26741554,0
2017-12-26,19:00:00,8330.29,8330.29,8320.14,8320.88,24189984,0
2017-12-26,20:00:00,8321.46,8321.46,8316.74,8317.82,23081723,0
2017-12-26,21:00:00,8316.65,8320.86,8314.32,8319.71,25511657,0
2017-12-26,22:00:00,8321.24,8321.85,8313.19,8318.08,89249061,0
2017-12-27,16:00:00,8325.73,8325.73,8318.86,8319.72,35488516,0
2017-12-27,17:00:00,8321.81,8334.83,8321.81,8334.83,38854967,0
2017-12-27,18:00:00,8336.64,8336.64,8330.3,8332.76,34939184,0
2017-12-27,19:00:00,8331.59,8332.83,8326.52,8331.1,25164310,0
2017-12-27,20:00:00,8328.8,8332.87,8326.6,8332.71,23816015,0
2017-12-27,21:00:00,8332.38,8332.38,8326,8328.24,31927407,0
2017-12-27,22:00:00,8328.98,8334.56,8325.26,8334.56,99821750,0
2017-12-28,16:00:00,8340.83,8340.83,8322.71,8326.51,35577685,0
2017-12-28,17:00:00,8329.08,8329.08,8320.8,8328.25,37744610,0
2017-12-28,18:00:00,8329.2,8329.2,8325.26,8326.8,29277707,0
2017-12-28,19:00:00,8325.69,8327.45,8324.62,8325.95,21039434,0
2017-12-28,20:00:00,8325.86,8329.46,8325.86,8329.22,22782962,0
2017-12-28,21:00:00,8329.71,8335.18,8328.81,8334.42,23348634,0
2017-12-28,22:00:00,8334.77,8344.51,8333.66,8344.51,92607606,0
2017-12-29,16:00:00,8362.23,8362.23,8346.75,8346.75,35043631,0
2017-12-29,17:00:00,8348.7,8349.76,8340.64,8342.9,39246896,0
2017-12-29,18:00:00,8343.39,8348.87,8341,8345.91,29688884,0
2017-12-29,19:00:00,8346.42,8346.42,8338.11,8340.25,25173562,0
2017-12-29,20:00:00,8339.76,8341.7,8334.48,8335.03,23410397,0
2017-12-29,21:00:00,8335.61,8339.23,8334.39,8335.49,24134916,0
2017-12-29,22:00:00,8334.54,8342.56,8310.35,8310.35,157875270,0
2018-01-02,16:00:00,8345.9,8353.67,8330.63,8336.41,51721048,0
2018-01-02,17:00:00,8342.76,8357.51,8333.17,8334.9,65246009,0
2018-01-02,18:00:00,8335.04,8335.46,8323.84,8332.33,47353224,0
2018-01-02,19:00:00,8334.57,8337.53,8331.02,8332.77,38912395,0
2018-01-02,20:00:00,8333.23,8341.99,8333.23,8340.5,35905865,0
2018-01-02,21:00:00,8341.73,8342.81,8338.96,8340.9,43558756,0
2018-01-02,22:00:00,8342.28,8361,8341.42,8360.91,152088012,0
2018-01-03,16:00:00,8354.76,8365.89,8354.76,8356.36,79157122,0
2018-01-03,17:00:00,8360.01,8367.93,8357.17,8357.77,75186353,0
2018-01-03,18:00:00,8357.07,8359.58,8353.63,8355.55,63188149,0
2018-01-03,19:00:00,8354.82,8359.91,8352.5,8358.23,53192951,0
2018-01-03,20:00:00,8358.85,8360.47,8350,8353.7,63772047,0
2018-01-03,21:00:00,8355.46,8364.7,8354.39,8362.1,58974512,0
2018-01-03,22:00:00,8363.3,8372.71,8359.46,8366.87,182169787,0
2018-01-04,16:00:00,8382.56,8410.38,8382.56,8410.38,75259169,0
2018-01-04,17:00:00,8407.34,8414.98,8402.71,8403.29,88357368,0
2018-01-04,18:00:00,8407.42,8408.27,8386.94,8389.01,61692163,0
2018-01-04,19:00:00,8389.06,8408.36,8389.06,8407.3,51198973,0
2018-01-04,20:00:00,8407.87,8407.87,8397.99,8398.59,41223577,0
2018-01-04,21:00:00,8402.63,8403.53,8399.12,8401.66,44830910,0
2018-01-04,22:00:00,8402.18,8402.86,8391.65,8393.62,159282133,0
2018-01-05,16:00:00,8430.03,8433.43,8417.36,8422.91,58373601,0
2018-01-05,17:00:00,8420.26,8421.91,8394.61,8403.37,76310324,0
2018-01-05,18:00:00,8402.7,8419.09,8402.7,8412,49378588,0
2018-01-05,19:00:00,8411.2,8415.63,8409.1,8410.51,42137983,0
2018-01-05,20:00:00,8412.38,8417.54,8412.38,8415.32,35257306,0
2018-01-05,21:00:00,8416.18,8429.54,8414.69,8428.26,40615183,0
2018-01-05,22:00:00,8428.72,8449.13,8428.72,8449.13,163317495,0
2018-01-08,16:00:00,8455.55,8463.07,8444.25,8461.14,58466391,0
2018-01-08,17:00:00,8461.69,8461.78,8451.9,8457.22,67887546,0
2018-01-08,18:00:00,8455.76,8462.51,8454.93,8456.73,49483070,0
2018-01-08,19:00:00,8456.95,8464.93,8456.51,8464.27,40119437,0
2018-01-08,20:00:00,8466.25,8475.89,8466.25,8473.99,32793920,0
2018-01-08,21:00:00,8475.48,8477.34,8473.34,8477.34,42868606,0
2018-01-08,22:00:00,8476.9,8477.56,8467.35,8477.39,171049476,0
2018-01-09,16:00:00,8488.4,8495.1,8486.05,8487.18,56543711,0
2018-01-09,17:00:00,8484.21,8494.32,8480.28,8484.2,64933051,0
2018-01-09,18:00:00,8488.41,8500.14,8487.74,8499.16,48598310,0
2018-01-09,19:00:00,8498.8,8500.34,8493.7,8498.35,44800222,0
2018-01-09,20:00:00,8499.21,8509.68,8498.96,8509.68,37270964,0
2018-01-09,21:00:00,8509.44,8509.44,8497.11,8501.77,44916459,0
2018-01-09,22:00:00,8500.7,8506.21,8487.47,8490.23,157023022,0
2018-01-10,16:00:00,8466.34,8469.9,8451.34,8461.89,61179404,0
2018-01-10,17:00:00,8464.19,8491.18,8464.19,8483.22,74659556,0
2018-01-10,18:00:00,8484.22,8488.74,8476.66,8485.19,52486995,0
2018-01-10,19:00:00,8484.59,8493.06,8480.78,8493.06,41292146,0
2018-01-10,20:00:00,8491.91,8496.82,8489.23,8494.34,41883490,0
2018-01-10,21:00:00,8494.91,8494.91,8465.65,8466.45,51321739,0
2018-01-10,22:00:00,8469.49,8476.48,8463.61,8476.36,142564994,0
2018-01-11,16:00:00,8483.33,8520.26,8483.33,8520.26,70195974,0
2018-01-11,17:00:00,8519.24,8524.62,8514.73,8520.69,70822154,0
2018-01-11,18:00:00,8525.86,8539.21,8525.86,8536.51,56443792,0
2018-01-11,19:00:00,8536.01,8547.35,8534.05,8544.49,45184299,0
2018-01-11,20:00:00,8544.41,8547.97,8542.02,8544.32,46036556,0
2018-01-11,21:00:00,8546.08,8553.7,8545.49,8552.72,50718671,0
2018-01-11,22:00:00,8555.16,8567.27,8550.92,8567.27,151011759,0
2018-01-12,16:00:00,8579.16,8605.35,8576.62,8603.84,60880466,0
2018-01-12,17:00:00,8605.76,8614.6,8594.69,8611.01,71415591,0
2018-01-12,18:00:00,8609.13,8618.31,8603.32,8618.04,50231955,0
2018-01-12,19:00:00,8619.48,8619.48,8600.63,8609.56,43805188,0
2018-01-12,20:00:00,8612.5,8616.23,8604.99,8612.08,39285005,0
2018-01-12,21:00:00,8613.72,8619.22,8608.18,8613.4,50751108,0
2018-01-12,22:00:00,8615.41,8622.51,8602.35,8619.67,166396670,0
2018-01-16,16:00:00,8669.85,8675.43,8665.13,8675.39,108120856,0
2018-01-16,17:00:00,8676.62,8680.12,8637.35,8637.35,118347366,0
2018-01-16,18:00:00,8635.59,8646.38,8631.68,8635.99,74846387,0
2018-01-16,19:00:00,8637.41,8643.85,8633.11,8635.74,95046880,0
2018-01-16,20:00:00,8635.21,8637.7,8612.46,8614.29,80309227,0
2018-01-16,21:00:00,8612.38,8612.38,8559.38,8569.92,70391131,0
2018-01-16,22:00:00,8571.65,8598.65,8571.65,8584.58,248783262,0
2018-01-17,16:00:00,8623.01,8623.01,8597.67,8597.67,93169622,0
2018-01-17,17:00:00,8599.91,8621.53,8599.91,8621.53,98584337,0
2018-01-17,18:00:00,8621.49,8633.88,8618.62,8628.53,71875854,0
2018-01-17,19:00:00,8630.47,8644.56,8630.47,8644.02,51901823,0
2018-01-17,20:00:00,8644.83,8650.72,8642.3,8649.33,52248080,0
2018-01-17,21:00:00,8649.79,8660.88,8649.79,8657.37,64716047,0
2018-01-17,22:00:00,8660.34,8667.14,8658.53,8661.3,196173051,0
2018-01-18,16:00:00,8659.47,8674.18,8654.66,8673.75,73369983,0
2018-01-18,17:00:00,8668.47,8670.54,8635.81,8635.81,84410650,0
2018-01-18,18:00:00,8632.48,8644.3,8616.28,8628.89,70018532,0
2018-01-18,19:00:00,8632.31,8637.79,8628.66,8632.18,54847741,0
2018-01-18,20:00:00,8627.83,8646.98,8627.83,8646.98,57633658,0
2018-01-18,21:00:00,8651.73,8660.12,8646.48,8652.12,74590903,0
2018-01-18,22:00:00,8652.52,8655.18,8632.6,8637.01,199728783,0
2018-01-19,16:00:00,8640.39,8644.26,8627.49,8628.56,131009406,0
2018-01-19,17:00:00,8628.63,8643.62,8616.28,8634.85,106045746,0
2018-01-19,18:00:00,8631.79,8637.18,8623.67,8626,73335827,0
2018-01-19,19:00:00,8625.83,8632.67,8624.34,8628.84,56778710,0
2018-01-19,20:00:00,8629.39,8629.39,8623.06,8625.08,54258568,0
2018-01-19,21:00:00,8627.39,8642.1,8627.39,8641.34,62496429,0
2018-01-19,22:00:00,8638.16,8654.82,8637.74,8654.82,225230192,0
2018-01-22,16:00:00,8655.63,8655.63,8636.85,8647.9,75180676,0
2018-01-22,17:00:00,8648.1,8670.56,8645.26,8659.97,87257394,0
2018-01-22,18:00:00,8657.15,8668.33,8656.93,8668.33,62192269,0
2018-01-22,19:00:00,8672.6,8688.98,8672.6,8680.68,52656154,0
2018-01-22,20:00:00,8679.29,8686.05,8679.03,8681.99,41643970,0
2018-01-22,21:00:00,8683.39,8683.63,8673.39,8678.44,51116888,0
2018-01-22,22:00:00,8677.07,8697.44,8677.07,8697.34,199881695,0
2018-01-23,16:00:00,8690.67,8701.94,8682.98,8684.05,76744458,0
2018-01-23,17:00:00,8684.65,8707,8684.65,8707,83462729,0
2018-01-23,18:00:00,8708.61,8708.97,8696.32,8698.53,61803932,0
2018-01-23,19:00:00,8698.73,8700.74,8688.44,8695.4,47545638,0
2018-01-23,20:00:00,8698.64,8708.9,8696,8707.03,46376639,0
2018-01-23,21:00:00,8706.33,8713.7,8698.61,8710.5,67527697,0
2018-01-23,22:00:00,8705.26,8711.26,8702.97,8705.44,175089923,0
2018-01-24,16:00:00,8689.6,8709.94,8689.6,8709.94,115286367,0
2018-01-24,17:00:00,8706.75,8713.78,8698.16,8701.64,107374899,0
2018-01-24,18:00:00,8703.08,8706.54,8666.26,8673.21,99982630,0
2018-01-24,19:00:00,8671.26,8675.75,8648.05,8652.75,60509188,0
2018-01-24,20:00:00,8653.14,8666.4,8625.96,8661.27,64954716,0
2018-01-24,21:00:00,8662.42,8677.62,8662.42,8675.43,64199001,0
2018-01-24,22:00:00,8672.98,8685.75,8670.39,8670.39,194866473,0
2018-01-25,16:00:00,8680.16,8682.7,8641.19,8641.19,79851674,0
2018-01-25,17:00:00,8645.75,8655.99,8632.13,8651.44,90032586,0
2018-01-25,18:00:00,8645.84,8678.43,8645.84,8676.81,76182622,0
2018-01-25,19:00:00,8678.58,8683.16,8673.18,8674.83,54604647,0
2018-01-25,20:00:00,8670.42,8681.02,8666.32,8677.43,53550409,0
2018-01-25,21:00:00,8677.07,8679.23,8649.33,8651.94,71728024,0
2018-01-25,22:00:00,8654.02,8676.23,8648.76,8675,162727081,0
2018-01-26,16:00:00,8700.84,8702.76,8694.6,8698.91,85183060,0
2018-01-26,17:00:00,8699.87,8704.09,8689.55,8692.3,91235042,0
2018-01-26,18:00:00,8690.09,8698.31,8687.45,8690.3,66699301,0
2018-01-26,19:00:00,8691.7,8704.01,8689.45,8703.16,49180705,0
2018-01-26,20:00:00,8705.03,8718,8703.56,8718,46943877,0
2018-01-26,21:00:00,8716.99,8721.99,8711.81,8715.72,58573258,0
2018-01-26,22:00:00,8717.85,8748.39,8717.85,8748.39,210126462,0
2018-01-29,16:00:00,8731.21,8753.13,8726.85,8745.28,71248905,0
2018-01-29,17:00:00,8745.21,8745.21,8716.29,8724.94,83046046,0
2018-01-29,18:00:00,8720.78,8731.12,8713.2,8724.24,62375430,0
2018-01-29,19:00:00,8720.23,8729.83,8715.99,8729.83,48665642,0
2018-01-29,20:00:00,8732.04,8735.13,8727.5,8730.42,44154184,0
2018-01-29,21:00:00,8730.38,8732.95,8719.18,8727.65,52318211,0
2018-01-29,22:00:00,8727.14,8731.34,8697.74,8698.19,203329668,0
2018-01-30,16:00:00,8644.74,8652.82,8624.6,8624.6,83141594,0
2018-01-30,17:00:00,8627.14,8639.61,8605.41,8639.19,92413654,0
2018-01-30,18:00:00,8638.4,8638.4,8614.24,8614.24,64656430,0
2018-01-30,19:00:00,8613.54,8614.48,8599.95,8604.46,55153792,0
2018-01-30,20:00:00,8602.73,8606.75,8587.49,8606.48,53655808,0
2018-01-30,21:00:00,8604.84,8611.25,8595.19,8599.79,56049928,0
2018-01-30,22:00:00,8597.19,8617.91,8596.63,8596.63,171336869,0
2018-01-31,16:00:00,8654.15,8677.47,8649.89,8649.89,67301758,0
2018-01-31,17:00:00,8646.6,8657.81,8635.98,8635.98,73366723,0
2018-01-31,18:00:00,8638.5,8645.47,8633.27,8633.27,58481628,0
2018-01-31,19:00:00,8631.83,8646.71,8631.75,8640.22,45533757,0
2018-01-31,20:00:00,8644.64,8653.44,8642.93,8644.28,46411421,0
2018-01-31,21:00:00,8653.3,8653.3,8590.23,8604.67,79439785,0
2018-01-31,22:00:00,8602.41,8638.38,8592.2,8624.77,274076930,0
2018-02-01,16:00:00,8590.26,8615.52,8584.4,8615.52,76241419,0
2018-02-01,17:00:00,8615.01,8615.56,8581.7,8586.51,75693971,0
2018-02-01,18:00:00,8597.74,8654.79,8593.35,8654.79,65320854,0
2018-02-01,19:00:00,8644.76,8649.46,8638.28,8638.28,50217944,0
2018-02-01,20:00:00,8638.15,8647.12,8608.24,8611.51,45055782,0
2018-02-01,21:00:00,8613.46,8614.21,8587.53,8607.8,58442058,0
2018-02-01,22:00:00,8612.53,8612.53,8579.14,8603.81,179894795,0
2018-02-02,16:00:00,8553.22,8553.22,8530.27,8535.06,87972658,0
2018-02-02,17:00:00,8514.98,8539.28,8514.98,8531.69,91059516,0
2018-02-02,18:00:00,8532.22,8532.22,8505.45,8507.16,62950846,0
2018-02-02,19:00:00,8488.86,8512.65,8488.86,8503.11,62531063,0
2018-02-02,20:00:00,8492.25,8496.85,8470.68,8474.56,60047566,0
2018-02-02,21:00:00,8473.56,8474.11,8439.58,8439.58,73268349,0
2018-02-02,22:00:00,8441.31,8451.59,8412.49,8416.29,215911984,0
2018-02-05,16:00:00,8344.98,8378.07,8344.98,8378.07,86813537,0
2018-02-05,17:00:00,8376.9,8429.6,8376.9,8424.26,92125410,0
2018-02-05,18:00:00,8427.64,8427.64,8387.15,8399.93,66711460,0
2018-02-05,19:00:00,8394.98,8394.98,8357.52,8364.1,60178702,0
2018-02-05,20:00:00,8349.88,8349.88,8302.31,8337.76,82103143,0
2018-02-05,21:00:00,8336.17,8336.17,8223.36,8223.36,99506446,0
2018-02-05,22:00:00,8214.39,8238.25,8054.45,8096.16,388151270,0
2018-02-06,16:00:00,7971.29,8189.17,7917.69,8129.35,0,0
2018-02-06,17:00:00,8137.22,8181.22,8022.76,8075.49,0,0
2018-02-06,18:00:00,8073.44,8092.09,8012.05,8065.67,0,0
2018-02-06,19:00:00,8064.75,8149.21,8064.75,8111.46,43205951,0
2018-02-06,20:00:00,8100.72,8103.64,8051,8051,87556315,0
2018-02-06,21:00:00,8050.66,8151.46,8029.38,8151.46,101510356,0
2018-02-06,22:00:00,8190.06,8245.72,8177.01,8226.93,279715103,0
2018-02-07,16:00:00,8191.28,8279.77,8191.28,8260.45,73657101,0
2018-02-07,17:00:00,8257.55,8299.98,8254.62,8297.74,100198660,0
2018-02-07,18:00:00,8297.96,8332.16,8289.85,8312.57,75757685,0
2018-02-07,19:00:00,8313.49,8324.14,8290.57,8297.39,57554223,0
2018-02-07,20:00:00,8302.34,8302.34,8239.46,8271.76,72215418,0
2018-02-07,21:00:00,8273.3,8286.15,8238.9,8250.13,60844952,0
2018-02-07,22:00:00,8265.53,8308.12,8222.36,8222.43,194305420,0
2018-02-08,16:00:00,8209.17,8209.17,8163.9,8196.47,72809581,0
2018-02-08,17:00:00,8175.79,8197.08,8120.15,8129.11,86169893,0
2018-02-08,18:00:00,8130.57,8151.83,8100.96,8124.38,96136476,0
2018-02-08,19:00:00,8122.49,8130.64,8032.55,8057.06,96504537,0
2018-02-08,20:00:00,8058.12,8123.98,8037.88,8102.37,93970658,0
2018-02-08,21:00:00,8101.39,8110.67,8037.48,8056.02,84359469,0
2018-02-08,22:00:00,8047.13,8072.43,7918.7,7918.7,337569839,0
2018-02-09,16:00:00,7976.36,7993.6,7938.12,7993.6,92784439,0
2018-02-09,17:00:00,7982.07,7988.46,7866.11,7911.35,123821034,0
2018-02-09,18:00:00,7905.41,7928.94,7862.23,7863.14,96048365,0
2018-02-09,19:00:00,7853.22,7853.22,7781.11,7801.96,100098069,0
2018-02-09,20:00:00,7818.08,7852.87,7750.04,7851.93,109753566,0
2018-02-09,21:00:00,7836.11,7953.83,7836.11,7904.26,125653190,0
2018-02-09,22:00:00,7893.4,8054.04,7854.93,7999.61,272994836,0
2018-02-12,16:00:00,8061.85,8086.28,8055.69,8058.2,75805660,0
2018-02-12,17:00:00,8053.47,8072.69,8010.68,8043.66,87099786,0
2018-02-12,18:00:00,8042.49,8098.29,8031.65,8098.29,71763180,0
2018-02-12,19:00:00,8105.58,8132.54,8101.01,8120.02,62321111,0
2018-02-12,20:00:00,8123.32,8161.98,8111.15,8155.71,45917319,0
2018-02-12,21:00:00,8153.34,8161.29,8130.51,8144.26,53996954,0
2018-02-12,22:00:00,8142.82,8174.81,8109.61,8124.88,231959607,0
2018-02-13,16:00:00,8090.28,8099.53,8069.4,8071.51,55253201,0
2018-02-13,17:00:00,8071.59,8114.64,8067.46,8114.64,75674199,0
2018-02-13,18:00:00,8107.51,8112.28,8091.25,8105.07,52274683,0
2018-02-13,19:00:00,8104.4,8107.73,8092.75,8103.03,36609297,0
2018-02-13,20:00:00,8098.35,8154.3,8098.35,8148.4,46823509,0
2018-02-13,21:00:00,8151.57,8167.61,8140.22,8158.88,47357407,0
2018-02-13,22:00:00,8157.06,8172.36,8150.34,8155.01,178930059,0
2018-02-14,16:00:00,8154.66,8160.24,8102.61,8121.43,541223752,0
2018-02-14,17:00:00,8123.81,8177.14,8111.95,8164.83,86359294,0
2018-02-14,18:00:00,8165.78,8171.77,8145.07,8146.87,69955124,0
2018-02-14,19:00:00,8153.46,8177.53,8149.06,8177.53,47980074,0
2018-02-14,20:00:00,8174.49,8207,8174.49,8199.69,52497704,0
2018-02-14,21:00:00,8200.9,8210.53,8182.25,8206.37,55236653,0
2018-02-14,22:00:00,8215.27,8226.76,8210.13,8212.88,176467767,0
2018-02-15,16:00:00,8255.9,8265.18,8253.95,8260.92,86499445,0
2018-02-15,17:00:00,8261.18,8261.18,8210.69,8210.69,82339412,0
2018-02-15,18:00:00,8191.65,8236.07,8180.54,8230.99,61300171,0
2018-02-15,19:00:00,8229.57,8243.33,8220.07,8241.34,41868718,0
2018-02-15,20:00:00,8249.17,8267.97,8245.85,8263.93,45391899,0
2018-02-15,21:00:00,8267.33,8283.6,8266.45,8277.39,47775333,0
2018-02-15,22:00:00,8285.32,8311.39,8272.34,8311.04,159095078,0
2018-02-16,16:00:00,8302.25,8313.52,8297.74,8301.74,71329381,0
2018-02-16,17:00:00,8292.26,8329.15,8287.4,8326.84,68017205,0
2018-02-16,18:00:00,8321.85,8354.68,8321.85,8354.68,56906944,0
2018-02-16,19:00:00,8355.94,8378.18,8346.05,8350.94,48190660,0
2018-02-16,20:00:00,8358.35,8358.35,8313.11,8325.39,53236041,0
2018-02-16,21:00:00,8328.34,8339.83,8295.94,8332.05,52045346,0
2018-02-16,22:00:00,8335.87,8344.95,8311.71,8312.01,165797433,0
2018-02-20,16:00:00,8278.44,8287.71,8257.2,8257.2,73552901,0
2018-02-20,17:00:00,8251.2,8257.81,8229.89,8230.27,77931158,0
2018-02-20,18:00:00,8230.94,8263.89,8230.94,8262.6,61728442,0
2018-02-20,19:00:00,8272.34,8272.34,8253.12,8266.21,43879850,0
2018-02-20,20:00:00,8261.43,8261.43,8235.5,8244.17,38535604,0
2018-02-20,21:00:00,8248.49,8248.49,8222.4,8222.4,48179415,0
2018-02-20,22:00:00,8221.68,8223.72,8188.17,8214.19,186393425,0
2018-02-21,16:00:00,8215.35,8267.95,8215.35,8257.23,53931269,0
2018-02-21,17:00:00,8260.65,8287.75,8250.03,8284.36,76167173,0
2018-02-21,18:00:00,8285.88,8290.65,8272.92,8272.92,61628195,0
2018-02-21,19:00:00,8271.8,8283.17,8253.85,8282.86,53436327,0
2018-02-21,20:00:00,8283.03,8289.46,8275.42,8285.43,40532740,0
2018-02-21,21:00:00,8301.75,8323.52,8276.31,8283.1,66997256,0
2018-02-21,22:00:00,8255.48,8255.48,8174.33,8174.68,225754802,0
2018-02-22,16:00:00,8212.59,8248.38,8212.59,8212.75,55678802,0
2018-02-22,17:00:00,8223.4,8263,8220.6,8253.87,74606644,0
2018-02-22,18:00:00,8248.7,8286.67,8248.7,8285.79,51922045,0
2018-02-22,19:00:00,8287.3,8288.35,8259.83,8266.63,48872855,0
2018-02-22,20:00:00,8262.45,8270.15,8234.06,8245.43,47596197,0
2018-02-22,21:00:00,8251.95,8268.09,8221.09,8221.09,49071322,0
2018-02-22,22:00:00,8214.99,8240.39,8208.01,8224.59,155802260,0
2018-02-23,16:00:00,8266.78,8284.39,8266.78,8274.72,47193742,0
2018-02-23,17:00:00,8272.39,8290.02,8261.59,8287.72,53750065,0
2018-02-23,18:00:00,8292.07,8313.71,8292.07,8313.71,47751202,0
2018-02-23,19:00:00,8310.83,8311.12,8290.24,8296.12,38762777,0
2018-02-23,20:00:00,8294.68,8300.47,8286.55,8297.83,30688339,0
2018-02-23,21:00:00,8297.22,8321.17,8286.6,8318.7,45775815,0
2018-02-23,22:00:00,8322.06,8354.63,8321.32,8354.04,156390949,0
2018-02-26,16:00:00,8394.98,8421.31,8394.98,8408.05,78345229,0
2018-02-26,17:00:00,8402.65,8408.48,8388.17,8399.82,88687746,0
2018-02-26,18:00:00,8398.71,8424.11,8398.71,8419.64,60403314,0
2018-02-26,19:00:00,8417.17,8448.31,8417.17,8447.12,48231051,0
2018-02-26,20:00:00,8448.26,8457.68,8446.33,8455.51,54105825,0
2018-02-26,21:00:00,8455.53,8463.08,8450.63,8455.32,61064423,0
2018-02-26,22:00:00,8454.74,8478.41,8454.74,8469.47,200572308,0
2018-02-27,16:00:00,8474.35,8493.97,8469.19,8469.19,72543116,0
2018-02-27,17:00:00,8475.54,8497.34,8430.58,8438.36,94005308,0
2018-02-27,18:00:00,8435.18,8459.87,8420.55,8420.55,68688620,0
2018-02-27,19:00:00,8418.63,8436.03,8399.1,8436.03,58791819,0
2018-02-27,20:00:00,8432.53,8436.77,8405.91,8410.08,41954602,0
2018-02-27,21:00:00,8402.33,8404.75,8378.23,8394.79,50735424,0
2018-02-27,22:00:00,8389.25,8389.25,8337.56,8338.24,179439173,0
2018-02-28,16:00:00,8367.27,8372.51,8349.67,8372.51,99756426,0
2018-02-28,17:00:00,8371.39,8383.27,8331.28,8331.28,96595631,0
2018-02-28,18:00:00,8337.19,8340.59,8311.99,8331.92,53803890,0
2018-02-28,19:00:00,8338.41,8356.22,8324.82,8348.29,44310131,0
2018-02-28,20:00:00,8346.25,8355.64,8337.81,8355.64,43484012,0
2018-02-28,21:00:00,8364.28,8366.08,8301.23,8301.23,52146906,0
2018-02-28,22:00:00,8295.83,8307.78,8227.55,8228.28,251770072,0
2018-03-01,16:00:00,8236.42,8236.42,8192.19,8215.52,63109583,0
2018-03-01,17:00:00,8218.4,8300.77,8218.4,8247.7,86484490,0
2018-03-01,18:00:00,8259.54,8277.93,8243.99,8266.26,62728589,0
2018-03-01,19:00:00,8263.47,8263.47,8203.69,8210.86,56326866,0
2018-03-01,20:00:00,8176.96,8176.96,8126.7,8126.7,75579663,0
2018-03-01,21:00:00,8115.15,8121.16,8083.41,8115.25,91670706,0
2018-03-01,22:00:00,8110.92,8164.61,8098.54,8135.78,208225020,0
2018-03-02,16:00:00,8072.19,8075.24,8046.49,8053.52,73698536,0
2018-03-02,17:00:00,8065.72,8067.32,8035.68,8041.69,90374173,0
2018-03-02,18:00:00,8040.83,8073.7,8014.67,8068.58,62952922,0
2018-03-02,19:00:00,8079.98,8110.7,8064.47,8109.11,56536054,0
2018-03-02,20:00:00,8101.25,8101.25,8063.05,8074.4,42854334,0
2018-03-02,21:00:00,8078.13,8099.54,8075,8082.83,50986745,0
2018-03-02,22:00:00,8080.84,8132.16,8061.57,8117.68,178088202,0
2018-03-05,16:00:00,8068.34,8102.59,8067.71,8077.05,51993969,0
2018-03-05,17:00:00,8070.15,8108.77,8062.71,8108.77,69726558,0
2018-03-05,18:00:00,8125.54,8168.35,8117.97,8154.03,78818877,0
2018-03-05,19:00:00,8158.66,8173.73,8149.32,8173.73,45006790,0
2018-03-05,20:00:00,8175.92,8189.23,8173.41,8184.07,42472255,0
2018-03-05,21:00:00,8189.92,8207.22,8167.81,8207.22,51725355,0
2018-03-05,22:00:00,8212.73,8228.98,8205.56,8206.39,183573398,0
2018-03-06,16:00:00,8232.36,8232.36,8199.71,8208.82,54686228,0
2018-03-06,17:00:00,8207.67,8214.35,8178.62,8178.62,66266537,0
2018-03-06,18:00:00,8180.48,8185.09,8160.78,8185.09,49608564,0
2018-03-06,19:00:00,8185.12,8220.8,8173.54,8220.8,41391831,0
2018-03-06,20:00:00,8224.9,8230.63,8200.8,8200.8,38397452,0
2018-03-06,21:00:00,8207.16,8224.39,8198.91,8217.77,44426363,0
2018-03-06,22:00:00,8218.89,8219.95,8201.58,8213.39,141905510,0
2018-03-07,16:00:00,8140.83,8171.33,8140.83,8157.54,58518574,0
2018-03-07,17:00:00,8154.6,8187.42,8147.45,8181.93,63647566,0
2018-03-07,18:00:00,8181.91,8181.91,8152.28,8152.28,48608608,0
2018-03-07,19:00:00,8145.44,8145.44,8123.61,8142.72,50464990,0
2018-03-07,20:00:00,8136.33,8151.23,8120.08,8145.63,44938812,0
2018-03-07,21:00:00,8146.77,8163.52,8141.13,8156.27,49053201,0
2018-03-07,22:00:00,8160.76,8198.22,8160.76,8183.38,167928660,0
2018-03-08,16:00:00,8211.2,8224.34,8211.2,8224.34,41177023,0
2018-03-08,17:00:00,8208.34,8212.55,8200.85,8205.87,50930916,0
2018-03-08,18:00:00,8199.34,8208.53,8189.08,8191.83,49474154,0
2018-03-08,19:00:00,8192.81,8192.81,8169.68,8178.28,37570943,0
2018-03-08,20:00:00,8180.9,8187.39,8161.56,8175.5,33757203,0
2018-03-08,21:00:00,8171.41,8203.57,8161.74,8203.57,39761852,0
2018-03-08,22:00:00,8208.39,8227.93,8195.23,8222.44,158458705,0
2018-03-09,16:00:00,8267.53,8267.8,8254.02,8267.8,51760408,0
2018-03-09,17:00:00,8269.28,8309.82,8261.86,8303.3,64166371,0
2018-03-09,18:00:00,8306.05,8317.31,8302.72,8311.6,53228475,0
2018-03-09,19:00:00,8320.07,8340.47,8319.9,8332.95,43588794,0
2018-03-09,20:00:00,8332.31,8349.6,8332.31,8345.29,42418994,0
2018-03-09,21:00:00,8348.04,8353.38,8339.03,8343.33,47134062,0
2018-03-09,22:00:00,8345.4,8371.51,8339.49,8371.5,168301105,0
2018-03-12,15:00:00,8382.96,8397.2,8382.96,8391.09,64917673,0
2018-03-12,16:00:00,8390.75,8390.75,8354.78,8354.78,72567051,0
2018-03-12,17:00:00,8350.64,8353.19,8332.26,8348.21,50992833,0
2018-03-12,18:00:00,8351.02,8356.65,8340.83,8341.19,38654749,0
2018-03-12,19:00:00,8343.49,8350.97,8338.2,8347.72,36696519,0
2018-03-12,20:00:00,8348.95,8352.45,8328.81,8331.39,39513053,0
2018-03-12,21:00:00,8337.2,8364.76,8335.04,8339.07,165147190,0
2018-03-13,15:00:00,8378.01,8407.1,8370.74,8400.79,71269712,0
2018-03-13,16:00:00,8398.78,8402.55,8373.41,8379.15,78441994,0
2018-03-13,17:00:00,8374.01,8379.52,8361.99,8362.95,59759328,0
2018-03-13,18:00:00,8363.14,8364.16,8335.16,8362.52,68895210,0
2018-03-13,19:00:00,8365.07,8372.55,8347.49,8347.49,44384436,0
2018-03-13,20:00:00,8348.75,8355.01,8329.47,8335.17,53113734,0
2018-03-13,21:00:00,8343.18,8343.18,8309.49,8320.97,189177322,0
2018-03-14,15:00:00,8361.11,8361.11,8332.53,8337.36,52794788,0
2018-03-14,16:00:00,8340.3,8340.3,8307.32,8309.14,61447406,0
2018-03-14,17:00:00,8311.71,8311.71,8252,8252,60464547,0
2018-03-14,18:00:00,8257.53,8265.94,8243.54,8255.75,47586149,0
2018-03-14,19:00:00,8253.9,8292.53,8240.82,8289.64,39718061,0
2018-03-14,20:00:00,8293.08,8293.08,8249.88,8259.35,47776312,0
2018-03-14,21:00:00,8253.92,8256.63,8233.33,8244.43,160641262,0
2018-03-15,15:00:00,8269.05,8269.09,8257.21,8257.21,38551671,0
2018-03-15,16:00:00,8257.65,8279.51,8257.65,8279.51,63481158,0
2018-03-15,17:00:00,8292.32,8313.39,8289.82,8289.82,57009718,0
2018-03-15,18:00:00,8291.4,8297.81,8285.41,8293.72,43332062,0
2018-03-15,19:00:00,8288.91,8296.48,8258.31,8258.31,40743897,0
2018-03-15,20:00:00,8250.52,8270.65,8250.52,8269.41,47261522,0
2018-03-15,21:00:00,8270.88,8280.39,8265.86,8269.99,137885348,0
2018-03-16,15:00:00,8288.34,8306.24,8283.92,8302.73,136912633,0
2018-03-16,16:00:00,8299.82,8318.99,8299.82,8317.12,58471748,0
2018-03-16,17:00:00,8316.3,8333,8310.03,8315.68,46158683,0
2018-03-16,18:00:00,8317.32,8333.62,8312.97,8330.57,35500323,0
2018-03-16,19:00:00,8331.84,8332.49,8311.03,8311.03,33290986,0
2018-03-16,20:00:00,8313.16,8318.34,8308.51,8318.06,34939037,0
2018-03-16,21:00:00,8319.28,8333.85,8311.98,8316.88,481401315,0
2018-03-19,15:00:00,8288.55,8289.83,8266.3,8276.6,41088110,0
2018-03-19,16:00:00,8281.74,8283.45,8258.44,8258.44,55468405,0
2018-03-19,17:00:00,8258.94,8264.22,8234.12,8234.12,53329903,0
2018-03-19,18:00:00,8237.52,8238.69,8213.81,8220.06,45075836,0
2018-03-19,19:00:00,8213.59,8213.59,8184.67,8213.19,49178605,0
2018-03-19,20:00:00,8214.59,8219.24,8180.72,8208.29,47875877,0
2018-03-19,21:00:00,8201.03,8240.66,8197.36,8234.61,182097867,0
2018-03-20,15:00:00,8263.24,8275.98,8262,8262,43331793,0
2018-03-20,16:00:00,8261,8278.04,8255.63,8267.26,66334787,0
2018-03-20,17:00:00,8272.96,8275.09,8255.26,8257.88,49978942,0
2018-03-20,18:00:00,8263.1,8268.78,8258.01,8260.41,37062977,0
2018-03-20,19:00:00,8259.97,8264.63,8248.4,8252.46,36875943,0
2018-03-20,20:00:00,8249.44,8275.33,8247.09,8271.96,43960169,0
2018-03-20,21:00:00,8275.55,8278.02,8256.41,8261.85,165612943,0
2018-03-21,15:00:00,8267.47,8273.53,8251.05,8251.05,44686578,0
2018-03-21,16:00:00,8251.83,8270.56,8245.73,8268.18,56636945,0
2018-03-21,17:00:00,8267.61,8311.53,8264.73,8308.49,47522215,0
2018-03-21,18:00:00,8303.11,8310.02,8302.07,8305.07,36727061,0
2018-03-21,19:00:00,8304.12,8304.31,8288.51,8304.31,34797010,0
2018-03-21,20:00:00,8318.94,8321.53,8244.27,8259.43,79975759,0
2018-03-21,21:00:00,8274.77,8292.77,8239.51,8239.51,150197251,0
2018-03-22,15:00:00,8176.86,8182.14,8159.22,8171.18,50334869,0
2018-03-22,16:00:00,8169.79,8203.47,8139.95,8139.95,61706929,0
2018-03-22,17:00:00,8147.08,8149.35,8108.17,8115.44,64314335,0
2018-03-22,18:00:00,8115.61,8170.17,8115.61,8148.14,57594057,0
2018-03-22,19:00:00,8141.87,8191.13,8136.51,8178.44,48785713,0
2018-03-22,20:00:00,8180.02,8180.02,8118.81,8118.81,51468006,0
2018-03-22,21:00:00,8113.74,8127.23,8039.11,8039.11,223219455,0
2018-03-23,15:00:00,8058.34,8080.9,8058.34,8070.66,61822078,0
2018-03-23,16:00:00,8072.73,8082.94,8056.34,8067.28,72816303,0
2018-03-23,17:00:00,8077.77,8077.77,8007.87,8007.87,63233558,0
2018-03-23,18:00:00,8023.73,8041.56,8011.1,8015.73,50107509,0
2018-03-23,19:00:00,8031.76,8071.08,8029.73,8068.64,45223861,0
2018-03-23,20:00:00,8069.81,8069.81,7968.04,7968.04,56620807,0
2018-03-23,21:00:00,7962.91,7964.23,7888.72,7899.6,234223618,0
2018-03-26,16:00:00,8016.7,8040.02,8016.7,8035.54,70339320,0
2018-03-26,17:00:00,8034.35,8034.35,7983.86,7990.8,79952620,0
2018-03-26,18:00:00,7982.19,7991.22,7947.79,7980.82,70177178,0
2018-03-26,19:00:00,7983.49,8018.14,7976.32,7994.87,49895655,0
2018-03-26,20:00:00,7993.9,8022.05,7992.48,8001.45,48585185,0
2018-03-26,21:00:00,8008.11,8057.43,8008.11,8051.13,62670630,0
2018-03-26,22:00:00,8052.56,8092.28,8052.26,8085.71,201446025,0
2018-03-27,16:00:00,8112.5,8112.5,8070.1,8084.97,62860591,0
2018-03-27,17:00:00,8093.27,8109.46,8076.5,8109.46,95184964,0
2018-03-27,18:00:00,8098.2,8147.31,8090.37,8147.31,59860982,0
2018-03-27,19:00:00,8150.9,8151.12,8126.73,8135.82,60026422,0
2018-03-27,20:00:00,8144.9,8159.73,8100.64,8116.08,50624348,0
2018-03-27,21:00:00,8116.19,8129.29,8071.98,8071.98,64528350,0
2018-03-27,22:00:00,8068.51,8068.51,7967.06,7993.26,236023749,0
2018-03-28,16:00:00,8001.63,8017.45,7974.67,8004.13,79566041,0
2018-03-28,17:00:00,8001.76,8011.76,7955.31,7978.21,90485091,0
2018-03-28,18:00:00,7986.69,8008.96,7979.05,8008.93,71433662,0
2018-03-28,19:00:00,8004.44,8053.2,7999.27,8006.05,79617928,0
2018-03-28,20:00:00,8000.86,8032.82,7990.83,8020.47,82025634,0
2018-03-28,21:00:00,8016.01,8022.85,7997.02,8001.59,59491004,0
2018-03-28,22:00:00,8000.19,8017.86,7963.04,7991.09,185718509,0
2018-03-29,16:00:00,8028.36,8065.1,8028.36,8045.5,52509043,0
2018-03-29,17:00:00,8051.8,8084.19,8044.1,8082.82,68776100,0
2018-03-29,18:00:00,8091.06,8108.66,8080.52,8099.88,55572914,0
2018-03-29,19:00:00,8093.05,8093.05,8079.9,8090.02,37814470,0
2018-03-29,20:00:00,8091.45,8119.13,8077.63,8115.58,41171812,0
2018-03-29,21:00:00,8109.8,8142.79,8104.5,8139.08,51586787,0
2018-03-29,22:00:00,8133.73,8150.93,8092.53,8092.53,275465024,0
