Date,Time,Open,High,Low,Close,Volume,OpenInt
2017-09-06,16:00:00,21815.76,21840.91,21806.63,21814.48,0,0
2017-09-06,17:00:00,21828.14,21847.02,21801.56,21812.31,0,0
2017-09-06,18:00:00,21818.81,21828,21797.71,21812.36,0,0
2017-09-06,19:00:00,21811.46,21827.37,21801.45,21824.7,0,0
2017-09-06,20:00:00,21825.68,21838.26,21820.77,21822.79,0,0
2017-09-06,21:00:00,21823.08,21846.52,21821.19,21832.94,0,0
2017-09-06,22:00:00,21833.59,21844.85,21807.1,21807.64,0,0
2017-09-07,16:00:00,21825.89,21850.01,21802.91,21809.05,0,0
2017-09-07,17:00:00,21810.74,21828.62,21762.23,21820.08,0,0
2017-09-07,18:00:00,21823.48,21826.64,21758.41,21766.8,0,0
2017-09-07,19:00:00,21767.26,21778.2,21746.05,21771.52,0,0
2017-09-07,20:00:00,21770.93,21780.05,21758.51,21764.19,0,0
2017-09-07,21:00:00,21764.17,21775.26,21756.35,21762.64,0,0
2017-09-07,22:00:00,21766.5,21788.77,21745.72,21784.78,0,0
2017-09-08,16:00:00,21755.85,21801.12,21731.53,21801.12,0,0
2017-09-08,17:00:00,21802.22,21829.97,21791.63,21817.6,0,0
2017-09-08,18:00:00,21823.06,21844.3,21809.98,21821.98,0,0
2017-09-08,19:00:00,21821.73,21843.69,21812.93,21837.51,0,0
2017-09-08,20:00:00,21836.94,21837.71,21810.94,21821.71,0,0
2017-09-08,21:00:00,21821.64,21833.56,21804.97,21816.4,0,0
2017-09-08,22:00:00,21816.1,21821.2,21786.51,21797.79,0,0
2017-09-11,16:00:00,21943.14,21989.93,21942.8,21981.65,0,0
2017-09-11,17:00:00,21989.96,22022.39,21986.31,22016.1,0,0
2017-09-11,18:00:00,22015.65,22037.73,22005.69,22030.31,0,0
2017-09-11,19:00:00,22030.75,22062.55,22025.18,22047,0,0
2017-09-11,20:00:00,22046.75,22067.1,22046.1,22060.24,0,0
2017-09-11,21:00:00,22060.49,22066.74,22048.83,22050.85,0,0
2017-09-11,22:00:00,22050.42,22059.27,22041.12,22057.37,0,0
2017-09-12,16:00:00,22107.58,22134.21,22100.63,22124.3,0,0
2017-09-12,17:00:00,22125.65,22133.08,22087.34,22106.8,0,0
2017-09-12,18:00:00,22104.18,22131.44,22098.29,22119.09,0,0
2017-09-12,19:00:00,22119.4,22124.71,22112.33,22115.2,0,0
2017-09-12,20:00:00,22115.08,22131.68,22114.84,22117.08,0,0
2017-09-12,21:00:00,22116.98,22121.06,22105.62,22107.79,0,0
2017-09-12,22:00:00,22107.3,22119.41,22097.08,22118.86,0,0
2017-09-13,16:00:00,22103.09,22132.14,22095.79,22114.8,0,0
2017-09-13,17:00:00,22117.74,22126.99,22108.73,22119.06,0,0
2017-09-13,18:00:00,22118.89,22130.73,22100.92,22119.44,0,0
2017-09-13,19:00:00,22120.1,22147.33,22119.49,22138.59,0,0
2017-09-13,20:00:00,22140.69,22144.6,22129.15,22131.81,0,0
2017-09-13,21:00:00,22131.8,22143.27,22129.28,22138.6,0,0
2017-09-13,22:00:00,22138.9,22158.18,22133.62,22158.18,0,0
2017-09-14,16:00:00,22146.13,22178.26,22138.73,22174.6,0,0
2017-09-14,17:00:00,22176.25,22179.08,22158.77,22167.58,0,0
2017-09-14,18:00:00,22169.16,22189.38,22164.3,22176.83,0,0
2017-09-14,19:00:00,22176.93,22212.11,22169.28,22209.96,0,0
2017-09-14,20:00:00,22209.99,22210.14,22196.81,22200.04,0,0
2017-09-14,21:00:00,22200.37,22211.13,22195.47,22201.62,0,0
2017-09-14,22:00:00,22200.36,22215.45,22195.4,22203.48,0,0
2017-09-15,16:00:00,22249.96,22251.51,22222.64,22226.9,0,0
2017-09-15,17:00:00,22226.64,22258.84,22214.84,22250.81,0,0
2017-09-15,18:00:00,22249.09,22255.26,22237.32,22250.32,0,0
2017-09-15,19:00:00,22249.86,22256.46,22241.99,22247.08,0,0
2017-09-15,20:00:00,22247.07,22255.37,22245.66,22250.3,0,0
2017-09-15,21:00:00,22250.37,22262.59,22249.34,22262.24,0,0
2017-09-15,22:00:00,22261.67,22275.02,22256.32,22268.34,0,0
2017-09-18,16:00:00,22297.92,22336.18,22283.35,22332.63,0,0
2017-09-18,17:00:00,22332.8,22344.74,22320.71,22338.52,0,0
2017-09-18,18:00:00,22338.56,22355.39,22338.55,22348.21,0,0
2017-09-18,19:00:00,22348.62,22354.15,22332.08,22343.2,0,0
2017-09-18,20:00:00,22343.32,22353.51,22334.51,22345.18,0,0
2017-09-18,21:00:00,22345.08,22345.18,22321,22333.41,0,0
2017-09-18,22:00:00,22333.72,22355.48,22327.38,22331.35,0,0
2017-09-19,16:00:00,22347.82,22366.34,22341.4,22344.86,0,0
2017-09-19,17:00:00,22344.95,22369.73,22342.98,22360.8,0,0
2017-09-19,18:00:00,22360.94,22370.53,22343.83,22367.94,0,0
2017-09-19,19:00:00,22368.37,22382.32,22363.62,22374.16,0,0
2017-09-19,20:00:00,22373.79,22382.79,22365.71,22381.48,0,0
2017-09-19,21:00:00,22381.52,22385.84,22372.38,22373.46,0,0
2017-09-19,22:00:00,22373.95,22379.57,22368.24,22370.8,0,0
2017-09-20,16:00:00,22351.38,22382.94,22351.38,22370,0,0
2017-09-20,17:00:00,22370.42,22381.14,22355.35,22367.29,0,0
2017-09-20,18:00:00,22371.34,22391.29,22362.81,22389.41,0,0
2017-09-20,19:00:00,22389.85,22399.33,22386.06,22390.94,0,0
2017-09-20,20:00:00,22390.34,22393.33,22367.01,22374.54,0,0
2017-09-20,21:00:00,22372.31,22387.26,22317.61,22379.68,0,0
2017-09-20,22:00:00,22372.31,22413.26,22359.29,22412.59,0,0
2017-09-21,16:00:00,22407.95,22419.43,22370.43,22384.22,0,0
2017-09-21,17:00:00,22383.33,22407.65,22370.69,22396.36,0,0
2017-09-21,18:00:00,22400.08,22405,22382,22384.43,0,0
2017-09-21,19:00:00,22385.01,22392.08,22368.33,22375.73,0,0
2017-09-21,20:00:00,22376.94,22383.05,22364.65,22374.08,0,0
2017-09-21,21:00:00,22374.13,22382.64,22361.18,22375.35,0,0
2017-09-21,22:00:00,22375.28,22382.67,22356.55,22359.23,0,0
2017-09-22,16:00:00,22328.32,22360.09,22328.32,22345.13,0,0
2017-09-22,17:00:00,22349.31,22364.31,22321.93,22328.9,0,0
2017-09-22,18:00:00,22329.08,22336.95,22321.74,22336.19,0,0
2017-09-22,19:00:00,22336.09,22345.91,22321.45,22321.77,0,0
2017-09-22,20:00:00,22322.22,22334.14,22299.58,22326.42,0,0
2017-09-22,21:00:00,22326.14,22338.94,22321.61,22325.96,0,0
2017-09-22,22:00:00,22326.75,22359.28,22326.4,22349.59,0,0
2017-09-25,16:00:00,22316.85,22353.5,22315.7,22337.21,0,0
2017-09-25,17:00:00,22338.98,22359.38,22286.05,22286.9,0,0
2017-09-25,18:00:00,22279.91,22284.72,22224.01,22268.76,0,0
2017-09-25,19:00:00,22269.87,22280.24,22238.44,22274.41,0,0
2017-09-25,20:00:00,22276.49,22296.17,22273.21,22281.45,0,0
2017-09-25,21:00:00,22281.52,22292.93,22270.65,22281.98,0,0
2017-09-25,22:00:00,22282.37,22303.28,22276.31,22296.09,0,0
2017-09-26,16:00:00,22319.98,22364.47,22319.98,22361.02,0,0
2017-09-26,17:00:00,22369.35,22369.35,22319.82,22321.8,0,0
2017-09-26,18:00:00,22321.4,22327.03,22289.12,22306.2,0,0
2017-09-26,19:00:00,22305.23,22318.39,22291.97,22306.67,0,0
2017-09-26,20:00:00,22306.08,22325.78,22303.59,22321.14,0,0
2017-09-26,21:00:00,22320.05,22322.34,22300.12,22308.72,0,0
2017-09-26,22:00:00,22309.29,22319.63,22279.52,22284.32,0,0
2017-09-27,16:00:00,22331.79,22371.1,22331.79,22341.8,0,0
2017-09-27,17:00:00,22343.53,22351.37,22255.8,22271.4,0,0
2017-09-27,18:00:00,22272.77,22301.64,22268.14,22290.6,0,0
2017-09-27,19:00:00,22289.94,22308.57,22276.29,22304.05,0,0
2017-09-27,20:00:00,22305.7,22313.35,22297.57,22310.54,0,0
2017-09-27,21:00:00,22311.65,22364.4,22311.65,22357.68,0,0
2017-09-27,22:00:00,22359.21,22370.24,22334.72,22340.71,0,0
2017-09-28,16:00:00,22305.78,22326.28,22288.97,22310.26,0,0
2017-09-28,17:00:00,22316.35,22362.9,22309.29,22352.38,0,0
2017-09-28,18:00:00,22353.45,22381.53,22348.41,22371.96,0,0
2017-09-28,19:00:00,22373.34,22394.74,22370.01,22383.69,0,0
2017-09-28,20:00:00,22383.27,22391.91,22372.74,22390.39,0,0
2017-09-28,21:00:00,22390.28,22393.46,22369.44,22377.23,0,0
2017-09-28,22:00:00,22377.07,22388.68,22367.7,22381.2,0,0
2017-09-29,16:00:00,22354.96,22360.15,22332.97,22356.5,0,0
2017-09-29,17:00:00,22352.62,22381.06,22352.62,22365.12,0,0
2017-09-29,18:00:00,22362.21,22378.23,22356.95,22376.86,0,0
2017-09-29,19:00:00,22376.84,22381.63,22363.43,22368.19,0,0
2017-09-29,20:00:00,22367.92,22371.75,22357.7,22362.3,0,0
2017-09-29,21:00:00,22362.28,22379.81,22350.71,22376.68,0,0
2017-09-29,22:00:00,22374.58,22405.63,22371.11,22405.09,0,0
2017-10-02,16:00:00,22420.29,22474,22419.72,22472.46,0,0
2017-10-02,17:00:00,22472.33,22487.11,22447.63,22464.79,0,0
2017-10-02,18:00:00,22466.04,22486.95,22456.2,22480.02,0,0
2017-10-02,19:00:00,22480.23,22519.74,22475.48,22518.46,0,0
2017-10-02,20:00:00,22518.45,22538.2,22515.16,22536.12,0,0
2017-10-02,21:00:00,22536.18,22548.23,22528.67,22548.19,0,0
2017-10-02,22:00:00,22547.68,22559.38,22528.92,22557.6,0,0
2017-10-03,16:00:00,22565.65,22613.83,22565.65,22613.53,0,0
2017-10-03,17:00:00,22614.64,22630.89,22600.13,22626.48,0,0
2017-10-03,18:00:00,22624.34,22636.94,22617.63,22634.82,0,0
2017-10-03,19:00:00,22634.97,22637.09,22621.21,22631.6,0,0
2017-10-03,20:00:00,22631.69,22637.78,22625.64,22630.9,0,0
2017-10-03,21:00:00,22630.41,22645.26,22628.95,22641.09,0,0
2017-10-03,22:00:00,22641.45,22646.32,22631.16,22641.67,0,0
2017-10-04,16:00:00,22645.67,22662.4,22632.8,22655.78,0,0
2017-10-04,17:00:00,22655.38,22663.28,22646.99,22658.23,0,0
2017-10-04,18:00:00,22661.15,22683.95,22659.83,22677.11,0,0
2017-10-04,19:00:00,22677.39,22685.94,22668.09,22672.72,0,0
2017-10-04,20:00:00,22672.43,22679.14,22659.3,22670.04,0,0
2017-10-04,21:00:00,22670.12,22674.49,22659.01,22667.73,0,0
2017-10-04,22:00:00,22667.37,22670.92,22644.86,22661.64,0,0
2017-10-10,16:00:00,22806.24,22849.92,22804.03,22842.7,0,0
2017-10-10,17:00:00,22844.1,22844.23,22771.34,22794.78,0,0
2017-10-10,18:00:00,22794.74,22807.34,22782.67,22794.48,0,0
2017-10-10,19:00:00,22794.87,22813.11,22780.17,22809.05,0,0
2017-10-10,20:00:00,22809.03,22823.85,22802.95,22810.75,0,0
2017-10-10,21:00:00,22810.77,22817.48,22800.17,22805.42,0,0
2017-10-10,22:00:00,22805.61,22832.88,22804.85,22830.68,0,0
2017-10-11,16:00:00,22831.23,22846.95,22821.66,22831.03,0,0
2017-10-11,17:00:00,22831.88,22846.54,22830.12,22835.92,0,0
2017-10-11,18:00:00,22835.6,22848.24,22832.5,22837.91,0,0
2017-10-11,19:00:00,22838.21,22855.97,22835.97,22846.51,0,0
2017-10-11,20:00:00,22846.47,22854.72,22835.32,22837.25,0,0
2017-10-11,21:00:00,22837.73,22858.94,22837.73,22851.76,0,0
2017-10-11,22:00:00,22850.66,22872.89,22850.46,22872.89,0,0
2017-10-12,16:00:00,22854.23,22858.21,22829.4,22840.21,0,0
2017-10-12,17:00:00,22839.92,22870.41,22838.22,22858.58,0,0
2017-10-12,18:00:00,22858.89,22884.82,22857.59,22880.9,0,0
2017-10-12,19:00:00,22880.94,22883.94,22863.42,22869.57,0,0
2017-10-12,20:00:00,22869.43,22875.82,22857.27,22857.44,0,0
2017-10-12,21:00:00,22857.71,22864.12,22830.01,22840.17,0,0
2017-10-12,22:00:00,22840.65,22852.37,22821.13,22841.01,0,0
2017-10-13,16:00:00,22855.93,22882.66,22855.93,22872.64,0,0
2017-10-13,17:00:00,22873.21,22905.26,22857.98,22876.35,0,0
2017-10-13,18:00:00,22877.76,22886.27,22861.56,22882.38,0,0
2017-10-13,19:00:00,22882.64,22886.68,22874.77,22880.99,0,0
2017-10-13,20:00:00,22881.4,22894.52,22881.4,22885.21,0,0
2017-10-13,21:00:00,22885.32,22891.68,22874.52,22882.04,0,0
2017-10-13,22:00:00,22881.92,22891.23,22866.55,22871.72,0,0
2017-10-16,16:00:00,22903.32,22945.57,22900.9,22936.92,0,0
2017-10-16,17:00:00,22936.55,22938.95,22887.12,22899.68,0,0
2017-10-16,18:00:00,22899.14,22918.61,22898.02,22910.2,0,0
2017-10-16,19:00:00,22910.3,22916.25,22896.8,22914.13,0,0
2017-10-16,20:00:00,22914.2,22935.37,22911.47,22921.08,0,0
2017-10-16,21:00:00,22921.44,22940.15,22919.81,22937.12,0,0
2017-10-16,22:00:00,22936.65,22960.12,22934.67,22956.96,0,0
2017-10-17,16:00:00,22949.14,22992.21,22948.23,22973.2,0,0
2017-10-17,17:00:00,22966.55,22989.38,22963.21,22983.81,0,0
2017-10-17,18:00:00,22983.75,23002.12,22967.46,22977.05,0,0
2017-10-17,19:00:00,22977.51,22984.62,22972.44,22978.06,0,0
2017-10-17,20:00:00,22977.48,22981.97,22961.34,22975.48,0,0
2017-10-17,21:00:00,22974.72,22986.44,22972.15,22983.39,0,0
2017-10-17,22:00:00,22983.84,23000.42,22981.81,22997.44,0,0
2017-10-18,16:00:00,23087.13,23119.55,23087.13,23111.48,0,0
2017-10-18,17:00:00,23111.6,23139.06,23096.24,23131.89,0,0
2017-10-18,18:00:00,23131.72,23140.43,23118.49,23132.48,0,0
2017-10-18,19:00:00,23132.44,23149.03,23132.17,23141.56,0,0
2017-10-18,20:00:00,23141.02,23163.02,23141.02,23157.99,0,0
2017-10-18,21:00:00,23158.13,23165.12,23150.42,23152.89,0,0
2017-10-18,22:00:00,23153.09,23172.65,23146.83,23157.6,0,0
2017-10-19,16:00:00,23102.54,23125.77,23057.82,23071.07,0,0
2017-10-19,17:00:00,23070.48,23108.22,23052.67,23107.8,0,0
2017-10-19,18:00:00,23108.05,23118.05,23101.26,23106.77,0,0
2017-10-19,19:00:00,23107.59,23134.93,23100.18,23119.27,0,0
2017-10-19,20:00:00,23119.18,23140.78,23118.21,23133.98,0,0
2017-10-19,21:00:00,23133.91,23151.11,23133.27,23146.12,0,0
2017-10-19,22:00:00,23146.04,23166.55,23142.9,23163.04,0,0
2017-10-20,16:00:00,23218.73,23244.65,23201.88,23229.17,0,0
2017-10-20,17:00:00,23225.26,23243.65,23222.24,23228,0,0
2017-10-20,18:00:00,23230.16,23279.73,23230.16,23279.73,0,0
2017-10-20,19:00:00,23279.75,23288.45,23268.31,23286.72,0,0
2017-10-20,20:00:00,23286.37,23313.51,23284.19,23300.51,0,0
2017-10-20,21:00:00,23300.77,23316.97,23290.1,23291,0,0
2017-10-20,22:00:00,23292.95,23328.63,23290.21,23328.63,0,0
2017-10-23,16:00:00,23353.68,23367.58,23328.17,23358.91,0,0
2017-10-23,17:00:00,23355.22,23366.06,23342.97,23346.06,0,0
2017-10-23,18:00:00,23347.39,23368.28,23342.07,23350.82,0,0
2017-10-23,19:00:00,23350.83,23353.65,23331.8,23345.98,0,0
2017-10-23,20:00:00,23346.07,23349.02,23321.58,23332.67,0,0
2017-10-23,21:00:00,23332.88,23334.45,23310.69,23326.2,0,0
2017-10-23,22:00:00,23326.36,23327.89,23273.96,23273.96,0,0
2017-10-24,16:00:00,23343.23,23465.61,23343.23,23421.38,0,0
2017-10-24,17:00:00,23416.83,23466.68,23416.83,23457.97,0,0
2017-10-24,18:00:00,23455.91,23476.88,23445.39,23469.93,0,0
2017-10-24,19:00:00,23469.66,23485.25,23460.29,23477.02,0,0
2017-10-24,20:00:00,23476.89,23479.06,23463.45,23469.9,0,0
2017-10-24,21:00:00,23469.84,23477.5,23445.05,23447.97,0,0
2017-10-24,22:00:00,23449.65,23459.43,23430.32,23441.76,0,0
2017-10-25,16:00:00,23433.26,23451.38,23419.76,23419.76,0,0
2017-10-25,17:00:00,23428.5,23439.35,23355.31,23361.7,0,0
2017-10-25,18:00:00,23361.27,23361.34,23305.07,23318.78,0,0
2017-10-25,19:00:00,23317.02,23317.77,23251.11,23280.32,0,0
2017-10-25,20:00:00,23280.41,23324.93,23261.4,23319.01,0,0
2017-10-25,21:00:00,23318.99,23346.52,23311,23319.23,0,0
2017-10-25,22:00:00,23319.43,23351.19,23295.77,23329.46,0,0
2017-10-26,16:00:00,23397.76,23459.84,23397.76,23448,0,0
2017-10-26,17:00:00,23450.95,23452.52,23412.88,23439.33,0,0
2017-10-26,18:00:00,23438.56,23452.7,23390.36,23407.88,0,0
2017-10-26,19:00:00,23407.67,23436.58,23399.62,23412.6,0,0
2017-10-26,20:00:00,23412.91,23433.57,23405.67,23426.83,0,0
2017-10-26,21:00:00,23427.58,23429.52,23413.53,23414.25,0,0
2017-10-26,22:00:00,23414.4,23431.23,23399.86,23400.86,0,0
2017-10-27,16:00:00,23406.94,23408.16,23353.6,23388.8,0,0
2017-10-27,17:00:00,23386.74,23427.38,23386.74,23401.55,0,0
2017-10-27,18:00:00,23402.76,23439.66,23402.76,23426.72,0,0
2017-10-27,19:00:00,23427.87,23448.93,23422.17,23430.06,0,0
2017-10-27,20:00:00,23429.63,23435.94,23415.75,23432.51,0,0
2017-10-27,21:00:00,23432.34,23446.95,23425.75,23431.16,0,0
2017-10-27,22:00:00,23431.89,23439.92,23403.55,23434.19,0,0
2017-10-30,15:00:00,23386.12,23402.77,23341.04,23391.34,0,0
2017-10-30,16:00:00,23392.63,23428.6,23392.18,23413.87,0,0
2017-10-30,17:00:00,23413.77,23421.84,23347.26,23357.23,0,0
2017-10-30,18:00:00,23358.94,23366.4,23327.87,23358.47,0,0
2017-10-30,19:00:00,23357.8,23373.11,23349.18,23354.84,0,0
2017-10-30,20:00:00,23355.17,23368.21,23349.27,23356.15,0,0
2017-10-30,21:00:00,23357.52,23372.76,23334.97,23348.74,0,0
2017-10-31,15:00:00,23368.05,23383.47,23334.49,23345.18,0,0
2017-10-31,16:00:00,23344.33,23368.5,23336.78,23367.04,0,0
2017-10-31,17:00:00,23365.91,23384.85,23357.12,23373.73,0,0
2017-10-31,18:00:00,23375.23,23384.73,23365.69,23368.38,0,0
2017-10-31,19:00:00,23368.42,23376.34,23359.64,23375.35,0,0
2017-10-31,20:00:00,23375.72,23393.13,23371.99,23393.13,0,0
2017-10-31,21:00:00,23393.72,23406.2,23365.68,23377.24,0,0
2017-11-01,15:00:00,23454.71,23517.62,23454.71,23510.21,0,0
2017-11-01,16:00:00,23508.08,23514.34,23475.22,23475.22,0,0
2017-11-01,17:00:00,23475.82,23480.85,23412.69,23422.59,0,0
2017-11-01,18:00:00,23422.3,23440.87,23416.85,23424.5,0,0
2017-11-01,19:00:00,23424.1,23426.12,23389,23406.42,0,0
2017-11-01,20:00:00,23410.71,23448.84,23404.72,23446.23,0,0
2017-11-01,21:00:00,23446.69,23451.97,23426.53,23435.01,0,0
2017-11-02,15:00:00,23457.01,23458.11,23425,23430.5,0,0
2017-11-02,16:00:00,23430.48,23441.93,23352.09,23423.01,0,0
2017-11-02,17:00:00,23423.99,23453.09,23414.35,23428.65,0,0
2017-11-02,18:00:00,23432.24,23477.5,23426.85,23475.26,0,0
2017-11-02,19:00:00,23475.39,23476.64,23454.41,23461.5,0,0
2017-11-02,20:00:00,23461.59,23471.2,23454.78,23460.77,0,0
2017-11-02,21:00:00,23460.43,23531.13,23457.74,23516.26,0,0
2017-11-03,15:00:00,23550.52,23550.6,23481.75,23495.05,0,0
2017-11-03,16:00:00,23496.09,23519.04,23487.66,23508.6,0,0
2017-11-03,17:00:00,23509.16,23533.71,23507.34,23529.1,0,0
2017-11-03,18:00:00,23529.34,23553.55,23528.86,23543.02,0,0
2017-11-03,19:00:00,23543.09,23557.06,23537.23,23548.96,0,0
2017-11-03,20:00:00,23547.6,23552.15,23522.75,23531.8,0,0
2017-11-03,21:00:00,23531.7,23539.19,23517.5,23539.19,0,0
2017-11-06,16:00:00,23533.92,23554.34,23520.75,23554.19,0,0
2017-11-06,17:00:00,23553.91,23566.29,23540.27,23543.5,0,0
2017-11-06,18:00:00,23542.72,23558.8,23528.28,23544.55,0,0
2017-11-06,19:00:00,23544.47,23563.36,23538.18,23561.38,0,0
2017-11-06,20:00:00,23562.13,23567.31,23551.04,23559.28,0,0
2017-11-06,21:00:00,23559.56,23574.86,23552.61,23570.7,0,0
2017-11-06,22:00:00,23571.23,23574.01,23548.18,23548.42,0,0
2017-11-07,16:00:00,23575.27,23601.77,23559.51,23590.94,0,0
2017-11-07,17:00:00,23591.81,23602.12,23519.54,23531.72,0,0
2017-11-07,18:00:00,23536.03,23560.09,23487.15,23487.68,0,0
2017-11-07,19:00:00,23487.86,23516.81,23484.19,23510.32,0,0
2017-11-07,20:00:00,23510.34,23542,23507.98,23533.65,0,0
2017-11-07,21:00:00,23533.72,23542.52,23518.12,23519.66,0,0
2017-11-07,22:00:00,23519.77,23557.23,23506.12,23557.23,0,0
2017-11-08,16:00:00,23537.61,23554.09,23510.7,23514.01,0,0
2017-11-08,17:00:00,23513.71,23541.32,23510.74,23536.44,0,0
2017-11-08,18:00:00,23535.37,23548.35,23525.82,23543.77,0,0
2017-11-08,19:00:00,23543.88,23566.59,23534.62,23562.71,0,0
2017-11-08,20:00:00,23563.03,23575,23563.03,23566.19,0,0
2017-11-08,21:00:00,23566.25,23571.95,23547.17,23558.75,0,0
2017-11-08,22:00:00,23558.9,23569.7,23544.63,23563.36,0,0
2017-11-09,16:00:00,23482.57,23482.57,23412.03,23446.4,0,0
2017-11-09,17:00:00,23446.51,23516.74,23446.2,23484.26,0,0
2017-11-09,18:00:00,23483.85,23489.68,23365.5,23394.94,0,0
2017-11-09,19:00:00,23395.01,23395.73,23310.16,23367.09,0,0
2017-11-09,20:00:00,23365.09,23421.63,23346.91,23412.49,0,0
2017-11-09,21:00:00,23412.18,23448.14,23411.83,23428.86,0,0
2017-11-09,22:00:00,23428.2,23476.75,23425.28,23461.94,0,0
2017-11-10,16:00:00,23441.28,23452.2,23401.62,23418.5,0,0
2017-11-10,17:00:00,23419.38,23438.4,23392.96,23418.79,0,0
2017-11-10,18:00:00,23419.33,23424.5,23398,23422.64,0,0
2017-11-10,19:00:00,23422.38,23425.89,23401.58,23401.58,0,0
2017-11-10,20:00:00,23402.05,23418.02,23396.51,23407.9,0,0
2017-11-10,21:00:00,23407.85,23435.45,23407.82,23433.58,0,0
2017-11-10,22:00:00,23435.08,23437.3,23420.93,23422.21,0,0
2017-11-13,16:00:00,23378.64,23420.28,23343.34,23416.7,0,0
2017-11-13,17:00:00,23420.49,23450.76,23414.86,23425.77,0,0
2017-11-13,18:00:00,23425.88,23442.94,23420.91,23440.66,0,0
2017-11-13,19:00:00,23441.5,23452.55,23435.84,23446.51,0,0
2017-11-13,20:00:00,23446.49,23453.54,23432.39,23451.13,0,0
2017-11-13,21:00:00,23450.71,23458.67,23444.33,23447.73,0,0
2017-11-13,22:00:00,23447.02,23461.68,23430.95,23439.7,0,0
2017-11-14,16:00:00,23375.04,23397,23343.23,23343.23,0,0
2017-11-14,17:00:00,23343.88,23399.12,23271.57,23385.92,0,0
2017-11-14,18:00:00,23388.85,23394,23366.59,23390.33,0,0
2017-11-14,19:00:00,23389.79,23408.72,23365.68,23372.65,0,0
2017-11-14,20:00:00,23369.8,23394.64,23359.82,23386.93,0,0
2017-11-14,21:00:00,23386.61,23405.62,23382.98,23402.83,0,0
2017-11-14,22:00:00,23402.75,23414.08,23382.31,23409.47,0,0
2017-11-15,16:00:00,23311.18,23312.63,23242.75,23252.2,0,0
2017-11-15,17:00:00,23251.14,23322.89,23243.69,23319.58,0,0
2017-11-15,18:00:00,23321.3,23344.96,23309.56,23329.61,0,0
2017-11-15,19:00:00,23329.72,23329.72,23297.9,23322.1,0,0
2017-11-15,20:00:00,23322.16,23322.16,23277.47,23283.13,0,0
2017-11-15,21:00:00,23284.7,23296.16,23272.22,23292.89,0,0
2017-11-15,22:00:00,23292.28,23315.65,23266.42,23271.28,0,0
2017-11-16,16:00:00,23373.6,23424.76,23373.6,23403.19,0,0
2017-11-16,17:00:00,23403.8,23452.24,23403.8,23441.6,0,0
2017-11-16,18:00:00,23441.65,23469.86,23441.65,23464.82,0,0
2017-11-16,19:00:00,23464.46,23473.32,23459.46,23463.98,0,0
2017-11-16,20:00:00,23464.61,23480.97,23461.51,23472.6,0,0
2017-11-16,21:00:00,23470.86,23492.19,23463.62,23469.96,0,0
2017-11-16,22:00:00,23469.33,23473.75,23450.82,23458.36,0,0
2017-11-17,16:00:00,23412.9,23418.11,23364.58,23392.8,0,0
2017-11-17,17:00:00,23392.5,23416.39,23373.84,23386.79,0,0
2017-11-17,18:00:00,23386.77,23389.42,23357.03,23373.51,0,0
2017-11-17,19:00:00,23373.45,23379.03,23361.18,23376.07,0,0
2017-11-17,20:00:00,23375.73,23375.85,23361.7,23369.71,0,0
2017-11-17,21:00:00,23369.78,23375.42,23356.17,23367.68,0,0
2017-11-17,22:00:00,23370.4,23383.39,23356.91,23358.24,0,0
2017-11-20,16:00:00,23375.41,23417.7,23360.58,23417.7,0,0
2017-11-20,17:00:00,23414.36,23447,23412.3,23442.64,0,0
2017-11-20,18:00:00,23443.07,23455.53,23437.49,23452.49,0,0
2017-11-20,19:00:00,23452.36,23456.68,23434.67,23445.55,0,0
2017-11-20,20:00:00,23445.71,23455.56,23444.13,23454.74,0,0
2017-11-20,21:00:00,23453.91,23454.78,23440.5,23443.37,0,0
2017-11-20,22:00:00,23444.69,23450.19,23415.88,23430.33,0,0
2017-11-21,16:00:00,23515.06,23579.74,23515.06,23567.06,0,0
2017-11-21,17:00:00,23568.53,23598.43,23561.77,23596.93,0,0
2017-11-21,18:00:00,23597.7,23615.63,23594.12,23607.25,0,0
2017-11-21,19:00:00,23608.58,23616.9,23602.21,23609.8,0,0
2017-11-21,20:00:00,23609.58,23617.8,23605.97,23605.97,0,0
2017-11-21,21:00:00,23605.31,23606.84,23589.78,23597.53,0,0
2017-11-21,22:00:00,23600.09,23600.09,23577.96,23590.83,0,0
2017-11-22,16:00:00,23602.21,23605.72,23564.19,23579.69,0,0
2017-11-22,17:00:00,23572.55,23581.42,23553.91,23573.18,0,0
2017-11-22,18:00:00,23573.41,23575.88,23532.13,23536.53,0,0
2017-11-22,19:00:00,23535.97,23538.26,23507.61,23528.02,0,0
2017-11-22,20:00:00,23527.49,23528.14,23508,23526.91,0,0
2017-11-22,21:00:00,23526.95,23544.79,23526.76,23533.75,0,0
2017-11-22,22:00:00,23533.71,23545.23,23526.11,23526.18,0,0
2017-11-24,16:00:00,23563.16,23574.03,23552.67,23566.81,0,0
2017-11-24,17:00:00,23567.08,23582.11,23558.87,23579.47,0,0
2017-11-24,18:00:00,23578.75,23599.18,23575.14,23579.71,0,0
2017-11-24,19:00:00,23579.53,23586.59,23551.75,23558.28,0,0
2017-11-24,20:00:00,23559.92,23559.92,23557.99,23557.99,0,0
2017-11-27,16:00:00,23552.67,23614.78,23545.81,23602.66,0,0
2017-11-27,17:00:00,23606.97,23638.44,23596.34,23632.33,0,0
2017-11-27,18:00:00,23632.02,23632.56,23552.13,23592.06,0,0
2017-11-27,19:00:00,23593.02,23595.8,23579.73,23588.27,0,0
2017-11-27,20:00:00,23589.14,23595.81,23582.29,23593.52,0,0
2017-11-27,21:00:00,23593.54,23593.97,23577.93,23593.32,0,0
2017-11-27,22:00:00,23593.37,23597.7,23580.3,23580.78,0,0
2017-11-28,16:00:00,23621.3,23673.42,23620.04,23650.56,0,0
2017-11-28,17:00:00,23655.77,23669.89,23647.74,23668.31,0,0
2017-11-28,18:00:00,23668.54,23710.37,23658.79,23706.4,0,0
2017-11-28,19:00:00,23706.34,23754.82,23705.94,23752.47,0,0
2017-11-28,20:00:00,23756.41,23773.91,23676.81,23680.95,0,0
2017-11-28,21:00:00,23681.29,23783.03,23647.26,23779.39,0,0
2017-11-28,22:00:00,23778.1,23849.61,23772.96,23836.71,0,0
2017-11-29,16:00:00,23883.26,23959.49,23883.26,23950.08,0,0
2017-11-29,17:00:00,23947.24,23947.24,23899.43,23926.01,0,0
2017-11-29,18:00:00,23924.87,23933.36,23878.1,23883.33,0,0
2017-11-29,19:00:00,23886.11,23915.26,23872.59,23909.17,0,0
2017-11-29,20:00:00,23909.36,23920.11,23897.46,23915.39,0,0
2017-11-29,21:00:00,23915.82,23941.93,23914.54,23919.7,0,0
2017-11-29,22:00:00,23921.31,23949.76,23908.56,23940.68,0,0
2017-11-30,16:00:00,24013.8,24072.59,24013.8,24061.48,0,0
2017-11-30,17:00:00,24063.22,24101.13,24053.36,24101.13,0,0
2017-11-30,18:00:00,24103.69,24146.59,24102.2,24144.53,0,0
2017-11-30,19:00:00,24144.58,24327.82,24144.58,24285.88,0,0
2017-11-30,20:00:00,24285.71,24313.06,24226.31,24248,0,0
2017-11-30,21:00:00,24248.18,24277.42,24228.82,24234.55,0,0
2017-11-30,22:00:00,24233.34,24286.22,24201.7,24272.35,0,0
2017-12-01,16:00:00,24302.2,24314.08,24220.81,24246.53,0,0
2017-12-01,17:00:00,24228.77,24321.81,24201.67,24307.98,0,0
2017-12-01,18:00:00,24306.84,24313.29,23946.38,24135.58,0,0
2017-12-01,19:00:00,24126.66,24191.1,24112.73,24174.2,0,0
2017-12-01,20:00:00,24170.41,24210.78,24152.24,24193.58,0,0
2017-12-01,21:00:00,24193.9,24206.25,24168.3,24186.31,0,0
2017-12-01,22:00:00,24178.56,24247.33,24160.59,24231.59,0,0
2017-12-04,16:00:00,24437.41,24493.43,24418.09,24483.19,0,0
2017-12-04,17:00:00,24490.01,24534.04,24455.53,24472.13,0,0
2017-12-04,18:00:00,24473.8,24479.56,24428.33,24454.23,0,0
2017-12-04,19:00:00,24454.11,24462.9,24402.08,24428.98,0,0
2017-12-04,20:00:00,24428.66,24445.19,24414.04,24416.6,0,0
2017-12-04,21:00:00,24416.98,24416.98,24351.11,24377.85,0,0
2017-12-04,22:00:00,24376.32,24377.38,24288.26,24290.05,0,0
2017-12-05,16:00:00,24340.35,24340.66,24245.18,24251.1,0,0
2017-12-05,17:00:00,24252.44,24311.09,24250.75,24308.1,0,0
2017-12-05,18:00:00,24308.58,24327.82,24266.37,24267.54,0,0
2017-12-05,19:00:00,24267.39,24272.82,24233.09,24246.18,0,0
2017-12-05,20:00:00,24246.79,24277.49,24238.09,24270.99,0,0
2017-12-05,21:00:00,24271.1,24277.02,24192.76,24206.84,0,0
2017-12-05,22:00:00,24205.75,24211.54,24157.25,24180.64,0,0
2017-12-06,16:00:00,24171.9,24211.39,24145.03,24182.48,0,0
2017-12-06,17:00:00,24177,24214.51,24137.69,24214.51,0,0
2017-12-06,18:00:00,24210.33,24229.09,24174.82,24183.42,0,0
2017-12-06,19:00:00,24183.14,24185.79,24146.04,24175.21,0,0
2017-12-06,20:00:00,24177.26,24200.73,24167.55,24193.44,0,0
2017-12-06,21:00:00,24193.53,24208.73,24181.28,24191.46,0,0
2017-12-06,22:00:00,24189.08,24196.05,24134.49,24140.91,0,0
2017-12-07,16:00:00,24113.61,24203.44,24101.58,24203.44,0,0
2017-12-07,17:00:00,24204.62,24205.25,24174.16,24185.66,0,0
2017-12-07,18:00:00,24186.16,24241.42,24156.73,24239.53,0,0
2017-12-07,19:00:00,24240.85,24255.03,24220.84,24253.66,0,0
2017-12-07,20:00:00,24253.38,24262.82,24218.73,24228.74,0,0
2017-12-07,21:00:00,24225.25,24234.81,24167.27,24201.9,0,0
2017-12-07,22:00:00,24201.83,24222.06,24179.91,24211.48,0,0
2017-12-08,16:00:00,24263.33,24285.64,24237.55,24265.6,0,0
2017-12-08,17:00:00,24264.87,24286.95,24225.5,24286.95,0,0
2017-12-08,18:00:00,24286.84,24300.94,24265.18,24282.3,0,0
2017-12-08,19:00:00,24281.83,24321.15,24281.64,24289.89,0,0
2017-12-08,20:00:00,24290,24314.36,24285.63,24302.67,0,0
2017-12-08,21:00:00,24302.6,24308.15,24282.49,24293.12,0,0
2017-12-08,22:00:00,24294.54,24330.12,24287.02,24329.16,0,0
2017-12-11,16:00:00,24334.7,24370.43,24314.74,24370.43,0,0
2017-12-11,17:00:00,24380.66,24385.33,24320.99,24323.44,0,0
2017-12-11,18:00:00,24325.02,24362.33,24320.16,24345.35,0,0
2017-12-11,19:00:00,24345.31,24370.94,24345.31,24367.03,0,0
2017-12-11,20:00:00,24367.22,24376.38,24357.3,24373.96,0,0
2017-12-11,21:00:00,24373.89,24376.19,24354.95,24363.2,0,0
2017-12-11,22:00:00,24362.72,24389.72,24346.24,24386.03,0,0
2017-12-12,16:00:00,24455.59,24499.96,24443.83,24486.8,0,0
2017-12-12,17:00:00,24487.62,24503.79,24463.59,24488.82,0,0
2017-12-12,18:00:00,24486.53,24531.31,24468.21,24524.38,0,0
2017-12-12,19:00:00,24524.58,24552.77,24499.22,24537.42,0,0
2017-12-12,20:00:00,24537.52,24549.78,24525.15,24530.99,0,0
2017-12-12,21:00:00,24531.11,24547.87,24524.5,24536.9,0,0
2017-12-12,22:00:00,24536.65,24548.33,24499.43,24504.8,0,0
2017-12-13,16:00:00,24521.71,24585.62,24518.3,24574.81,0,0
2017-12-13,17:00:00,24573.75,24620.11,24568.26,24617.24,0,0
2017-12-13,18:00:00,24617.43,24666.02,24610.02,24661.09,0,0
2017-12-13,19:00:00,24660.99,24660.99,24610.74,24619.65,0,0
2017-12-13,20:00:00,24619.74,24621,24584.86,24602.02,0,0
2017-12-13,21:00:00,24622.77,24655.83,24606.87,24644.03,0,0
2017-12-13,22:00:00,24646.23,24646.23,24585.43,24585.43,0,0
2017-12-14,16:00:00,24629.91,24672.48,24629.27,24642.78,0,0
2017-12-14,17:00:00,24646.8,24649.06,24611.08,24614.62,0,0
2017-12-14,18:00:00,24612.75,24627.59,24583.19,24625.36,0,0
2017-12-14,19:00:00,24624.28,24624.8,24568.75,24576.66,0,0
2017-12-14,20:00:00,24575.75,24589.1,24555.32,24557.1,0,0
2017-12-14,21:00:00,24557.82,24569.73,24518.75,24546.74,0,0
2017-12-14,22:00:00,24547.88,24576.67,24508.66,24508.66,0,0
2017-12-15,16:00:00,24586.91,24654.21,24586.91,24609.39,0,0
2017-12-15,17:00:00,24606.15,24661.46,24604.75,24621.58,0,0
2017-12-15,18:00:00,24623.59,24674.21,24617.83,24658.84,0,0
2017-12-15,19:00:00,24658.87,24670.38,24648.19,24658.71,0,0
2017-12-15,20:00:00,24658.56,24666.58,24645.05,24665.18,0,0
2017-12-15,21:00:00,24665.17,24677.34,24658.58,24668.04,0,0
2017-12-15,22:00:00,24668.37,24688.6,24618.83,24651.74,0,0
2017-12-18,16:00:00,24750.03,24875.68,24750.03,24849.24,0,0
2017-12-18,17:00:00,24852.97,24858.49,24808.19,24822.97,0,0
2017-12-18,18:00:00,24822.58,24845.28,24813.22,24838.03,0,0
2017-12-18,19:00:00,24838.17,24844.56,24815.12,24820.89,0,0
2017-12-18,20:00:00,24820.71,24821.11,24777.43,24783.65,0,0
2017-12-18,21:00:00,24782.56,24804.63,24772.93,24803.4,0,0
2017-12-18,22:00:00,24802.95,24813.56,24786.87,24792.2,0,0
2017-12-19,16:00:00,24833.72,24847.93,24725.29,24768.58,0,0
2017-12-19,17:00:00,24766.59,24782.92,24715.6,24737.49,0,0
2017-12-19,18:00:00,24739.08,24766.33,24723.06,24743.49,0,0
2017-12-19,19:00:00,24742.58,24768.79,24735.56,24768.77,0,0
2017-12-19,20:00:00,24768.74,24792.47,24768.74,24773.81,0,0
2017-12-19,21:00:00,24773.37,24794.53,24759.77,24769.73,0,0
2017-12-19,22:00:00,24769.92,24789.22,24747.57,24754.75,0,0
2017-12-20,16:00:00,24839.85,24852.44,24746.02,24791.99,0,0
2017-12-20,17:00:00,24799.3,24811.22,24721.45,24750.96,0,0
2017-12-20,18:00:00,24752.31,24784.74,24743.18,24755.96,0,0
2017-12-20,19:00:00,24755.7,24775,24740.66,24760.43,0,0
2017-12-20,20:00:00,24761.98,24777.08,24758.78,24766.08,0,0
2017-12-20,21:00:00,24766.22,24768.79,24697.11,24718.79,0,0
2017-12-20,22:00:00,24717.46,24748.05,24717.46,24726.65,0,0
2017-12-21,16:00:00,24775.41,24812.8,24766.57,24804.82,0,0
2017-12-21,17:00:00,24796.64,24850.64,24796.64,24829.86,0,0
2017-12-21,18:00:00,24830.76,24849.35,24824.15,24834.33,0,0
2017-12-21,19:00:00,24834.17,24840.64,24819.74,24839.01,0,0
2017-12-21,20:00:00,24839.02,24848.64,24827.87,24831.04,0,0
2017-12-21,21:00:00,24831.62,24831.62,24805.25,24825.3,0,0
2017-12-21,22:00:00,24822.01,24825.65,24773.14,24782.29,0,0
2017-12-22,16:00:00,24770.62,24784.15,24744.55,24769.44,0,0
2017-12-22,17:00:00,24772.42,24781.33,24749.04,24750.28,0,0
2017-12-22,18:00:00,24750.22,24756.23,24719.41,24734.68,0,0
2017-12-22,19:00:00,24734.48,24747.8,24721.02,24726.64,0,0
2017-12-22,20:00:00,24725.87,24740.89,24722.39,24736.47,0,0
2017-12-22,21:00:00,24736.43,24755.23,24725.48,24748.4,0,0
2017-12-22,22:00:00,24749.53,24762.64,24743.13,24754.06,0,0
2017-12-26,16:00:00,24709.53,24778.13,24708.42,24756.61,0,0
2017-12-26,17:00:00,24757.68,24774.05,24744.86,24744.98,0,0
2017-12-26,18:00:00,24744.78,24757.17,24734.97,24740.22,0,0
2017-12-26,19:00:00,24741.79,24742.41,24719.29,24725.21,0,0
2017-12-26,20:00:00,24725.27,24736.03,24716.6,24725.41,0,0
2017-12-26,21:00:00,24725.31,24737.61,24716.92,24736.41,0,0
2017-12-26,22:00:00,24736.42,24749.13,24721.45,24746.21,0,0
2017-12-27,16:00:00,24766.14,24766.14,24731.97,24736.91,0,0
2017-12-27,17:00:00,24735.59,24784.88,24735.59,24783.29,0,0
2017-12-27,18:00:00,24783.74,24789.41,24763.83,24769.4,0,0
2017-12-27,19:00:00,24768.7,24775.33,24760.48,24768.78,0,0
2017-12-27,20:00:00,24768.58,24776.25,24759.16,24774.42,0,0
2017-12-27,21:00:00,24774.54,24774.54,24751.84,24759.46,0,0
2017-12-27,22:00:00,24759.53,24774.54,24747.31,24774.3,0,0
2017-12-28,16:00:00,24807.15,24831.27,24799.71,24811.99,0,0
2017-12-28,17:00:00,24812.2,24829.11,24800.98,24821.19,0,0
2017-12-28,18:00:00,24823.87,24823.87,24808.93,24811.3,0,0
2017-12-28,19:00:00,24811.44,24813.18,24797.13,24804.25,0,0
2017-12-28,20:00:00,24804.87,24812.88,24799.79,24811.51,0,0
2017-12-28,21:00:00,24811.54,24823.76,24805.76,24819.48,0,0
2017-12-28,22:00:00,24817.05,24839.23,24810.91,24837.51,0,0
2017-12-29,16:00:00,24860.78,24871.54,24829.41,24838.15,0,0
2017-12-29,17:00:00,24838.67,24838.67,24796.81,24805.53,0,0
2017-12-29,18:00:00,24806.37,24833.07,24791.82,24826.12,0,0
2017-12-29,19:00:00,24826.05,24828.58,24810.17,24815,0,0
2017-12-29,20:00:00,24815.26,24817.7,24789.76,24798.39,0,0
2017-12-29,21:00:00,24798.38,24808.67,24795.21,24805.2,0,0
2017-12-29,22:00:00,24804.14,24822.22,24719.22,24719.22,0,0
2018-01-02,16:00:00,24809.35,24864.19,24786.62,24827.94,0,0
2018-01-02,17:00:00,24827.9,24846.02,24775.22,24787.1,0,0
2018-01-02,18:00:00,24786.8,24799.16,24741.7,24764.15,0,0
2018-01-02,19:00:00,24764.17,24776.24,24753.3,24759.94,0,0
2018-01-02,20:00:00,24759.39,24790.84,24758.4,24778.98,0,0
2018-01-02,21:00:00,24778.59,24784.33,24769.58,24783.72,0,0
2018-01-02,22:00:00,24783.4,24825.7,24777.03,24824.01,0,0
2018-01-03,16:00:00,24850.45,24882.18,24825.55,24874.6,0,0
2018-01-03,17:00:00,24873.92,24909.55,24866.69,24876.72,0,0
2018-01-03,18:00:00,24876.92,24884.04,24854.36,24860.25,0,0
2018-01-03,19:00:00,24860.28,24901.81,24859.96,24897.91,0,0
2018-01-03,20:00:00,24897.85,24906.01,24859.69,24864.97,0,0
2018-01-03,21:00:00,24864.78,24891.42,24861.77,24891.42,0,0
2018-01-03,22:00:00,24891.69,24941.92,24884.87,24922.68,0,0
2018-01-04,16:00:00,24964.86,25072.59,24963.27,25069.01,0,0
2018-01-04,17:00:00,25069.47,25105.96,25056.43,25081.12,0,0
2018-01-04,18:00:00,25081.09,25089.93,25042.84,25052.65,0,0
2018-01-04,19:00:00,25052.82,25079.88,25049.87,25073.43,0,0
2018-01-04,20:00:00,25073.33,25086.01,25059.88,25084.37,0,0
2018-01-04,21:00:00,25084.48,25092.38,25071.1,25088.99,0,0
2018-01-04,22:00:00,25085.96,25093.54,25063.08,25075.13,0,0
2018-01-05,16:00:00,25114.92,25155.71,25112.01,25135.72,0,0
2018-01-05,17:00:00,25130.35,25150.12,25112.65,25133.32,0,0
2018-01-05,18:00:00,25133.24,25178.86,25127.67,25161.57,0,0
2018-01-05,19:00:00,25161.96,25182.46,25150.21,25162.11,0,0
2018-01-05,20:00:00,25162.07,25185.33,25160.44,25181.28,0,0
2018-01-05,21:00:00,25181.37,25228.57,25171.85,25213.86,0,0
2018-01-05,22:00:00,25213.77,25299.79,25211.14,25295.87,0,0
2018-01-08,16:00:00,25308.4,25308.61,25236.98,25263.28,0,0
2018-01-08,17:00:00,25262.64,25267.97,25235.41,25260.55,0,0
2018-01-08,18:00:00,25260.31,25291.15,25251.61,25259.02,0,0
2018-01-08,19:00:00,25259.27,25276.45,25253.96,25275.32,0,0
2018-01-08,20:00:00,25275.07,25311.99,25275.07,25299.05,0,0
2018-01-08,21:00:00,25298.96,25305.34,25289.86,25299.16,0,0
2018-01-08,22:00:00,25299.39,25301.22,25265.93,25283,0,0
2018-01-09,16:00:00,25312.05,25361.18,25308.41,25334.54,0,0
2018-01-09,17:00:00,25334.89,25384.73,25324.84,25343.72,0,0
2018-01-09,18:00:00,25343.76,25406.43,25341.81,25398.65,0,0
2018-01-09,19:00:00,25400.01,25411.01,25387.03,25406.03,0,0
2018-01-09,20:00:00,25406.23,25438.6,25405.41,25437.93,0,0
2018-01-09,21:00:00,25437.85,25439.78,25399.68,25415.38,0,0
2018-01-09,22:00:00,25415.2,25428.38,25374.83,25385.8,0,0
2018-01-10,16:00:00,25348.13,25348.13,25256.99,25288.08,0,0
2018-01-10,17:00:00,25291.64,25367.56,25280.33,25335.25,0,0
2018-01-10,18:00:00,25335.65,25383.67,25335.65,25365.26,0,0
2018-01-10,19:00:00,25365.04,25389.36,25353.59,25388.56,0,0
2018-01-10,20:00:00,25388.65,25404.92,25375.02,25392.23,0,0
2018-01-10,21:00:00,25392.82,25396.19,25333.58,25342.06,0,0
2018-01-10,22:00:00,25342.08,25373.9,25332.57,25369.13,0,0
2018-01-11,16:00:00,25398.6,25456.58,25396.19,25453.78,0,0
2018-01-11,17:00:00,25455.78,25478.83,25442.66,25477.38,0,0
2018-01-11,18:00:00,25477.3,25496.56,25466.21,25482.94,0,0
2018-01-11,19:00:00,25482.89,25527.51,25479.93,25516.81,0,0
2018-01-11,20:00:00,25516.74,25524.17,25505.57,25507.71,0,0
2018-01-11,21:00:00,25507.51,25516.78,25501.32,25514.63,0,0
2018-01-11,22:00:00,25514.42,25575.42,25510.94,25574.73,0,0
2018-01-12,16:00:00,25638.39,25747.89,25633.08,25735.5,0,0
2018-01-12,17:00:00,25738.4,25788.89,25709.55,25774.57,0,0
2018-01-12,18:00:00,25774.55,25785.49,25748.6,25783.29,0,0
2018-01-12,19:00:00,25783.73,25789.79,25734.59,25759.39,0,0
2018-01-12,20:00:00,25759.44,25782.33,25748.22,25773.09,0,0
2018-01-12,21:00:00,25773.33,25780.66,25752.09,25776.77,0,0
2018-01-12,22:00:00,25776.31,25810.43,25743.34,25803.19,0,0
2018-01-16,16:00:00,25987.62,26083.31,25987.62,26081.93,0,0
2018-01-16,17:00:00,26083.44,26086.12,25944.56,25947.16,0,0
2018-01-16,18:00:00,25947.54,25973.49,25918.37,25957.89,0,0
2018-01-16,19:00:00,25958.07,25983.09,25918.97,25925.33,0,0
2018-01-16,20:00:00,25925.02,25937.71,25851.58,25860.53,0,0
2018-01-16,21:00:00,25859.84,25868.08,25702.99,25730.95,0,0
2018-01-16,22:00:00,25731.4,25830.72,25730.95,25792.86,0,0
2018-01-17,16:00:00,25910.78,25952.23,25865.02,25871.79,0,0
2018-01-17,17:00:00,25871.25,25935.78,25867.96,25919.61,0,0
2018-01-17,18:00:00,25919.64,25973.83,25893.52,25970.35,0,0
2018-01-17,19:00:00,25971.02,26032.65,25969.96,26026.24,0,0
2018-01-17,20:00:00,26025.72,26056.94,26022.17,26044.73,0,0
2018-01-17,21:00:00,26044.71,26088.63,26043.84,26081,0,0
2018-01-17,22:00:00,26081.25,26130.45,26077.3,26115.65,0,0
2018-01-18,16:00:00,26149.55,26153.42,26077.52,26099.28,0,0
2018-01-18,17:00:00,26099.52,26101.78,26012.01,26023.35,0,0
2018-01-18,18:00:00,26023.27,26064.81,25947.32,25988.89,0,0
2018-01-18,19:00:00,25989.18,26033.23,25984.67,26015.59,0,0
2018-01-18,20:00:00,26015.11,26051.9,25994.81,26045.26,0,0
2018-01-18,21:00:00,26044.46,26078.81,26043.91,26063.43,0,0
2018-01-18,22:00:00,26062.98,26069.79,26001.65,26017.81,0,0
2018-01-19,16:00:00,25987.35,26052.32,25987.35,26015.5,0,0
2018-01-19,17:00:00,26015.64,26028.82,25966.1,25990.07,0,0
2018-01-19,18:00:00,25990.21,25996.84,25942.83,25954.48,0,0
2018-01-19,19:00:00,25954.75,25989.78,25954.13,25972.43,0,0
2018-01-19,20:00:00,25972.57,25980.3,25948.52,25969.93,0,0
2018-01-19,21:00:00,25969.66,26032.16,25969.18,26020.15,0,0
2018-01-19,22:00:00,26020.33,26071.72,26010.35,26071.72,0,0
2018-01-22,16:00:00,25993.46,26054.09,25978.47,26053.37,0,0
2018-01-22,17:00:00,26056.28,26112.49,26046.79,26059.25,0,0
2018-01-22,18:00:00,26048.2,26094.24,26041.73,26094.24,0,0
2018-01-22,19:00:00,26097.09,26164.02,26091.73,26143.45,0,0
2018-01-22,20:00:00,26141.29,26149.72,26124.93,26138.16,0,0
2018-01-22,21:00:00,26141.15,26150.19,26115.25,26133.36,0,0
2018-01-22,22:00:00,26130.51,26214.6,26130.51,26214.6,0,0
2018-01-23,16:00:00,26210.94,26238.04,26150.73,26176.2,0,0
2018-01-23,17:00:00,26162.76,26242.64,26162.76,26236.69,0,0
2018-01-23,18:00:00,26235.16,26243.8,26189.36,26192.84,0,0
2018-01-23,19:00:00,26191.43,26204.93,26175.6,26201.09,0,0
2018-01-23,20:00:00,26199.95,26228.33,26192.54,26228.03,0,0
2018-01-23,21:00:00,26227.67,26229.48,26181.15,26210.54,0,0
2018-01-23,22:00:00,26210.64,26232.98,26192.9,26210.81,0,0
2018-01-24,16:00:00,26282.07,26373.75,26280.97,26366.68,0,0
2018-01-24,17:00:00,26367.19,26392.8,26351.31,26363.9,0,0
2018-01-24,18:00:00,26363.34,26380.77,26233.9,26272.65,0,0
2018-01-24,19:00:00,26273.57,26293.43,26195.36,26207,0,0
2018-01-24,20:00:00,26206.91,26243.47,26106.94,26218.59,0,0
2018-01-24,21:00:00,26218.96,26282.22,26212.06,26260.97,0,0
2018-01-24,22:00:00,26261.12,26304.58,26244.47,26252.12,0,0
2018-01-25,16:00:00,26313.06,26385.68,26259.72,26302.65,0,0
2018-01-25,17:00:00,26301.07,26373.54,26267.7,26342.65,0,0
2018-01-25,18:00:00,26343.85,26434.26,26333.86,26413.69,0,0
2018-01-25,19:00:00,26413.61,26458.25,26404.11,26416.4,0,0
2018-01-25,20:00:00,26416.02,26437.3,26385.01,26418.35,0,0
2018-01-25,21:00:00,26418.42,26427.31,26312.93,26321.96,0,0
2018-01-25,22:00:00,26321.46,26398.68,26293.37,26392.79,0,0
2018-01-26,16:00:00,26466.74,26478.33,26425.35,26472.35,0,0
2018-01-26,17:00:00,26472.01,26497.13,26435.34,26462.37,0,0
2018-01-26,18:00:00,26461.91,26497.05,26458.7,26471.45,0,0
2018-01-26,19:00:00,26471.54,26512.13,26464.6,26505.9,0,0
2018-01-26,20:00:00,26505.98,26529.44,26503.15,26522.74,0,0
2018-01-26,21:00:00,26522.35,26524.59,26500.21,26519.72,0,0
2018-01-26,22:00:00,26519.59,26616.71,26517.14,26616.71,0,0
2018-01-29,16:00:00,26584.28,26608.9,26558.91,26581.19,0,0
2018-01-29,17:00:00,26582.72,26585.84,26484.68,26504.04,0,0
2018-01-29,18:00:00,26505.47,26554.24,26453.75,26513.3,0,0
2018-01-29,19:00:00,26513.2,26544.24,26486.71,26535.21,0,0
2018-01-29,20:00:00,26535.84,26553.48,26526,26536.94,0,0
2018-01-29,21:00:00,26536.99,26550.51,26480.41,26511.75,0,0
2018-01-29,22:00:00,26512.88,26536.29,26435.34,26439.48,0,0
2018-01-30,16:00:00,26198.45,26256.99,26134.94,26145.05,0,0
2018-01-30,17:00:00,26142.82,26213.08,26087.38,26188.35,0,0
2018-01-30,18:00:00,26188.37,26215.8,26104.51,26104.94,0,0
2018-01-30,19:00:00,26107.84,26132.37,26068.96,26091,0,0
2018-01-30,20:00:00,26091.15,26103.58,26028.42,26087.89,0,0
2018-01-30,21:00:00,26087.96,26123.94,26052.12,26060.81,0,0
2018-01-30,22:00:00,26060.73,26147.69,26050.11,26076.89,0,0
2018-01-31,16:00:00,26268.17,26338.03,26254.99,26275.14,0,0
2018-01-31,17:00:00,26275.18,26301.09,26205.13,26219.76,0,0
2018-01-31,18:00:00,26219.62,26235.39,26184.63,26189.49,0,0
2018-01-31,19:00:00,26189.6,26235.71,26183.1,26223.15,0,0
2018-01-31,20:00:00,26223.09,26249.64,26214.58,26218.54,0,0
2018-01-31,21:00:00,26219.04,26261.81,26050.98,26104.53,0,0
2018-01-31,22:00:00,26104.11,26203.13,26051.66,26149.39,0,0
2018-02-01,16:00:00,26083.04,26175.33,26014.44,26134.48,0,0
2018-02-01,17:00:00,26138.02,26164.21,26084.02,26120.4,0,0
2018-02-01,18:00:00,26120.19,26272.68,26119.56,26270.56,0,0
2018-02-01,19:00:00,26271.27,26306.7,26260.2,26273.55,0,0
2018-02-01,20:00:00,26273.44,26304.75,26179.38,26190.35,0,0
2018-02-01,21:00:00,26189.25,26201.85,26098.41,26192.15,0,0
2018-02-01,22:00:00,26192.41,26210.63,26087.34,26186.71,0,0
2018-02-02,16:00:00,26061.79,26061.79,25921.17,25929.76,0,0
2018-02-02,17:00:00,25929.71,25949.4,25830.32,25908.95,0,0
2018-02-02,18:00:00,25909.65,25911.11,25781.91,25787.83,0,0
2018-02-02,19:00:00,25784.45,25859.17,25759.84,25798.91,0,0
2018-02-02,20:00:00,25798.64,25813.86,25723.7,25746.64,0,0
2018-02-02,21:00:00,25746.78,25749.58,25587.41,25608.24,0,0
2018-02-02,22:00:00,25608.38,25656.96,25490.66,25520.96,0,0
2018-02-05,16:00:00,25337.87,25345.92,25165.6,25318.62,0,0
2018-02-05,17:00:00,25319.45,25520.21,25290.09,25491.42,0,0
2018-02-05,18:00:00,25489.27,25520.53,25316.91,25378.37,0,0
2018-02-05,19:00:00,25378.77,25380.72,25208.45,25246.97,0,0
2018-02-05,20:00:00,25245.53,25245.53,25026.58,25199.27,0,0
2018-02-05,21:00:00,25198.16,25199.55,24754.23,24758.77,0,0
2018-02-05,22:00:00,24758.37,24793.73,23923.88,24345.75,0,0
2018-02-06,16:00:00,24085.17,24712.86,23778.74,24511.03,0,0
2018-02-06,17:00:00,24520.63,24651.53,24109.65,24314.01,0,0
2018-02-06,18:00:00,24316.16,24415.07,24148.94,24322.12,0,0
2018-02-06,19:00:00,24323.23,24605.98,24323.23,24471.62,0,0
2018-02-06,20:00:00,24472.4,24481.15,24247.96,24268.84,0,0
2018-02-06,21:00:00,24268.83,24680.79,24206.12,24666.85,0,0
2018-02-06,22:00:00,24665.7,24946.23,24658.04,24912.77,0,0
2018-02-07,16:00:00,24821.82,25054.81,24800.48,25048.25,0,0
2018-02-07,17:00:00,25032.54,25171.27,25013.01,25152.75,0,0
2018-02-07,18:00:00,25163.6,25290.83,25133.93,25239.07,0,0
2018-02-07,19:00:00,25219.74,25244.54,25090.93,25102.83,0,0
2018-02-07,20:00:00,25127.62,25148.08,24909.27,25066.83,0,0
2018-02-07,21:00:00,25066.27,25096.75,24901.96,25005.96,0,0
2018-02-07,22:00:00,25006.96,25185.56,24887.15,24893.35,0,0
2018-02-08,16:00:00,24902.3,24903.68,24681.06,24759.7,0,0
2018-02-08,17:00:00,24760.32,24812.26,24500.81,24552.1,0,0
2018-02-08,18:00:00,24560.65,24654.98,24425.04,24521.29,0,0
2018-02-08,19:00:00,24521.14,24559.15,24213.37,24303.47,0,0
2018-02-08,20:00:00,24304.76,24540.38,24223.95,24480.25,0,0
2018-02-08,21:00:00,24475.22,24509.51,24242.7,24290.52,0,0
2018-02-08,22:00:00,24301.68,24370.57,23849.23,23860.46,0,0
2018-02-09,16:00:00,24030.64,24209.5,23984.59,24095.58,0,0
2018-02-09,17:00:00,24113.39,24136.59,23642.17,23860.76,0,0
2018-02-09,18:00:00,23862.65,23983.43,23704.14,23712.46,0,0
2018-02-09,19:00:00,23710.75,23738.91,23458.17,23663.38,0,0
2018-02-09,20:00:00,23667.5,23716.65,23360.41,23602.56,0,0
2018-02-09,21:00:00,23596.02,24089.41,23596.02,23887.57,0,0
2018-02-09,22:00:00,23880.81,24382.14,23712.08,24190.9,0,0
2018-02-12,16:00:00,24337.76,24559.85,24337.76,24427.94,0,0
2018-02-12,17:00:00,24428.17,24509.28,24290.48,24412.57,0,0
2018-02-12,18:00:00,24410.81,24557.31,24349.5,24557.31,0,0
2018-02-12,19:00:00,24562.81,24645.66,24530.37,24590.84,0,0
2018-02-12,20:00:00,24608.84,24738.97,24566.86,24710.79,0,0
2018-02-12,21:00:00,24715.16,24738.73,24641,24671.67,0,0
2018-02-12,22:00:00,24676.07,24763.81,24532.61,24601.27,0,0
2018-02-13,16:00:00,24540.33,24540.33,24421.56,24469,0,0
2018-02-13,17:00:00,24473.3,24568.73,24454.07,24545.37,0,0
2018-02-13,18:00:00,24537.14,24552.04,24461.55,24516.48,0,0
2018-02-13,19:00:00,24516.6,24536.3,24458.55,24483.46,0,0
2018-02-13,20:00:00,24483.21,24673.24,24483.21,24647.61,0,0
2018-02-13,21:00:00,24647.97,24705.72,24609.12,24666.83,0,0
2018-02-13,22:00:00,24666.69,24701.3,24619.27,24640.45,0,0
2018-02-14,16:00:00,24531.73,24613.2,24491.68,24546.98,0,0
2018-02-14,17:00:00,24548.05,24718.65,24516.13,24663.39,0,0
2018-02-14,18:00:00,24668.29,24708.34,24620.63,24624.97,0,0
2018-02-14,19:00:00,24622.57,24740.96,24608.03,24727.22,0,0
2018-02-14,20:00:00,24726.02,24834.8,24719.64,24806.69,0,0
2018-02-14,21:00:00,24806.67,24865.28,24767.32,24846.9,0,0
2018-02-14,22:00:00,24846.6,24925.95,24846.6,24893.49,0,0
2018-02-15,16:00:00,25060.29,25119.72,25037.83,25109.67,0,0
2018-02-15,17:00:00,25114.79,25119.38,24869.55,24869.55,0,0
2018-02-15,18:00:00,24871.97,24998.53,24809.42,24973.89,0,0
2018-02-15,19:00:00,24973.31,25020.29,24946.1,25013.97,0,0
2018-02-15,20:00:00,25016.36,25096.85,25016.36,25072.87,0,0
2018-02-15,21:00:00,25071.57,25137.93,25067.42,25111.04,0,0
2018-02-15,22:00:00,25111.95,25203.47,25101.87,25200.37,0,0
2018-02-16,16:00:00,25167.18,25279.2,25151.3,25196.74,0,0
2018-02-16,17:00:00,25199.4,25310.07,25160.12,25277.91,0,0
2018-02-16,18:00:00,25272.2,25382,25272.2,25370.8,0,0
2018-02-16,19:00:00,25370.48,25432.39,25314.18,25344.41,0,0
2018-02-16,20:00:00,25345.13,25366.56,25175.15,25247.4,0,0
2018-02-16,21:00:00,25247.12,25289.11,25163.6,25281.53,0,0
2018-02-16,22:00:00,25277.74,25326.02,25213.97,25219.38,0,0
2018-02-20,16:00:00,25109.9,25158.39,25062.42,25063.31,0,0
2018-02-20,17:00:00,25067.64,25101.72,24989.45,25021.04,0,0
2018-02-20,18:00:00,25028.19,25156.07,25013.12,25154.6,0,0
2018-02-20,19:00:00,25154.37,25178.89,25115.83,25141.15,0,0
2018-02-20,20:00:00,25139.29,25145.23,25044.31,25096.63,0,0
2018-02-20,21:00:00,25100.95,25106.27,24978.19,24978.19,0,0
2018-02-20,22:00:00,24977.38,25005.46,24884.19,24964.75,0,0
2018-02-21,16:00:00,24990.95,25092.44,24964.42,25032.02,0,0
2018-02-21,17:00:00,25029.01,25107.08,25004.98,25096.93,0,0
2018-02-21,18:00:00,25101.09,25129.32,25054.98,25075.89,0,0
2018-02-21,19:00:00,25076.2,25113.15,25027.75,25107.38,0,0
2018-02-21,20:00:00,25109.62,25130.47,25085.94,25110.26,0,0
2018-02-21,21:00:00,25109.14,25257.62,25086.27,25120.98,0,0
2018-02-21,22:00:00,25105.34,25107.32,24794.52,24797.78,0,0
2018-02-22,16:00:00,24861.71,25024.03,24861.71,24907.94,0,0
2018-02-22,17:00:00,24934.39,25063.14,24890.8,25015.27,0,0
2018-02-22,18:00:00,25018.66,25146.67,25014.37,25132.12,0,0
2018-02-22,19:00:00,25138.56,25155.33,25011.89,25031.74,0,0
2018-02-22,20:00:00,25033.54,25074.21,24948.53,25008.32,0,0
2018-02-22,21:00:00,25007.3,25101.73,24953.18,24958.62,0,0
2018-02-22,22:00:00,24955.44,25029,24902.71,24962.48,0,0
2018-02-23,16:00:00,25050.51,25165.59,25050.51,25108.67,0,0
2018-02-23,17:00:00,25111.44,25127.21,25028.89,25090.32,0,0
2018-02-23,18:00:00,25091.63,25159.26,25091.04,25150.85,0,0
2018-02-23,19:00:00,25151.33,25157.37,25089.57,25107.86,0,0
2018-02-23,20:00:00,25107.2,25134.2,25073.51,25127.1,0,0
2018-02-23,21:00:00,25125.39,25209.54,25088.23,25197.66,0,0
2018-02-23,22:00:00,25196.21,25313.16,25196.21,25309.99,0,0
2018-02-26,16:00:00,25403.35,25549.3,25398.56,25517.42,0,0
2018-02-26,17:00:00,25517.68,25529.38,25439.6,25465.58,0,0
2018-02-26,18:00:00,25467.36,25558.56,25456.9,25531.82,0,0
2018-02-26,19:00:00,25532.38,25652.46,25531.8,25644.73,0,0
2018-02-26,20:00:00,25644.91,25680.16,25638.96,25650.99,0,0
2018-02-26,21:00:00,25650.86,25690.12,25623.59,25641.65,0,0
2018-02-26,22:00:00,25644.16,25731.46,25635.5,25709.27,0,0
2018-02-27,16:00:00,25735.78,25765.7,25682.94,25701.39,0,0
2018-02-27,17:00:00,25700.08,25799.53,25616.17,25623.62,0,0
2018-02-27,18:00:00,25649.27,25729.59,25625.09,25631.65,0,0
2018-02-27,19:00:00,25629.89,25690.23,25554.1,25679.93,0,0
2018-02-27,20:00:00,25691.47,25700.49,25595.94,25610.7,0,0
2018-02-27,21:00:00,25608,25622.36,25531.87,25568.21,0,0
2018-02-27,22:00:00,25565.36,25578.45,25407.9,25410.03,0,0
2018-02-28,16:00:00,25485.15,25576.12,25481.04,25570.34,0,0
2018-02-28,17:00:00,25573.2,25573.2,25398.1,25426.84,0,0
2018-02-28,18:00:00,25430.67,25444.43,25312.47,25392.88,0,0
2018-02-28,19:00:00,25397.33,25456.75,25346.52,25429.03,0,0
2018-02-28,20:00:00,25426.96,25439.86,25362.71,25439.13,0,0
2018-02-28,21:00:00,25438.93,25474.92,25267.15,25268.55,0,0
2018-02-28,22:00:00,25279.63,25293.37,25023.04,25029.2,0,0
2018-03-01,16:00:00,25024.04,25076.37,24877.68,24915.28,0,0
2018-03-01,17:00:00,24913.56,25183.1,24890.52,25003.15,0,0
2018-03-01,18:00:00,24997.88,25086.72,24961.99,25043.15,0,0
2018-03-01,19:00:00,25045.62,25045.62,24851.44,24869.13,0,0
2018-03-01,20:00:00,24855.4,24855.4,24577.85,24577.85,0,0
2018-03-01,21:00:00,24577.01,24594.44,24443.09,24551.98,0,0
2018-03-01,22:00:00,24549.76,24730.05,24483.97,24608.98,0,0
2018-03-02,16:00:00,24394.91,24414.46,24232.9,24294.7,0,0
2018-03-02,17:00:00,24290.84,24376.44,24233.95,24306.03,0,0
2018-03-02,18:00:00,24296.8,24443.03,24217.76,24443.03,0,0
2018-03-02,19:00:00,24441.15,24551.07,24385.93,24540.45,0,0
2018-03-02,20:00:00,24523.08,24532.56,24348.01,24424.18,0,0
2018-03-02,21:00:00,24426.14,24519.3,24403.13,24432.05,0,0
2018-03-02,22:00:00,24426.32,24592,24355.89,24538.06,0,0
2018-03-05,16:00:00,24455.85,24489.76,24392.81,24418.86,0,0
2018-03-05,17:00:00,24426.35,24557.41,24390.7,24557.41,0,0
2018-03-05,18:00:00,24554.29,24748.14,24542.41,24719.49,0,0
2018-03-05,19:00:00,24716.8,24783.47,24679.83,24783.47,0,0
2018-03-05,20:00:00,24782.94,24832.29,24763.3,24814.49,0,0
2018-03-05,21:00:00,24816.46,24886.6,24751.4,24885.42,0,0
2018-03-05,22:00:00,24885.18,24960.21,24871.18,24874.76,0,0
2018-03-06,16:00:00,24965.89,24993.69,24866.55,24909.96,0,0
2018-03-06,17:00:00,24903.17,24927.9,24774.55,24791.35,0,0
2018-03-06,18:00:00,24790.74,24803.71,24709.08,24778.86,0,0
2018-03-06,19:00:00,24778.09,24895.55,24724.25,24895.55,0,0
2018-03-06,20:00:00,24900.76,24955.68,24836.91,24855.84,0,0
2018-03-06,21:00:00,24855.85,24936.22,24830.59,24903.95,0,0
2018-03-06,22:00:00,24896.44,24911.78,24841.27,24884.12,0,0
2018-03-07,16:00:00,24735.09,24755.25,24573.44,24687.15,0,0
2018-03-07,17:00:00,24677.15,24817.46,24657.17,24790.25,0,0
2018-03-07,18:00:00,24789.46,24795.77,24598.42,24598.42,0,0
2018-03-07,19:00:00,24606.14,24627.19,24539.96,24609.45,0,0
2018-03-07,20:00:00,24602.06,24676.64,24536.2,24642.99,0,0
2018-03-07,21:00:00,24645.69,24735.84,24618.98,24687.69,0,0
2018-03-07,22:00:00,24687.56,24849.68,24684.71,24801.36,0,0
2018-03-08,16:00:00,24850.63,24950.49,24850.63,24879.64,0,0
2018-03-08,17:00:00,24881.09,24893.07,24779.49,24816.94,0,0
2018-03-08,18:00:00,24818.49,24879.99,24762.32,24800.43,0,0
2018-03-08,19:00:00,24799.28,24813.33,24713.33,24760.04,0,0
2018-03-08,20:00:00,24762.91,24797.2,24703.52,24760.3,0,0
2018-03-08,21:00:00,24761.12,24841.2,24725.11,24839.71,0,0
2018-03-08,22:00:00,24840.27,24907.89,24781.96,24895.21,0,0
2018-03-09,16:00:00,25015.18,25075.68,25012.87,25058.9,0,0
2018-03-09,17:00:00,25060.9,25177.28,25040.31,25147.51,0,0
2018-03-09,18:00:00,25147.56,25194.8,25140.69,25169.87,0,0
2018-03-09,19:00:00,25173.63,25247.31,25173.63,25219.61,0,0
2018-03-09,20:00:00,25220.85,25281.45,25220.85,25270.03,0,0
2018-03-09,21:00:00,25271.82,25299.42,25243.62,25271.64,0,0
2018-03-09,22:00:00,25271.74,25335.81,25251.44,25335.74,0,0
2018-03-12,15:00:00,25372.44,25448.93,25368.11,25415.17,0,0
2018-03-12,16:00:00,25416.23,25417.01,25253.18,25253.18,0,0
2018-03-12,17:00:00,25246.26,25279.72,25176.57,25221.49,0,0
2018-03-12,18:00:00,25227.65,25255.73,25185.77,25196.54,0,0
2018-03-12,19:00:00,25196.01,25241.59,25191.25,25219.3,0,0
2018-03-12,20:00:00,25218.85,25239.99,25152.53,25168.32,0,0
2018-03-12,21:00:00,25168.45,25280.27,25165.38,25178.61,0,0
2018-03-13,15:00:00,25257.75,25376.4,25257.75,25326.62,0,0
2018-03-13,16:00:00,25326.85,25358.01,25245.05,25260.39,0,0
2018-03-13,17:00:00,25266.1,25266.1,25178.89,25183.3,0,0
2018-03-13,18:00:00,25183.2,25214.08,25065.22,25190.9,0,0
2018-03-13,19:00:00,25193.83,25232.85,25114.22,25123.02,0,0
2018-03-13,20:00:00,25122.24,25173.27,25067.17,25086.37,0,0
2018-03-13,21:00:00,25085.21,25112.6,24947.5,25007.03,0,0
2018-03-14,15:00:00,25086.73,25129.71,25000.68,25041.47,0,0
2018-03-14,16:00:00,25041.52,25065.42,24919.01,24935.23,0,0
2018-03-14,17:00:00,24937.87,24950.81,24709.56,24722.18,0,0
2018-03-14,18:00:00,24726.41,24791.73,24668.83,24767.89,0,0
2018-03-14,19:00:00,24768.11,24905.62,24711.27,24878.47,0,0
2018-03-14,20:00:00,24879.35,24903.56,24725.95,24796.17,0,0
2018-03-14,21:00:00,24801.02,24804.18,24709.61,24758.12,0,0
2018-03-15,15:00:00,24845.22,24863.79,24753.99,24800.02,0,0
2018-03-15,16:00:00,24800.27,24884.92,24800.27,24863.69,0,0
2018-03-15,17:00:00,24864.53,25053.87,24864.05,24982.16,0,0
2018-03-15,18:00:00,24982.12,25017.38,24949.51,24968.37,0,0
2018-03-15,19:00:00,24967.2,24978.9,24826.18,24826.18,0,0
2018-03-15,20:00:00,24825.66,24877.81,24787.83,24877.81,0,0
2018-03-15,21:00:00,24877.13,24911.08,24847.63,24873.66,0,0
2018-03-16,15:00:00,24878.55,24980.55,24858.65,24953.35,0,0
2018-03-16,16:00:00,24951.17,24998.43,24919.5,24979.39,0,0
2018-03-16,17:00:00,24977.38,25030.44,24936.09,24956.25,0,0
2018-03-16,18:00:00,24957.76,25026.16,24954.36,25009.06,0,0
2018-03-16,19:00:00,25009.02,25020.08,24956.35,24962.82,0,0
2018-03-16,20:00:00,24962.73,24989.2,24938.21,24982.85,0,0
2018-03-16,21:00:00,24980.48,25007.55,24929.5,24946.51,0,0
2018-03-19,15:00:00,24860.13,24860.13,24733.71,24777.48,0,0
2018-03-19,16:00:00,24775.63,24782.47,24685.66,24708.7,0,0
2018-03-19,17:00:00,24704.21,24726.02,24608.11,24629.24,0,0
2018-03-19,18:00:00,24629.09,24649.19,24553.68,24583.16,0,0
2018-03-19,19:00:00,24580.03,24586.78,24464.51,24568.93,0,0
2018-03-19,20:00:00,24568.86,24590.15,24453.14,24532.67,0,0
2018-03-19,21:00:00,24534.15,24636.92,24489.4,24610.91,0,0
2018-03-20,15:00:00,24650.64,24766.82,24650.64,24707.35,0,0
2018-03-20,16:00:00,24705.75,24803.45,24683.66,24767.23,0,0
2018-03-20,17:00:00,24768.13,24783.56,24693.79,24730.05,0,0
2018-03-20,18:00:00,24729.74,24770.56,24712.19,24716.53,0,0
2018-03-20,19:00:00,24718.62,24731.95,24681.71,24695.63,0,0
2018-03-20,20:00:00,24695.46,24781.28,24675.35,24771.01,0,0
2018-03-20,21:00:00,24771.55,24797.86,24721.19,24727.27,0,0
2018-03-21,15:00:00,24723.49,24758.24,24680.9,24690.72,0,0
2018-03-21,16:00:00,24689.28,24722.72,24655.6,24700.58,0,0
2018-03-21,17:00:00,24701.78,24876.33,24690.46,24844.62,0,0
2018-03-21,18:00:00,24843.64,24876.59,24833.84,24868.87,0,0
2018-03-21,19:00:00,24868.19,24869.92,24808.71,24858.97,0,0
2018-03-21,20:00:00,24851.26,24975.06,24693.97,24735.05,0,0
2018-03-21,21:00:00,24732.58,24863.24,24681,24682.31,0,0
2018-03-22,15:00:00,24526.01,24526.01,24343.55,24413.12,0,0
2018-03-22,16:00:00,24412.23,24518.47,24278.93,24309.43,0,0
2018-03-22,17:00:00,24307.47,24350.5,24186.15,24207.05,0,0
2018-03-22,18:00:00,24209.67,24395.03,24175.49,24313.25,0,0
2018-03-22,19:00:00,24308.09,24452.66,24252.29,24422.65,0,0
2018-03-22,20:00:00,24419.83,24433.05,24198.78,24212.43,0,0
2018-03-22,21:00:00,24211.97,24266.62,23938.74,23957.89,0,0
2018-03-23,15:00:00,23995.18,24103.5,23954.15,24026.49,0,0
2018-03-23,16:00:00,24029.35,24097.4,23971.91,24079.57,0,0
2018-03-23,17:00:00,24079.71,24103.03,23835.09,23839.96,0,0
2018-03-23,18:00:00,23838.99,23979.84,23838.22,23881.57,0,0
2018-03-23,19:00:00,23878.27,24108.13,23861.57,24081.58,0,0
2018-03-23,20:00:00,24087.01,24108,23729.53,23755.99,0,0
2018-03-23,21:00:00,23734.29,23761.72,23509.23,23533.2,0,0
2018-03-26,16:00:00,23833.25,24043.49,23833.25,24001.23,0,0
2018-03-26,17:00:00,24001.57,24024.3,23833.06,23847.86,0,0
2018-03-26,18:00:00,23846.37,23900.39,23741.55,23868.85,0,0
2018-03-26,19:00:00,23868.78,23998.45,23839.09,23912.64,0,0
2018-03-26,20:00:00,23908.44,24019.68,23904.02,23951.51,0,0
2018-03-26,21:00:00,23955.09,24118.25,23953.94,24083.1,0,0
2018-03-26,22:00:00,24083.35,24232.13,24078.64,24202.6,0,0
2018-03-27,16:00:00,24281.06,24300.9,24161.44,24256.17,0,0
2018-03-27,17:00:00,24255.25,24329.37,24181.17,24287.43,0,0
2018-03-27,18:00:00,24287.52,24429.43,24224.14,24422.39,0,0
2018-03-27,19:00:00,24422.1,24445.89,24319.08,24364.74,0,0
2018-03-27,20:00:00,24372.4,24420.21,24198.75,24257.66,0,0
2018-03-27,21:00:00,24253.8,24299.9,24093.43,24096.22,0,0
2018-03-27,22:00:00,24096.9,24109.94,23713.48,23857.71,0,0
2018-03-28,16:00:00,23894.65,23995.53,23808.17,23948.86,0,0
2018-03-28,17:00:00,23948.52,23990.83,23729.9,23822.75,0,0
2018-03-28,18:00:00,23831.43,23931.44,23785.93,23880.88,0,0
2018-03-28,19:00:00,23894.07,24091.78,23871.1,23882.88,0,0
2018-03-28,20:00:00,23875.27,24015.83,23813.21,23957.98,0,0
2018-03-28,21:00:00,23964.57,23989.06,23861.98,23889.73,0,0
2018-03-28,22:00:00,23881.62,23954.89,23756.8,23848.42,0,0
2018-03-29,16:00:00,23949.18,24045.23,23933.8,23955.69,0,0
2018-03-29,17:00:00,23956.57,24084.39,23928.13,24082.41,0,0
2018-03-29,18:00:00,24095.42,24178.59,24068.51,24137.57,0,0
2018-03-29,19:00:00,24137.94,24147.21,24053.64,24092.35,0,0
2018-03-29,20:00:00,24092.66,24203.89,24046.96,24181.82,0,0
2018-03-29,21:00:00,24181.91,24274.05,24151.86,24242.17,0,0
2018-03-29,22:00:00,24242.14,24313.57,24103.11,24103.11,0,0
