Date,Time,Open,High,Low,Close,Volume,OpenInt
2017-09-05,16:00:00,9325.58,9329.61,9300.49,9328.16,0,0
2017-09-05,17:00:00,9331.46,9331.46,9289.29,9296.78,0,0
2017-09-05,18:00:00,9296.42,9330.27,9296.42,9317.78,0,0
2017-09-05,19:00:00,9316.02,9316.02,9259.75,9265.78,0,0
2017-09-05,20:00:00,9263.83,9303.42,9247.84,9297.91,0,0
2017-09-05,21:00:00,9297.84,9301.02,9275.48,9280.34,0,0
2017-09-05,22:00:00,9280.44,9289.41,9263.77,9267.42,0,0
2017-09-06,16:00:00,9252.77,9299.15,9237.91,9299.15,0,0
2017-09-06,17:00:00,9303.03,9345.56,9303.03,9315.24,0,0
2017-09-06,18:00:00,9318.44,9337.53,9316.82,9332.88,0,0
2017-09-06,19:00:00,9334.24,9337.72,9305.77,9309.18,0,0
2017-09-06,20:00:00,9308.84,9327.65,9297.11,9320.05,0,0
2017-09-06,21:00:00,9320.2,9341.76,9319.92,9323.07,0,0
2017-09-06,22:00:00,9321.4,9326.66,9308.66,9311.55,0,0
2017-09-07,16:00:00,9322.85,9356.01,9311.15,9322.73,0,0
2017-09-07,17:00:00,9327.02,9345.57,9309.9,9342.23,0,0
2017-09-07,18:00:00,9341.74,9344.53,9314.54,9321.73,0,0
2017-09-07,19:00:00,9321.75,9334.34,9318.33,9329.28,0,0
2017-09-07,20:00:00,9330.26,9349.44,9328.6,9347.49,0,0
2017-09-07,21:00:00,9346.42,9355.86,9336.47,9355.86,0,0
2017-09-07,22:00:00,9356.13,9356.75,9342.47,9344.23,0,0
2017-09-08,16:00:00,9336.5,9348.64,9296.33,9340.85,0,0
2017-09-08,17:00:00,9339.89,9360.47,9324.77,9357.44,0,0
2017-09-08,18:00:00,9359.87,9369.03,9350.54,9363.7,0,0
2017-09-08,19:00:00,9361.75,9379.98,9353.66,9379.58,0,0
2017-09-08,20:00:00,9378.9,9389.49,9373.72,9389.49,0,0
2017-09-08,21:00:00,9389.34,9398.82,9372.63,9377.85,0,0
2017-09-08,22:00:00,9378.22,9385.82,9372.04,9383.64,0,0
2017-09-11,16:00:00,9433.27,9460.55,9429.15,9448.76,0,0
2017-09-11,17:00:00,9450.25,9453.83,9427.38,9433.97,0,0
2017-09-11,18:00:00,9434.72,9440.32,9425.19,9437,0,0
2017-09-11,19:00:00,9438.08,9442.29,9428.9,9437.98,0,0
2017-09-11,20:00:00,9438.39,9462.94,9438.14,9458.01,0,0
2017-09-11,21:00:00,9459.75,9481.42,9458.26,9473.64,0,0
2017-09-11,22:00:00,9472.06,9482.75,9465.62,9482.57,0,0
2017-09-12,16:00:00,9481.84,9526,9480.16,9524.9,0,0
2017-09-12,17:00:00,9526.2,9537.86,9506.12,9527.76,0,0
2017-09-12,18:00:00,9527.26,9531.95,9516.82,9523.87,0,0
2017-09-12,19:00:00,9522,9542.08,9516.55,9541.69,0,0
2017-09-12,20:00:00,9541.46,9547.92,9533.13,9537.33,0,0
2017-09-12,21:00:00,9537.05,9545.16,9534.02,9544.48,0,0
2017-09-12,22:00:00,9544.52,9550.55,9538.5,9543.64,0,0
2017-09-13,16:00:00,9528.16,9535.93,9494.38,9494.38,0,0
2017-09-13,17:00:00,9495.5,9511.01,9483.39,9508.67,0,0
2017-09-13,18:00:00,9508.27,9516.9,9499.96,9508.4,0,0
2017-09-13,19:00:00,9507.56,9511.67,9496.68,9509.03,0,0
2017-09-13,20:00:00,9509.19,9520.67,9506.45,9516.64,0,0
2017-09-13,21:00:00,9516.94,9531.11,9515.46,9528.39,0,0
2017-09-13,22:00:00,9528.06,9531.79,9518.6,9531.79,0,0
2017-09-14,16:00:00,9499.65,9561.08,9492.96,9553.68,0,0
2017-09-14,17:00:00,9552.26,9556.14,9539.74,9553.44,0,0
2017-09-14,18:00:00,9551.02,9556.69,9531.84,9536.08,0,0
2017-09-14,19:00:00,9537.06,9543.97,9530.06,9531.11,0,0
2017-09-14,20:00:00,9529.01,9529.01,9520.52,9525.86,0,0
2017-09-14,21:00:00,9526.92,9530.93,9516.68,9517.78,0,0
2017-09-14,22:00:00,9515.97,9519.27,9502.06,9507.6,0,0
2017-09-15,16:00:00,9480.47,9509.26,9471.46,9499.92,0,0
2017-09-15,17:00:00,9501.19,9502.17,9486.51,9488.89,0,0
2017-09-15,18:00:00,9485.24,9502.65,9485.24,9498.01,0,0
2017-09-15,19:00:00,9497.61,9512.76,9497,9510.12,0,0
2017-09-15,20:00:00,9509.95,9517.29,9503.81,9512.41,0,0
2017-09-15,21:00:00,9510.22,9518.69,9507.97,9517.81,0,0
2017-09-15,22:00:00,9517.28,9545.73,9517.28,9545.73,0,0
2017-09-18,16:00:00,9560.85,9562.19,9530.08,9530.11,0,0
2017-09-18,17:00:00,9531.77,9547.15,9518.19,9540.26,0,0
2017-09-18,18:00:00,9539.02,9539.02,9522.06,9534.27,0,0
2017-09-18,19:00:00,9533.98,9545.82,9533.98,9540.1,0,0
2017-09-18,20:00:00,9540.53,9541.04,9527.31,9534.65,0,0
2017-09-18,21:00:00,9534.36,9536.29,9517.87,9523.42,0,0
2017-09-18,22:00:00,9523.65,9531,9510.16,9512.78,0,0
2017-09-19,16:00:00,9523.46,9543.41,9519.56,9532.42,0,0
2017-09-19,17:00:00,9535.47,9548.97,9510.1,9510.1,0,0
2017-09-19,18:00:00,9513.08,9514.08,9491.31,9507.29,0,0
2017-09-19,19:00:00,9507.32,9511.11,9487.44,9501.57,0,0
2017-09-19,20:00:00,9501.3,9511.65,9499.31,9507.89,0,0
2017-09-19,21:00:00,9509.16,9519.64,9503.48,9515.83,0,0
2017-09-19,22:00:00,9516.54,9525.26,9507.58,9507.58,0,0
2017-09-20,16:00:00,9520.17,9578.78,9517.51,9576.11,0,0
2017-09-20,17:00:00,9579.25,9634.18,9570.41,9634.18,0,0
2017-09-20,18:00:00,9640.35,9653.68,9632.28,9644.67,0,0
2017-09-20,19:00:00,9643.13,9653.75,9628.79,9637.62,0,0
2017-09-20,20:00:00,9636.82,9644.55,9626.81,9634.73,0,0
2017-09-20,21:00:00,9635.89,9636.8,9602.74,9634.6,0,0
2017-09-20,22:00:00,9632.81,9659.7,9630.1,9655.38,0,0
2017-09-21,16:00:00,9656.99,9659.79,9619.24,9643.13,0,0
2017-09-21,17:00:00,9646.48,9693.22,9642.62,9690.68,0,0
2017-09-21,18:00:00,9691.99,9698.15,9678.91,9685.77,0,0
2017-09-21,19:00:00,9685.93,9692.97,9678.07,9686.86,0,0
2017-09-21,20:00:00,9687.38,9687.93,9666.32,9670.89,0,0
2017-09-21,21:00:00,9671.68,9682.09,9668.84,9681.05,0,0
2017-09-21,22:00:00,9681.08,9682.2,9666.53,9671.13,0,0
2017-09-22,16:00:00,9675.8,9693.77,9652.39,9663.08,0,0
2017-09-22,17:00:00,9663.72,9695.02,9662.89,9685.23,0,0
2017-09-22,18:00:00,9685.29,9685.71,9666.03,9679.59,0,0
2017-09-22,19:00:00,9680.2,9702.13,9679.69,9697.18,0,0
2017-09-22,20:00:00,9697.61,9702.63,9692.75,9696.07,0,0
2017-09-22,21:00:00,9695.95,9708.67,9692.49,9703.91,0,0
2017-09-22,22:00:00,9703.13,9713.09,9701.9,9705.96,0,0
2017-09-25,16:00:00,9699.35,9724.33,9685.07,9692.11,0,0
2017-09-25,17:00:00,9694.98,9701.15,9671.34,9671.6,0,0
2017-09-25,18:00:00,9671.09,9687.85,9644.69,9672.37,0,0
2017-09-25,19:00:00,9674.44,9699.84,9661.1,9699.69,0,0
2017-09-25,20:00:00,9699.44,9702.06,9683.93,9700.15,0,0
2017-09-25,21:00:00,9700.15,9711.21,9695.1,9703.96,0,0
2017-09-25,22:00:00,9703.9,9720.93,9697.65,9714.86,0,0
2017-09-26,16:00:00,9725.28,9729.18,9705.93,9707.64,0,0
2017-09-26,17:00:00,9711.92,9746.99,9708.16,9730.9,0,0
2017-09-26,18:00:00,9732.34,9764.53,9731.67,9764.53,0,0
2017-09-26,19:00:00,9764.71,9775.61,9759.42,9761.44,0,0
2017-09-26,20:00:00,9761.54,9781.15,9756.16,9775.56,0,0
2017-09-26,21:00:00,9777.51,9793.59,9771.36,9791.71,0,0
2017-09-26,22:00:00,9791.59,9795.8,9776.35,9782.02,0,0
2017-09-27,16:00:00,9804.48,9837.7,9804,9835.98,0,0
2017-09-27,17:00:00,9833.16,9840.98,9787.92,9794.74,0,0
2017-09-27,18:00:00,9796.89,9819.54,9796.89,9810.42,0,0
2017-09-27,19:00:00,9811.44,9825.87,9806.18,9823.99,0,0
2017-09-27,20:00:00,9825.13,9836.16,9820.56,9835.01,0,0
2017-09-27,21:00:00,9835.62,9849.58,9820.98,9849.17,0,0
2017-09-27,22:00:00,9849.6,9859.44,9835.22,9841.44,0,0
2017-09-28,16:00:00,9827.31,9873.06,9826.89,9853.88,0,0
2017-09-28,17:00:00,9855.13,9892.29,9847.56,9878.38,0,0
2017-09-28,18:00:00,9882.71,9894.8,9873.56,9891.09,0,0
2017-09-28,19:00:00,9891.64,9903.63,9875.89,9894.45,0,0
2017-09-28,20:00:00,9894.57,9899.46,9880.92,9882.13,0,0
2017-09-28,21:00:00,9882.11,9886.69,9876.49,9879.63,0,0
2017-09-28,22:00:00,9878.62,9887.06,9869.88,9886.18,0,0
2017-09-29,16:00:00,9896.17,9914.85,9891.34,9892.33,0,0
2017-09-29,17:00:00,9895.08,9934.69,9894.63,9929.94,0,0
2017-09-29,18:00:00,9930.59,9930.68,9904.36,9917.53,0,0
2017-09-29,19:00:00,9917.32,9925.06,9906.1,9909.14,0,0
2017-09-29,20:00:00,9908.03,9921.47,9908.03,9921.17,0,0
2017-09-29,21:00:00,9920.82,9921.94,9910.34,9910.34,0,0
2017-09-29,22:00:00,9908.5,9918.83,9905.21,9914.6,0,0
2017-10-02,16:00:00,9915.96,9929.27,9863.89,9874.97,0,0
2017-10-02,17:00:00,9871.86,9889.27,9851.97,9852.47,0,0
2017-10-02,18:00:00,9853.5,9872.2,9850.92,9865.14,0,0
2017-10-02,19:00:00,9863.79,9865.86,9842.35,9865.71,0,0
2017-10-02,20:00:00,9865.14,9879.81,9863.55,9879.17,0,0
2017-10-02,21:00:00,9879.74,9893.69,9879.06,9888.01,0,0
2017-10-02,22:00:00,9888.83,9909.2,9883.58,9909.2,0,0
2017-10-03,16:00:00,9910.36,9943.65,9909.3,9937.25,0,0
2017-10-03,17:00:00,9936.87,9963.8,9930.18,9960.48,0,0
2017-10-03,18:00:00,9960.74,9966.46,9943.92,9947,0,0
2017-10-03,19:00:00,9946.27,9955.81,9936.59,9950.83,0,0
2017-10-03,20:00:00,9952.96,9963.28,9945.26,9954.17,0,0
2017-10-03,21:00:00,9954.08,9978.07,9953.64,9965.92,0,0
2017-10-03,22:00:00,9966.56,9974.39,9954.22,9972.92,0,0
2017-10-04,16:00:00,9972.15,10009.7,9965.18,9973.11,0,0
2017-10-04,17:00:00,9971.57,9992.05,9963.87,9974.87,0,0
2017-10-04,18:00:00,9973.62,9984.99,9965.83,9980.79,0,0
2017-10-04,19:00:00,9985.13,9985.13,9949.25,9949.28,0,0
2017-10-04,20:00:00,9950.27,9953.1,9928.73,9937.49,0,0
2017-10-04,21:00:00,9936.65,9940.64,9927.37,9928.69,0,0
2017-10-04,22:00:00,9929.2,9936.76,9918.13,9921.89,0,0
2017-10-05,16:00:00,9883.69,9893.5,9861.67,9869.95,0,0
2017-10-05,17:00:00,9871.44,9894.15,9868.81,9876.25,0,0
2017-10-05,18:00:00,9877.03,9887.52,9861.77,9887.52,0,0
2017-10-05,19:00:00,9887.36,9912.74,9886.42,9898.21,0,0
2017-10-05,20:00:00,9898.2,9907.03,9889.53,9905.56,0,0
2017-10-05,21:00:00,9903.87,9909.31,9889.13,9893.3,0,0
2017-10-05,22:00:00,9893.85,9912.8,9884.72,9908.41,0,0
2017-10-06,16:00:00,9907.56,9946.7,9904.91,9934.33,0,0
2017-10-06,17:00:00,9935.67,9944.52,9880.8,9882.4,0,0
2017-10-06,18:00:00,9880.45,9886.32,9868,9871.05,0,0
2017-10-06,19:00:00,9868.67,9870.64,9861.7,9866.24,0,0
2017-10-06,20:00:00,9866.9,9884.04,9853.74,9878.16,0,0
2017-10-06,21:00:00,9877.97,9884.44,9872.26,9881.97,0,0
2017-10-06,22:00:00,9882.71,9887.49,9873.36,9886.21,0,0
2017-10-09,16:00:00,9898.49,9918.21,9865.1,9865.79,0,0
2017-10-09,17:00:00,9865.45,9878.26,9854.81,9869.31,0,0
2017-10-09,18:00:00,9869.76,9871.83,9853.58,9857.06,0,0
2017-10-09,19:00:00,9857.22,9858.13,9843.3,9856.98,0,0
2017-10-09,20:00:00,9857.2,9869.58,9856.81,9869.58,0,0
2017-10-09,21:00:00,9869.8,9871.51,9849.04,9850.81,0,0
2017-10-09,22:00:00,9849.75,9865.62,9837.2,9865.1,0,0
2017-10-10,16:00:00,9954.24,9987.86,9954.24,9959.9,0,0
2017-10-10,17:00:00,9957.77,9958.75,9921.05,9945.91,0,0
2017-10-10,18:00:00,9945.15,9959.87,9942.14,9945.27,0,0
2017-10-10,19:00:00,9945.89,9951.45,9939.22,9951.45,0,0
2017-10-10,20:00:00,9950.6,9950.6,9936.65,9936.87,0,0
2017-10-10,21:00:00,9936.35,9942.1,9932.43,9935.15,0,0
2017-10-10,22:00:00,9934.24,9937.03,9920.38,9927.84,0,0
2017-10-11,16:00:00,9929.76,9975.15,9929.76,9948.76,0,0
2017-10-11,17:00:00,9946.83,9990.35,9941.4,9988.3,0,0
2017-10-11,18:00:00,9986.17,9986.62,9971,9974.41,0,0
2017-10-11,19:00:00,9974.16,9992.59,9974.03,9979.07,0,0
2017-10-11,20:00:00,9979.22,9981.34,9964.18,9964.39,0,0
2017-10-11,21:00:00,9964.85,9977.25,9964.72,9970.97,0,0
2017-10-11,22:00:00,9970.33,9980.23,9967.39,9976.66,0,0
2017-10-12,16:00:00,9965.58,9986.78,9961.29,9969.05,0,0
2017-10-12,17:00:00,9968.67,10015.96,9964.31,10015.96,0,0
2017-10-12,18:00:00,10017.58,10033.19,10017,10027.14,0,0
2017-10-12,19:00:00,10028.14,10036.42,10023.6,10035.16,0,0
2017-10-12,20:00:00,10035.26,10046.14,10024.27,10029.67,0,0
2017-10-12,21:00:00,10029.83,10039.49,10029.45,10037.28,0,0
2017-10-12,22:00:00,10037.4,10049.47,10030.06,10037.33,0,0
2017-10-13,16:00:00,10059.9,10076.79,10028.19,10039.5,0,0
2017-10-13,17:00:00,10039.22,10039.22,10021.02,10031.97,0,0
2017-10-13,18:00:00,10032.24,10040.5,9987.93,9998.89,0,0
2017-10-13,19:00:00,9998.96,9999.02,9978.36,9982.18,0,0
2017-10-13,20:00:00,9982.01,9983.06,9967.54,9972.61,0,0
2017-10-13,21:00:00,9972.28,9979.24,9952.05,9952.05,0,0
2017-10-13,22:00:00,9953.73,9956.38,9928.67,9936.07,0,0
2017-10-16,16:00:00,9969.39,9969.39,9857.24,9858.71,0,0
2017-10-16,17:00:00,9858.42,9863.22,9820.1,9829.34,0,0
2017-10-16,18:00:00,9829.53,9846.55,9823.59,9845.13,0,0
2017-10-16,19:00:00,9845.6,9853.07,9838.62,9850.08,0,0
2017-10-16,20:00:00,9850.28,9865.68,9849.61,9850.74,0,0
2017-10-16,21:00:00,9850.6,9861.87,9849.33,9858.16,0,0
2017-10-16,22:00:00,9857.88,9864.76,9852.54,9858.61,0,0
2017-10-17,16:00:00,9826.62,9874.24,9816.41,9816.41,0,0
2017-10-17,17:00:00,9817.53,9836.18,9811.25,9816.73,0,0
2017-10-17,18:00:00,9816.84,9834.38,9815.16,9824.84,0,0
2017-10-17,19:00:00,9823.91,9826.24,9813.91,9813.91,0,0
2017-10-17,20:00:00,9813.63,9818.08,9800.32,9800.86,0,0
2017-10-17,21:00:00,9799.89,9814.36,9799.89,9809.37,0,0
2017-10-17,22:00:00,9809.43,9828.92,9808.03,9822.65,0,0
2017-10-18,16:00:00,9843.88,9895.4,9843.33,9895.4,0,0
2017-10-18,17:00:00,9892.27,9900.05,9878.49,9900.05,0,0
2017-10-18,18:00:00,9899.58,9901.32,9876.88,9890.69,0,0
2017-10-18,19:00:00,9890.76,9901.41,9888.75,9896.3,0,0
2017-10-18,20:00:00,9896.81,9913.99,9895.47,9911.57,0,0
2017-10-18,21:00:00,9911.23,9936.66,9911.23,9921.5,0,0
2017-10-18,22:00:00,9923.21,9927.78,9896.12,9897.48,0,0
2017-10-19,16:00:00,9859.59,9860.52,9798.02,9806.17,0,0
2017-10-19,17:00:00,9804.28,9860.72,9791.5,9860.69,0,0
2017-10-19,18:00:00,9861.14,9872.1,9795.68,9799.89,0,0
2017-10-19,19:00:00,9797.86,9821.47,9790.76,9815.14,0,0
2017-10-19,20:00:00,9815.29,9858.26,9815.15,9848.68,0,0
2017-10-19,21:00:00,9848.9,9874.04,9845.44,9869.86,0,0
2017-10-19,22:00:00,9870.81,9887.83,9869.15,9886.24,0,0
2017-10-20,16:00:00,9937.66,9980.43,9936.78,9966.11,0,0
2017-10-20,17:00:00,9964.21,9976.56,9946.71,9959.88,0,0
2017-10-20,18:00:00,9964.02,9971.32,9956.88,9970.51,0,0
2017-10-20,19:00:00,9968.9,9983.39,9967.8,9975.68,0,0
2017-10-20,20:00:00,9975.54,9977.02,9967.53,9969.68,0,0
2017-10-20,21:00:00,9970.95,9981.33,9965.76,9968.51,0,0
2017-10-20,22:00:00,9968.3,9973.68,9964.7,9970.65,0,0
2017-10-23,16:00:00,10006.57,10006.57,9973.4,9997.97,0,0
2017-10-23,17:00:00,9996.22,9998.6,9971.47,9981.69,0,0
2017-10-23,18:00:00,9982.79,9985.23,9962.99,9969.71,0,0
2017-10-23,19:00:00,9969.95,9972.1,9961.27,9964.98,0,0
2017-10-23,20:00:00,9965.19,9965.23,9940.39,9951.41,0,0
2017-10-23,21:00:00,9951.08,9963.57,9950.24,9959.74,0,0
2017-10-23,22:00:00,9960.5,9962.33,9934.88,9941.43,0,0
2017-10-24,16:00:00,9954.19,9995.08,9942.77,9980.26,0,0
2017-10-24,17:00:00,9980.84,9982.7,9958.64,9971.19,0,0
2017-10-24,18:00:00,9970.42,9970.77,9947.37,9949.36,0,0
2017-10-24,19:00:00,9949.76,9978.63,9947.73,9964.69,0,0
2017-10-24,20:00:00,9964.85,9969.02,9944.96,9948.31,0,0
2017-10-24,21:00:00,9949.31,9972.56,9945.71,9962.26,0,0
2017-10-24,22:00:00,9962.9,9971.37,9945.78,9949.77,0,0
2017-10-25,16:00:00,9949.56,9957.9,9875.59,9875.65,0,0
2017-10-25,17:00:00,9875.4,9886.04,9819.46,9821.78,0,0
2017-10-25,18:00:00,9820.1,9845.97,9802.39,9827.37,0,0
2017-10-25,19:00:00,9826.96,9826.96,9788.02,9793.29,0,0
2017-10-25,20:00:00,9793.81,9820.91,9791.13,9820.67,0,0
2017-10-25,21:00:00,9818.53,9818.53,9785.37,9785.96,0,0
2017-10-25,22:00:00,9785.98,9800.54,9767.76,9789.97,0,0
2017-10-26,16:00:00,9843.23,9923.61,9839.94,9923.61,0,0
2017-10-26,17:00:00,9922.39,9945.96,9913.41,9913.41,0,0
2017-10-26,18:00:00,9914.27,9941.87,9902.02,9919.68,0,0
2017-10-26,19:00:00,9919.35,9924.95,9909.86,9914.25,0,0
2017-10-26,20:00:00,9887.76,9904.33,9870.68,9876.67,0,0
2017-10-26,21:00:00,9878.37,9896.49,9874.21,9889.76,0,0
2017-10-26,22:00:00,9889.43,9900.94,9876.31,9883.04,0,0
2017-10-27,16:00:00,9887.7,9927.71,9882.01,9914.61,0,0
2017-10-27,17:00:00,9906.8,9920.1,9878.9,9903.57,0,0
2017-10-27,18:00:00,9904.39,9927,9889.8,9906.22,0,0
2017-10-27,19:00:00,9907.38,9925.45,9904.24,9925.02,0,0
2017-10-27,20:00:00,9927.67,9930.92,9901.35,9905.56,0,0
2017-10-27,21:00:00,9905.26,9925.51,9899.27,9921.84,0,0
2017-10-27,22:00:00,9920.38,9931.89,9915.17,9930.13,0,0
2017-10-30,15:00:00,9894.47,9894.47,9856.27,9865.65,0,0
2017-10-30,16:00:00,9862.51,9880.15,9845.56,9861.42,0,0
2017-10-30,17:00:00,9861.25,9889.14,9832.87,9836.83,0,0
2017-10-30,18:00:00,9838.39,9849.9,9802.03,9821.89,0,0
2017-10-30,19:00:00,9821.68,9828.32,9805.8,9807.97,0,0
2017-10-30,20:00:00,9807.55,9830.02,9805.25,9819.66,0,0
2017-10-30,21:00:00,9819.17,9822.22,9799.74,9802.57,0,0
2017-10-31,15:00:00,9814.43,9817.07,9761.55,9764.05,0,0
2017-10-31,16:00:00,9765.42,9777.24,9758.71,9773.18,0,0
2017-10-31,17:00:00,9770.78,9791.72,9769.88,9789.56,0,0
2017-10-31,18:00:00,9789.59,9805.58,9780.5,9797.38,0,0
2017-10-31,19:00:00,9798.16,9799.56,9785.29,9797.43,0,0
2017-10-31,20:00:00,9797.11,9797.11,9771.33,9784.51,0,0
2017-10-31,21:00:00,9784.81,9789.51,9756.9,9759.36,0,0
2017-11-01,15:00:00,9809.9,9840.62,9809.32,9822.22,0,0
2017-11-01,16:00:00,9821.85,9821.85,9769.72,9778.42,0,0
2017-11-01,17:00:00,9777.86,9780.52,9743.59,9773.61,0,0
2017-11-01,18:00:00,9773.26,9775.67,9762.29,9773.47,0,0
2017-11-01,19:00:00,9774.61,9792.39,9768.85,9792.39,0,0
2017-11-01,20:00:00,9792.51,9806.93,9783.42,9793.4,0,0
2017-11-01,21:00:00,9794.41,9797.05,9782.23,9782.92,0,0
2017-11-02,15:00:00,9788.45,9810.25,9782.98,9798.3,0,0
2017-11-02,16:00:00,9800,9800,9727.95,9729.2,0,0
2017-11-02,17:00:00,9728.01,9733.54,9680.18,9716.29,0,0
2017-11-02,18:00:00,9720.01,9754.97,9720.01,9741.81,0,0
2017-11-02,19:00:00,9744.96,9748.15,9730.19,9730.19,0,0
2017-11-02,20:00:00,9730.03,9750.27,9722.06,9741.5,0,0
2017-11-02,21:00:00,9741.48,9778.3,9732.65,9778.3,0,0
2017-11-03,15:00:00,9777.89,9787.82,9743.61,9746.33,0,0
2017-11-03,16:00:00,9751.37,9797.88,9744.49,9785.23,0,0
2017-11-03,17:00:00,9785.5,9790.11,9769.91,9777.7,0,0
2017-11-03,18:00:00,9777.84,9778.94,9763.99,9765.69,0,0
2017-11-03,19:00:00,9765.63,9775.01,9765.63,9769.59,0,0
2017-11-03,20:00:00,9769.8,9770.48,9728.84,9730.56,0,0
2017-11-03,21:00:00,9729.89,9757.75,9728.25,9752.63,0,0
2017-11-06,16:00:00,9742.85,9758.04,9721.69,9740.94,0,0
2017-11-06,17:00:00,9740.13,9750.98,9731.2,9731.56,0,0
2017-11-06,18:00:00,9730.93,9751.84,9729.54,9737.17,0,0
2017-11-06,19:00:00,9738.1,9750.45,9723.93,9750.28,0,0
2017-11-06,20:00:00,9750.83,9759.94,9741.36,9747.39,0,0
2017-11-06,21:00:00,9744.98,9748.22,9733.93,9741.55,0,0
2017-11-06,22:00:00,9740.02,9749.2,9731.58,9732.4,0,0
2017-11-07,16:00:00,9723.08,9765.6,9721.84,9748.67,0,0
2017-11-07,17:00:00,9746.54,9750.19,9693.54,9693.54,0,0
2017-11-07,18:00:00,9694.06,9700.43,9667.97,9673.49,0,0
2017-11-07,19:00:00,9671.34,9697.41,9668.33,9692.11,0,0
2017-11-07,20:00:00,9692.77,9706.02,9688.61,9699.22,0,0
2017-11-07,21:00:00,9698.47,9700.89,9676.78,9677.92,0,0
2017-11-07,22:00:00,9677.47,9678.76,9658.79,9669.71,0,0
2017-11-08,16:00:00,9638.76,9644.53,9606.64,9609.59,0,0
2017-11-08,17:00:00,9608.92,9621.4,9597.28,9620.62,0,0
2017-11-08,18:00:00,9620.91,9629.8,9611.57,9614.25,0,0
2017-11-08,19:00:00,9614.03,9620.26,9605.07,9620.1,0,0
2017-11-08,20:00:00,9620.32,9632.01,9619.27,9620.2,0,0
2017-11-08,21:00:00,9620.71,9639.87,9615.81,9616,0,0
2017-11-08,22:00:00,9616.56,9637.44,9609.02,9630.59,0,0
2017-11-09,16:00:00,9591.2,9595.38,9554.75,9560.24,0,0
2017-11-09,17:00:00,9564.48,9600.04,9554.69,9600.04,0,0
2017-11-09,18:00:00,9601.65,9603.5,9535.34,9542.35,0,0
2017-11-09,19:00:00,9542.1,9542.38,9496.22,9515.8,0,0
2017-11-09,20:00:00,9516.01,9537.08,9510.95,9526.89,0,0
2017-11-09,21:00:00,9526.58,9532.27,9507.79,9514.82,0,0
2017-11-09,22:00:00,9514.22,9535.3,9509.73,9517.47,0,0
2017-11-10,16:00:00,9493.93,9517,9490.47,9505.32,0,0
2017-11-10,17:00:00,9506.15,9517.09,9485.83,9494.72,0,0
2017-11-10,18:00:00,9495.66,9504.14,9489.01,9496.79,0,0
2017-11-10,19:00:00,9497.35,9499.7,9488.9,9492.34,0,0
2017-11-10,20:00:00,9491.4,9511.04,9489.28,9501.71,0,0
2017-11-10,21:00:00,9503.16,9511.84,9503.16,9511.08,0,0
2017-11-10,22:00:00,9511.14,9516.95,9500.64,9501.94,0,0
2017-11-13,16:00:00,9467.64,9481.08,9459.99,9476.47,0,0
2017-11-13,17:00:00,9487.08,9494.13,9469.16,9488.08,0,0
2017-11-13,18:00:00,9487.96,9508.33,9486.96,9501.46,0,0
2017-11-13,19:00:00,9504.59,9517.94,9503.03,9512.56,0,0
2017-11-13,20:00:00,9512.93,9513.23,9499.12,9511.94,0,0
2017-11-13,21:00:00,9512.75,9515.35,9505.06,9509.1,0,0
2017-11-13,22:00:00,9508.09,9522.31,9506.96,9519.63,0,0
2017-11-14,16:00:00,9483.79,9496.85,9473.75,9481.1,0,0
2017-11-14,17:00:00,9482.81,9514.46,9469.45,9509.55,0,0
2017-11-14,18:00:00,9509.95,9511.91,9488.14,9499.54,0,0
2017-11-14,19:00:00,9499.44,9509.29,9482.63,9488.53,0,0
2017-11-14,20:00:00,9488.78,9501.36,9488.56,9497.46,0,0
2017-11-14,21:00:00,9497.58,9504.98,9491.55,9494.5,0,0
2017-11-14,22:00:00,9494.99,9506.64,9486.33,9488.69,0,0
2017-11-15,16:00:00,9461.19,9464.33,9420.74,9423.27,0,0
2017-11-15,17:00:00,9427.53,9459.51,9420.85,9459.51,0,0
2017-11-15,18:00:00,9462.27,9472.78,9453.03,9462.79,0,0
2017-11-15,19:00:00,9459.53,9462.47,9442.75,9459.23,0,0
2017-11-15,20:00:00,9459.35,9461.55,9432.58,9432.58,0,0
2017-11-15,21:00:00,9431.61,9454.19,9427.51,9447.09,0,0
2017-11-15,22:00:00,9445.84,9458.14,9432.2,9442.05,0,0
2017-11-16,16:00:00,9472.67,9487.76,9471.54,9474.19,0,0
2017-11-16,17:00:00,9473.33,9522.34,9473.33,9516.28,0,0
2017-11-16,18:00:00,9515.94,9547.65,9515.94,9547.65,0,0
2017-11-16,19:00:00,9548.22,9570.46,9548.22,9565.82,0,0
2017-11-16,20:00:00,9565.65,9584.08,9565.6,9584.08,0,0
2017-11-16,21:00:00,9582.58,9600.54,9581.1,9582.83,0,0
2017-11-16,22:00:00,9582.4,9598.06,9577.56,9593.46,0,0
2017-11-17,16:00:00,9558.77,9558.77,9508.93,9538.05,0,0
2017-11-17,17:00:00,9538.16,9538.16,9498.49,9515.9,0,0
2017-11-17,18:00:00,9516.46,9516.46,9471.88,9478.07,0,0
2017-11-17,19:00:00,9477.92,9502.17,9470.48,9502.17,0,0
2017-11-17,20:00:00,9502.55,9505.38,9483.78,9485.03,0,0
2017-11-17,21:00:00,9485.61,9503.51,9485.61,9500.5,0,0
2017-11-17,22:00:00,9500.43,9502.35,9480.52,9482.08,0,0
2017-11-20,16:00:00,9492.68,9492.68,9464.47,9470.6,0,0
2017-11-20,17:00:00,9470.47,9501.73,9456.16,9500.51,0,0
2017-11-20,18:00:00,9500.38,9508.1,9490.33,9493.3,0,0
2017-11-20,19:00:00,9492.68,9509.99,9489.41,9504.72,0,0
2017-11-20,20:00:00,9504.8,9507.02,9496.62,9499.96,0,0
2017-11-20,21:00:00,9500.09,9521.33,9500.09,9518.38,0,0
2017-11-20,22:00:00,9518.2,9525.46,9513.3,9523.62,0,0
2017-11-21,16:00:00,9545.62,9558.69,9529.74,9549.6,0,0
2017-11-21,17:00:00,9553.44,9574.93,9549.29,9573.69,0,0
2017-11-21,18:00:00,9574.04,9583.98,9570.22,9582.01,0,0
2017-11-21,19:00:00,9582.35,9592.33,9575.68,9591.63,0,0
2017-11-21,20:00:00,9591.72,9614.06,9591.3,9604.58,0,0
2017-11-21,21:00:00,9603.07,9612.01,9597.72,9612.01,0,0
2017-11-21,22:00:00,9612.79,9623.14,9604.98,9613.93,0,0
2017-11-22,16:00:00,9619.22,9644.71,9613.44,9640.84,0,0
2017-11-22,17:00:00,9636.86,9651.27,9623.96,9628.51,0,0
2017-11-22,18:00:00,9628.64,9631.55,9617.43,9626.96,0,0
2017-11-22,19:00:00,9626.02,9633.02,9619.99,9631.28,0,0
2017-11-22,20:00:00,9630.79,9634.26,9620.79,9634.05,0,0
2017-11-22,21:00:00,9633.91,9643.99,9622.72,9638.17,0,0
2017-11-22,22:00:00,9637.71,9641.28,9625.65,9627.43,0,0
2017-11-24,16:00:00,9649.56,9649.56,9620.1,9639.5,0,0
2017-11-24,17:00:00,9639.71,9655.99,9629.18,9629.4,0,0
2017-11-24,18:00:00,9629.28,9630.22,9613.96,9619.88,0,0
2017-11-24,19:00:00,9619.6,9622.79,9612.05,9620.96,0,0
2017-11-24,20:00:00,9621.88,9621.94,9621.88,9621.94,0,0
2017-11-28,16:00:00,9617.52,9619.91,9591.83,9607.96,0,0
2017-11-28,17:00:00,9605.94,9654.81,9604.48,9652.44,0,0
2017-11-28,18:00:00,9653.22,9668.87,9649.96,9664.55,0,0
2017-11-28,19:00:00,9664.15,9681.64,9663.14,9670.36,0,0
2017-11-28,20:00:00,9671.38,9682.15,9645.33,9648.75,0,0
2017-11-28,21:00:00,9648.31,9691.59,9637.68,9690.72,0,0
2017-11-28,22:00:00,9689.37,9757.62,9687.29,9754.12,0,0
2017-11-29,16:00:00,9757.1,9934.95,9757.1,9927.06,0,0
2017-11-29,17:00:00,9926.45,9958.38,9925.58,9948.43,0,0
2017-11-29,18:00:00,9949.04,10004.26,9935.8,9991.24,0,0
2017-11-29,19:00:00,9990.31,10040.72,9987.43,10037.27,0,0
2017-11-29,20:00:00,10037.55,10043.38,10020.25,10030.36,0,0
2017-11-29,21:00:00,10030.09,10048.94,10024.55,10028.71,0,0
2017-11-29,22:00:00,10029.93,10090.2,10028.11,10077.48,0,0
2017-11-30,16:00:00,10090.52,10176.52,10090.52,10176.52,0,0
2017-11-30,17:00:00,10175.49,10205.85,10115.79,10144.7,0,0
2017-11-30,18:00:00,10145.58,10293.92,10139.18,10256.11,0,0
2017-11-30,19:00:00,10261.96,10347.63,10253.2,10322.56,0,0
2017-11-30,20:00:00,10321.07,10333.59,10276.93,10285.95,0,0
2017-11-30,21:00:00,10288.06,10300.63,10270.87,10271.6,0,0
2017-11-30,22:00:00,10268.95,10293.75,10252.63,10280.47,0,0
2017-12-01,16:00:00,10258.57,10277.07,10241.73,10248.64,0,0
2017-12-01,17:00:00,10239.89,10290.64,10201.69,10257.65,0,0
2017-12-01,18:00:00,10253.97,10253.97,10015.03,10127.56,0,0
2017-12-01,19:00:00,10135.98,10171.24,10131.53,10164.65,0,0
2017-12-01,20:00:00,10160.01,10193.21,10145.38,10161.48,0,0
2017-12-01,21:00:00,10161.6,10180.92,10149.07,10160.01,0,0
2017-12-01,22:00:00,10157.58,10199.9,10153.2,10187.39,0,0
2017-12-04,16:00:00,10299.53,10436.01,10299.53,10426.05,0,0
2017-12-04,17:00:00,10420.94,10502.71,10416.64,10482.42,0,0
2017-12-04,18:00:00,10485.11,10485.11,10454.45,10467.39,0,0
2017-12-04,19:00:00,10466.64,10468.85,10426.26,10444.74,0,0
2017-12-04,20:00:00,10445.39,10474.33,10434.12,10452.49,0,0
2017-12-04,21:00:00,10452.62,10455.38,10401.53,10423.29,0,0
2017-12-04,22:00:00,10422.1,10424.59,10372.3,10372.3,0,0
2017-12-05,16:00:00,10363.59,10366.9,10285.45,10288.01,0,0
2017-12-05,17:00:00,10287.9,10322.4,10266.97,10320.41,0,0
2017-12-05,18:00:00,10316.01,10322.47,10301.46,10310.2,0,0
2017-12-05,19:00:00,10309.06,10309.68,10283.88,10289.21,0,0
2017-12-05,20:00:00,10290.54,10306.05,10282.97,10284.47,0,0
2017-12-05,21:00:00,10283.36,10283.73,10254.98,10256.11,0,0
2017-12-05,22:00:00,10255.83,10255.83,10228.08,10229.21,0,0
2017-12-06,16:00:00,10226.89,10251.08,10210.81,10226.01,0,0
2017-12-06,17:00:00,10226.68,10234.2,10180.33,10234.2,0,0
2017-12-06,18:00:00,10237.34,10251.71,10214.9,10216.57,0,0
2017-12-06,19:00:00,10215.6,10246.75,10211.38,10245.26,0,0
2017-12-06,20:00:00,10245.52,10264.97,10239.46,10241.12,0,0
2017-12-06,21:00:00,10240.3,10248.39,10229.64,10240.85,0,0
2017-12-06,22:00:00,10240.11,10246.49,10221.17,10229.7,0,0
2017-12-07,16:00:00,10217.35,10280.09,10206.89,10279.57,0,0
2017-12-07,17:00:00,10279.75,10319.49,10279.75,10304.72,0,0
2017-12-07,18:00:00,10304.84,10334.62,10294,10329.94,0,0
2017-12-07,19:00:00,10330.12,10343.67,10317.92,10339.03,0,0
2017-12-07,20:00:00,10339.04,10349.56,10330.59,10348.27,0,0
2017-12-07,21:00:00,10348.18,10361.24,10336.97,10361.24,0,0
2017-12-07,22:00:00,10362.27,10380.15,10348.48,10357.77,0,0
2017-12-08,16:00:00,10436,10447.87,10403.21,10408.46,0,0
2017-12-08,17:00:00,10404.53,10414.16,10374.63,10400.44,0,0
2017-12-08,18:00:00,10402.6,10427.89,10396.16,10413.48,0,0
2017-12-08,19:00:00,10411.36,10429.46,10411.36,10422.28,0,0
2017-12-08,20:00:00,10422.73,10433.27,10418.68,10424.54,0,0
2017-12-08,21:00:00,10424.69,10425.32,10405.01,10406.99,0,0
2017-12-08,22:00:00,10408.63,10413.93,10391.88,10402.72,0,0
2017-12-11,16:00:00,10411.37,10413.25,10367.13,10407.08,0,0
2017-12-11,17:00:00,10408.57,10413.98,10374.51,10379.47,0,0
2017-12-11,18:00:00,10378.83,10389.56,10372.34,10377.88,0,0
2017-12-11,19:00:00,10377.23,10379.72,10367.15,10371.36,0,0
2017-12-11,20:00:00,10371.53,10398.26,10367.67,10374.03,0,0
2017-12-11,21:00:00,10373.8,10377.81,10357.64,10360.02,0,0
2017-12-11,22:00:00,10359.29,10373.24,10345.86,10371.2,0,0
2017-12-12,16:00:00,10398.58,10403.67,10381.88,10388.67,0,0
2017-12-12,17:00:00,10386.15,10401.11,10373.97,10378.73,0,0
2017-12-12,18:00:00,10377.55,10377.55,10357.95,10360.36,0,0
2017-12-12,19:00:00,10362.18,10384.15,10346.48,10383.78,0,0
2017-12-12,20:00:00,10383.84,10398.1,10375.76,10376.84,0,0
2017-12-12,21:00:00,10375.67,10398,10375.67,10394.02,0,0
2017-12-12,22:00:00,10393.76,10394.07,10365.17,10365.17,0,0
2017-12-13,16:00:00,10382.92,10403.96,10370.5,10386.58,0,0
2017-12-13,17:00:00,10391,10410.14,10377.66,10398.49,0,0
2017-12-13,18:00:00,10397.33,10467.92,10396.37,10462,0,0
2017-12-13,19:00:00,10458.48,10458.48,10432.14,10437.57,0,0
2017-12-13,20:00:00,10436.9,10442.19,10412.85,10416.21,0,0
2017-12-13,21:00:00,10416.37,10437.17,10413.23,10432.47,0,0
2017-12-13,22:00:00,10433.09,10434.46,10394.03,10397.71,0,0
2017-12-14,16:00:00,10431.65,10444,10394.56,10441.12,0,0
2017-12-14,17:00:00,10439.79,10441.46,10415.3,10422.96,0,0
2017-12-14,18:00:00,10410.68,10414.72,10388.98,10406.48,0,0
2017-12-14,19:00:00,10404.94,10406.26,10376.74,10381.13,0,0
2017-12-14,20:00:00,10379.57,10384.8,10314.49,10316.34,0,0
2017-12-14,21:00:00,10313.84,10332.68,10306.48,10325.1,0,0
2017-12-14,22:00:00,10326.36,10349.06,10316.68,10325.79,0,0
2017-12-15,16:00:00,10313.88,10400.25,10313.88,10375.16,0,0
2017-12-15,17:00:00,10371.99,10405.67,10358.26,10361.31,0,0
2017-12-15,18:00:00,10364.27,10422.49,10364.27,10407.55,0,0
2017-12-15,19:00:00,10407.49,10432.23,10397.86,10427.6,0,0
2017-12-15,20:00:00,10426.17,10426.17,10398.98,10414.3,0,0
2017-12-15,21:00:00,10412.04,10432.2,10409.48,10421.79,0,0
2017-12-15,22:00:00,10422.28,10435.55,10385.45,10392.03,0,0
2017-12-18,16:00:00,10442.62,10505.02,10442.62,10483.71,0,0
2017-12-18,17:00:00,10486.51,10527.53,10474.45,10523.41,0,0
2017-12-18,18:00:00,10520.39,10520.39,10489.98,10492.26,0,0
2017-12-18,19:00:00,10494.27,10512.3,10489.34,10496.53,0,0
2017-12-18,20:00:00,10496.93,10514.41,10495.41,10503.73,0,0
2017-12-18,21:00:00,10504.74,10522.52,10504.74,10520.93,0,0
2017-12-18,22:00:00,10520.75,10531.32,10513.49,10521.41,0,0
2017-12-19,16:00:00,10544.34,10544.34,10490.01,10504.08,0,0
2017-12-19,17:00:00,10503.05,10514.37,10480.37,10512.81,0,0
2017-12-19,18:00:00,10512.54,10527.29,10507.92,10508.15,0,0
2017-12-19,19:00:00,10506.97,10528.69,10499.55,10528.33,0,0
2017-12-19,20:00:00,10528.95,10540.87,10527.66,10536.33,0,0
2017-12-19,21:00:00,10535.18,10550.59,10531.17,10541.29,0,0
2017-12-19,22:00:00,10541.95,10548.4,10527.72,10540.69,0,0
2017-12-20,16:00:00,10647.57,10648.69,10591.12,10617.16,0,0
2017-12-20,17:00:00,10625.71,10627.3,10592.72,10609.44,0,0
2017-12-20,18:00:00,10610.86,10646.61,10610.86,10641.03,0,0
2017-12-20,19:00:00,10641.93,10657.91,10635.88,10642.94,0,0
2017-12-20,20:00:00,10642.39,10675.81,10642.39,10656.17,0,0
2017-12-20,21:00:00,10656.11,10660.99,10643.87,10649.51,0,0
2017-12-20,22:00:00,10650.04,10657.4,10628.97,10629.56,0,0
2017-12-21,16:00:00,10682.65,10687.77,10604.68,10604.68,0,0
2017-12-21,17:00:00,10592.5,10616.53,10590.34,10599.66,0,0
2017-12-21,18:00:00,10601.66,10640.25,10599.65,10618.17,0,0
2017-12-21,19:00:00,10617.84,10622.55,10606.7,10620.36,0,0
2017-12-21,20:00:00,10620.36,10651.49,10618.63,10639,0,0
2017-12-21,21:00:00,10641.01,10650.93,10635.34,10638.49,0,0
2017-12-21,22:00:00,10638.27,10651.54,10620.73,10629.78,0,0
2017-12-22,16:00:00,10633.92,10649.46,10608.91,10618.85,0,0
2017-12-22,17:00:00,10618.56,10633.47,10599.16,10621.07,0,0
2017-12-22,18:00:00,10620.82,10632.43,10607.16,10623.06,0,0
2017-12-22,19:00:00,10624.26,10645.25,10623.98,10638.47,0,0
2017-12-22,20:00:00,10637.63,10663.61,10636.87,10660.99,0,0
2017-12-22,21:00:00,10661.11,10682.51,10660.04,10670.59,0,0
2017-12-22,22:00:00,10670.93,10679.82,10663.21,10674.73,0,0
2017-12-26,16:00:00,10667.06,10739.56,10667.06,10724.3,0,0
2017-12-26,17:00:00,10724.87,10724.87,10686.39,10692.64,0,0
2017-12-26,18:00:00,10691.55,10702.76,10686.22,10690.75,0,0
2017-12-26,19:00:00,10690.33,10695,10671.14,10677.11,0,0
2017-12-26,20:00:00,10677.24,10683.1,10663.62,10663.62,0,0
2017-12-26,21:00:00,10663.73,10675.37,10659.16,10673.43,0,0
2017-12-26,22:00:00,10674.63,10680.94,10663.82,10672.05,0,0
2017-12-27,16:00:00,10678.95,10680.62,10663.65,10667.43,0,0
2017-12-27,17:00:00,10671.71,10693.37,10671.71,10686.3,0,0
2017-12-27,18:00:00,10686.78,10693.22,10678.42,10686.74,0,0
2017-12-27,19:00:00,10685.45,10686.62,10665.74,10681.93,0,0
2017-12-27,20:00:00,10681.26,10692,10677.65,10690.37,0,0
2017-12-27,21:00:00,10690.79,10693.76,10682.25,10691.6,0,0
2017-12-27,22:00:00,10692.12,10698.09,10683.55,10696.98,0,0
2017-12-28,16:00:00,10680.69,10680.69,10614.75,10630.63,0,0
2017-12-28,17:00:00,10638.82,10642.94,10602.3,10620.38,0,0
2017-12-28,18:00:00,10624.19,10629.19,10611.85,10613.25,0,0
2017-12-28,19:00:00,10613.69,10622.13,10612.39,10619.12,0,0
2017-12-28,20:00:00,10619.43,10633.24,10618.96,10633.24,0,0
2017-12-28,21:00:00,10632.64,10643.55,10629.39,10640.96,0,0
2017-12-28,22:00:00,10640.94,10664.19,10640.23,10659.99,0,0
2017-12-29,16:00:00,10681.89,10692.7,10667.43,10669.13,0,0
2017-12-29,17:00:00,10668.37,10693.04,10668.37,10686.11,0,0
2017-12-29,18:00:00,10685.27,10687.62,10666.09,10675.37,0,0
2017-12-29,19:00:00,10675.03,10676.32,10657.7,10661.66,0,0
2017-12-29,20:00:00,10661.72,10670.9,10653.94,10658.84,0,0
2017-12-29,21:00:00,10658.23,10664.41,10646.84,10649.69,0,0
2017-12-29,22:00:00,10648.31,10663.16,10612.51,10612.51,0,0
2018-01-02,16:00:00,10662.65,10715.59,10659.41,10705.32,0,0
2018-01-02,17:00:00,10704.84,10751.17,10683.38,10710.25,0,0
2018-01-02,18:00:00,10708.2,10729.83,10698.97,10725.44,0,0
2018-01-02,19:00:00,10726.88,10751.41,10726.73,10747.9,0,0
2018-01-02,20:00:00,10749.39,10767.35,10749.39,10761.74,0,0
2018-01-02,21:00:00,10763.48,10775.93,10761.84,10773.28,0,0
2018-01-02,22:00:00,10775.75,10808.04,10771.9,10806.21,0,0
2018-01-03,16:00:00,10807.46,10807.46,10747.16,10758.58,0,0
2018-01-03,17:00:00,10766.04,10799.42,10763.04,10776.31,0,0
2018-01-03,18:00:00,10774.31,10797.58,10774.31,10792.76,0,0
2018-01-03,19:00:00,10791.96,10825.24,10785.68,10811.72,0,0
2018-01-03,20:00:00,10811.2,10816.49,10798.85,10808.79,0,0
2018-01-03,21:00:00,10811.24,10842.32,10811.24,10830.85,0,0
2018-01-03,22:00:00,10831.28,10832.14,10807.7,10818.94,0,0
2018-01-04,16:00:00,10860.63,10914.7,10853.69,10894.81,0,0
2018-01-04,17:00:00,10895.59,10895.59,10840.46,10848.74,0,0
2018-01-04,18:00:00,10852.57,10861.61,10805.69,10813.73,0,0
2018-01-04,19:00:00,10813.01,10879.95,10810.29,10875.45,0,0
2018-01-04,20:00:00,10875.4,10876.24,10842.83,10855.09,0,0
2018-01-04,21:00:00,10855.23,10874.19,10852.2,10868.9,0,0
2018-01-04,22:00:00,10869.68,10873.89,10848.07,10855.22,0,0
2018-01-05,16:00:00,10900.58,10985.2,10900.58,10919.32,0,0
2018-01-05,17:00:00,10918.56,10918.56,10845.08,10864.49,0,0
2018-01-05,18:00:00,10863.07,10898.5,10862.22,10878.29,0,0
2018-01-05,19:00:00,10878.13,10880.47,10856.28,10866.79,0,0
2018-01-05,20:00:00,10866.42,10879.73,10858.23,10865.62,0,0
2018-01-05,21:00:00,10866.42,10889.54,10863.73,10889.54,0,0
2018-01-05,22:00:00,10890.07,10917.06,10889.36,10912.66,0,0
2018-01-08,16:00:00,10925.69,10967.35,10925.69,10958.96,0,0
2018-01-08,17:00:00,10960.78,10964.59,10939.32,10950.98,0,0
2018-01-08,18:00:00,10951.18,10958.11,10938.71,10952.61,0,0
2018-01-08,19:00:00,10951.52,10970.2,10949.68,10965.34,0,0
2018-01-08,20:00:00,10965.04,10984.39,10965.04,10984.39,0,0
2018-01-08,21:00:00,10984.41,10992.64,10979.78,10988.71,0,0
2018-01-08,22:00:00,10989.24,10999.91,10978.45,10998.94,0,0
2018-01-09,16:00:00,11018.37,11046.39,11016.03,11039.48,0,0
2018-01-09,17:00:00,11038.27,11047.04,11016.68,11022.72,0,0
2018-01-09,18:00:00,11022.57,11047.27,11020.27,11038.75,0,0
2018-01-09,19:00:00,11037.46,11045.32,11026.93,11035.17,0,0
2018-01-09,20:00:00,11035.04,11051.46,11029.99,11049.49,0,0
2018-01-09,21:00:00,11049.38,11051.66,11022.23,11035.06,0,0
2018-01-09,22:00:00,11035.96,11043.77,11012.62,11014.87,0,0
2018-01-10,16:00:00,11026.38,11035,10999.13,11032.77,0,0
2018-01-10,17:00:00,11037.38,11092.97,11035.5,11075.87,0,0
2018-01-10,18:00:00,11074.97,11086.8,11052.08,11079.56,0,0
2018-01-10,19:00:00,11079.93,11085.68,11065.79,11080.69,0,0
2018-01-10,20:00:00,11080.11,11089.9,11068.65,11086.37,0,0
2018-01-10,21:00:00,11086.78,11093.31,11001.57,11005.29,0,0
2018-01-10,22:00:00,11006.23,11033.94,10998.45,11027.48,0,0
2018-01-11,16:00:00,11059.24,11145.4,11051.11,11145.4,0,0
2018-01-11,17:00:00,11144.53,11167.11,11136.11,11167.11,0,0
2018-01-11,18:00:00,11169.78,11217.69,11169.46,11213.44,0,0
2018-01-11,19:00:00,11213.06,11235.15,11202.48,11229.2,0,0
2018-01-11,20:00:00,11229.56,11244.02,11220.81,11232.66,0,0
2018-01-11,21:00:00,11233.74,11287.87,11233.74,11287.87,0,0
2018-01-11,22:00:00,11287.97,11301.66,11266.3,11283.92,0,0
2018-01-12,16:00:00,11315.92,11341.19,11281.88,11339.29,0,0
2018-01-12,17:00:00,11340.98,11344.5,11303.12,11317.54,0,0
2018-01-12,18:00:00,11319.43,11354.96,11307.18,11354.96,0,0
2018-01-12,19:00:00,11356.13,11360.47,11324.79,11345.59,0,0
2018-01-12,20:00:00,11348.5,11354.43,11335.8,11348.3,0,0
2018-01-12,21:00:00,11349.73,11374.88,11345.62,11356.18,0,0
2018-01-12,22:00:00,11356.76,11379.94,11336.43,11373.85,0,0
2018-01-16,16:00:00,11400.14,11423.47,11343.76,11355.89,0,0
2018-01-16,17:00:00,11358.02,11418.54,11354.43,11357.11,0,0
2018-01-16,18:00:00,11352.8,11361.17,11309.23,11315.04,0,0
2018-01-16,19:00:00,11315.89,11342,11312.68,11330.27,0,0
2018-01-16,20:00:00,11330.71,11334.44,11289.73,11290.1,0,0
2018-01-16,21:00:00,11290.95,11292.97,11172.87,11214.51,0,0
2018-01-16,22:00:00,11215.62,11266.61,11215.62,11227.99,0,0
2018-01-17,16:00:00,11259.2,11274.86,11200.29,11200.29,0,0
2018-01-17,17:00:00,11200.42,11256.95,11200.42,11255.84,0,0
2018-01-17,18:00:00,11259.44,11269.2,11239.8,11245.71,0,0
2018-01-17,19:00:00,11242.65,11272.92,11242.65,11268.57,0,0
2018-01-17,20:00:00,11268.89,11271.69,11245.42,11252.2,0,0
2018-01-17,21:00:00,11253.57,11275.43,11252.83,11268.92,0,0
2018-01-17,22:00:00,11270.85,11280.15,11249.26,11258.67,0,0
2018-01-18,16:00:00,11264.09,11319.78,11242.34,11317.66,0,0
2018-01-18,17:00:00,11317.19,11326.44,11248.87,11249.22,0,0
2018-01-18,18:00:00,11247.42,11278.4,11242.4,11251.21,0,0
2018-01-18,19:00:00,11250.04,11274.01,11250.04,11259.99,0,0
2018-01-18,20:00:00,11259.99,11277.53,11253.07,11272.85,0,0
2018-01-18,21:00:00,11273.18,11289.89,11264.04,11268.31,0,0
2018-01-18,22:00:00,11267.67,11279.35,11248.81,11262.92,0,0
2018-01-19,16:00:00,11262.49,11275.6,11220.64,11238.11,0,0
2018-01-19,17:00:00,11238.63,11264.41,11207.42,11259.08,0,0
2018-01-19,18:00:00,11257.86,11280.1,11246.24,11258.5,0,0
2018-01-19,19:00:00,11259.1,11266.6,11249.67,11259.4,0,0
2018-01-19,20:00:00,11260.41,11263.45,11250.22,11255.1,0,0
2018-01-19,21:00:00,11255.33,11289.07,11255.33,11281.52,0,0
2018-01-19,22:00:00,11280.82,11307.45,11276.41,11303.95,0,0
2018-01-22,16:00:00,11314.49,11333.32,11239.14,11258.65,0,0
2018-01-22,17:00:00,11259.93,11287.5,11237.39,11268.99,0,0
2018-01-22,18:00:00,11269.66,11317.85,11269.66,11317.85,0,0
2018-01-22,19:00:00,11316.98,11333.15,11310.33,11311.01,0,0
2018-01-22,20:00:00,11311.35,11341.31,11309.34,11332.44,0,0
2018-01-22,21:00:00,11333.14,11334.27,11316.37,11319.45,0,0
2018-01-22,22:00:00,11318.48,11357.17,11317.02,11357.17,0,0
2018-01-23,16:00:00,11343.21,11352.17,11269.74,11270.98,0,0
2018-01-23,17:00:00,11268.25,11309.59,11268.22,11309.59,0,0
2018-01-23,18:00:00,11309.62,11330.57,11300.41,11313.93,0,0
2018-01-23,19:00:00,11313.5,11318,11296.69,11303.56,0,0
2018-01-23,20:00:00,11304.26,11331.96,11304.26,11325.95,0,0
2018-01-23,21:00:00,11325.16,11360.99,11315.29,11347.38,0,0
2018-01-23,22:00:00,11346.04,11355.09,11333.69,11346.77,0,0
2018-01-24,16:00:00,11203.17,11248.65,11198.23,11241.36,0,0
2018-01-24,17:00:00,11239.44,11256.28,11213.71,11222.71,0,0
2018-01-24,18:00:00,11226.35,11236.37,11154.07,11170.8,0,0
2018-01-24,19:00:00,11170.59,11176.01,11119.37,11131.46,0,0
2018-01-24,20:00:00,11131.74,11167.97,11093.07,11163.34,0,0
2018-01-24,21:00:00,11165.9,11196.61,11165.43,11196.5,0,0
2018-01-24,22:00:00,11197.98,11210.46,11177.66,11185.95,0,0
2018-01-25,16:00:00,11128.35,11137.99,11015.62,11025.39,0,0
2018-01-25,17:00:00,11021.96,11034.82,10973.46,10977.84,0,0
2018-01-25,18:00:00,10973.98,11049.69,10973.44,11042.2,0,0
2018-01-25,19:00:00,11043.72,11056.47,11020.83,11021.35,0,0
2018-01-25,20:00:00,11020.48,11033.09,11003.69,11026.94,0,0
2018-01-25,21:00:00,11025.64,11031.1,10977.52,10977.52,0,0
2018-01-25,22:00:00,10980.02,11017.93,10976.59,11010.04,0,0
2018-01-26,16:00:00,11049.85,11071.73,11039.28,11049,0,0
2018-01-26,17:00:00,11054.46,11059.89,11029.86,11039.57,0,0
2018-01-26,18:00:00,11037.78,11042.66,11018.21,11030.86,0,0
2018-01-26,19:00:00,11030.57,11047.24,11026.54,11045.79,0,0
2018-01-26,20:00:00,11046.04,11092.61,11043.91,11088.36,0,0
2018-01-26,21:00:00,11088.65,11102.22,11076.97,11078.13,0,0
2018-01-26,22:00:00,11079.2,11128.8,11079.07,11125.14,0,0
2018-01-29,16:00:00,11109.61,11201.67,11102.92,11187.72,0,0
2018-01-29,17:00:00,11190.5,11193.84,11142.64,11169.77,0,0
2018-01-29,18:00:00,11168.98,11169.36,11142.49,11147.73,0,0
2018-01-29,19:00:00,11148.2,11172.75,11133.88,11172.3,0,0
2018-01-29,20:00:00,11173.06,11183.44,11162.27,11163.58,0,0
2018-01-29,21:00:00,11163.43,11171.28,11141.88,11155.77,0,0
2018-01-29,22:00:00,11156.6,11160.62,11110.18,11118.86,0,0
2018-01-30,16:00:00,11078.21,11085.58,11019,11038.19,0,0
2018-01-30,17:00:00,11029.77,11050.6,10985.83,11042.48,0,0
2018-01-30,18:00:00,11042.97,11049.64,10999.28,11003.24,0,0
2018-01-30,19:00:00,11008.93,11013.22,10979.5,10985.37,0,0
2018-01-30,20:00:00,10985.29,11000.68,10957.34,10994.93,0,0
2018-01-30,21:00:00,10994.38,10996.51,10968.66,10983.43,0,0
2018-01-30,22:00:00,10982.42,10999.55,10966.18,10966.18,0,0
2018-01-31,16:00:00,10992.6,11128.1,10992.6,11047.2,0,0
2018-01-31,17:00:00,11051.19,11057.51,11012.08,11016.18,0,0
2018-01-31,18:00:00,11022.77,11049.4,11014.67,11016.57,0,0
2018-01-31,19:00:00,11017.21,11033.79,11000.13,11025.89,0,0
2018-01-31,20:00:00,11024.44,11048.39,11023.76,11023.76,0,0
2018-01-31,21:00:00,11022.84,11041.77,10935.18,10967.1,0,0
2018-01-31,22:00:00,10967.18,11005.72,10939.26,10973.28,0,0
2018-02-01,16:00:00,10866.89,10944.81,10858.54,10932.43,0,0
2018-02-01,17:00:00,10938.56,10957.74,10883.7,10893.03,0,0
2018-02-01,18:00:00,10899.91,10979.04,10899.91,10975.28,0,0
2018-02-01,19:00:00,10977.31,10982.09,10954.27,10977.96,0,0
2018-02-01,20:00:00,10977.91,10998.9,10928.81,10934.46,0,0
2018-02-01,21:00:00,10935.24,10939.63,10897.98,10918.81,0,0
2018-02-01,22:00:00,10918.41,10929.22,10879.31,10920.73,0,0
2018-02-02,16:00:00,10891.71,10891.71,10802.4,10813.82,0,0
2018-02-02,17:00:00,10809.03,10853.41,10782.39,10840.48,0,0
2018-02-02,18:00:00,10845.43,10845.43,10789.45,10789.45,0,0
2018-02-02,19:00:00,10784.9,10811.95,10780.93,10785.4,0,0
2018-02-02,20:00:00,10783.38,10783.38,10736.77,10741.92,0,0
2018-02-02,21:00:00,10740.27,10741.92,10692.61,10698.09,0,0
2018-02-02,22:00:00,10694.89,10741.13,10675.07,10695.71,0,0
2018-02-05,16:00:00,10638.64,10689.8,10604.45,10689.8,0,0
2018-02-05,17:00:00,10690.42,10762.47,10683.06,10727.08,0,0
2018-02-05,18:00:00,10735.06,10737.73,10688.36,10710.71,0,0
2018-02-05,19:00:00,10711.1,10712.61,10664.47,10670.7,0,0
2018-02-05,20:00:00,10667.44,10667.44,10596.61,10651.95,0,0
2018-02-05,21:00:00,10654.2,10654.2,10508.77,10515.05,0,0
2018-02-05,22:00:00,10510.79,10573.66,10353.22,10353.22,0,0
2018-02-06,16:00:00,10176.36,10488.12,10121.76,10488.12,0,0
2018-02-06,17:00:00,10475.74,10506.51,10347.18,10381.79,0,0
2018-02-06,18:00:00,10361.69,10402.41,10324.01,10367.77,0,0
2018-02-06,19:00:00,10367.21,10496.85,10367.21,10424.24,0,0
2018-02-06,20:00:00,10416.22,10428.37,10330.36,10334.85,0,0
2018-02-06,21:00:00,10327.4,10496.6,10293.41,10496.6,0,0
2018-02-06,22:00:00,10490.32,10578.75,10469.99,10516.2,0,0
2018-02-07,16:00:00,10487.39,10617.78,10482.81,10594.7,0,0
2018-02-07,17:00:00,10587.06,10610.73,10549.42,10600.76,0,0
2018-02-07,18:00:00,10605.97,10633.53,10584.33,10606.8,0,0
2018-02-07,19:00:00,10610.43,10664.84,10606.31,10625.57,0,0
2018-02-07,20:00:00,10626.27,10658.52,10560.59,10631.47,0,0
2018-02-07,21:00:00,10631.26,10656.24,10581.77,10630.81,0,0
2018-02-07,22:00:00,10629.82,10668.86,10561.16,10561.16,0,0
2018-02-08,16:00:00,10549.39,10549.49,10492.4,10533.67,0,0
2018-02-08,17:00:00,10525.62,10533.99,10404.39,10412.47,0,0
2018-02-08,18:00:00,10411.13,10446.28,10367.38,10418.54,0,0
2018-02-08,19:00:00,10413.78,10418.07,10272.5,10304.13,0,0
2018-02-08,20:00:00,10291.77,10415.4,10289.21,10392.33,0,0
2018-02-08,21:00:00,10389.46,10408.91,10304.27,10327.34,0,0
2018-02-08,22:00:00,10324.56,10349.41,10168.41,10168.41,0,0
2018-02-09,16:00:00,10206.57,10211.06,10099.2,10183.04,0,0
2018-02-09,17:00:00,10167.32,10181.69,9970.64,10016.58,0,0
2018-02-09,18:00:00,10023.13,10068.1,9934.03,9940.45,0,0
2018-02-09,19:00:00,9938.23,9941.97,9837.23,9927.6,0,0
2018-02-09,20:00:00,9927.95,9985.48,9808.25,9958.82,0,0
2018-02-09,21:00:00,9946.66,10133.3,9946.66,10024.38,0,0
2018-02-09,22:00:00,10025.65,10210,9960.87,10132.56,0,0
2018-02-12,16:00:00,10177.58,10254.58,10160.27,10165.57,0,0
2018-02-12,17:00:00,10170.33,10211.59,10120.29,10183.83,0,0
2018-02-12,18:00:00,10184.01,10285.91,10145.12,10283.39,0,0
2018-02-12,19:00:00,10287.89,10325.02,10273.37,10284.94,0,0
2018-02-12,20:00:00,10289.63,10368.24,10276.13,10357.03,0,0
2018-02-12,21:00:00,10356.58,10357.11,10299.76,10318.46,0,0
2018-02-12,22:00:00,10319.28,10361.42,10269.36,10296.16,0,0
2018-02-13,16:00:00,10253.77,10283.62,10204.19,10211.81,0,0
2018-02-13,17:00:00,10215.84,10314.72,10197.26,10306.85,0,0
2018-02-13,18:00:00,10299.59,10314.78,10272.04,10300.09,0,0
2018-02-13,19:00:00,10300.33,10317.53,10274.94,10299.44,0,0
2018-02-13,20:00:00,10297.95,10391.78,10297.31,10382.17,0,0
2018-02-13,21:00:00,10382.66,10414.21,10360.21,10387.81,0,0
2018-02-13,22:00:00,10387.78,10391.69,10366.84,10380.93,0,0
2018-02-14,16:00:00,10322.25,10385.17,10294.08,10354.54,0,0
2018-02-14,17:00:00,10355.74,10466.58,10331.26,10415.58,0,0
2018-02-14,18:00:00,10418.5,10444.65,10387.57,10400.34,0,0
2018-02-14,19:00:00,10398.79,10439.16,10398.79,10426.29,0,0
2018-02-14,20:00:00,10426.77,10479.78,10424.17,10467.25,0,0
2018-02-14,21:00:00,10465.74,10480.2,10433.93,10463.79,0,0
2018-02-14,22:00:00,10462.95,10495.06,10462.95,10483.04,0,0
2018-02-15,16:00:00,10523.55,10534.86,10473.82,10487.64,0,0
2018-02-15,17:00:00,10487.61,10491.95,10399.78,10399.78,0,0
2018-02-15,18:00:00,10388.14,10447.41,10367.47,10432.48,0,0
2018-02-15,19:00:00,10434.15,10459.19,10421.47,10444.1,0,0
2018-02-15,20:00:00,10444.54,10482.03,10444.54,10480.76,0,0
2018-02-15,21:00:00,10481.54,10513.92,10481.03,10502.23,0,0
2018-02-15,22:00:00,10503.24,10556.93,10502.15,10556.93,0,0
2018-02-16,16:00:00,10540.83,10541.44,10480.71,10482.39,0,0
2018-02-16,17:00:00,10480.62,10538.77,10469.32,10516.47,0,0
2018-02-16,18:00:00,10519.56,10576.73,10518.02,10574.12,0,0
2018-02-16,19:00:00,10572.49,10609.75,10557.82,10575.22,0,0
2018-02-16,20:00:00,10576.32,10587.1,10524.6,10548.71,0,0
2018-02-16,21:00:00,10548.25,10563.23,10481.84,10552.27,0,0
2018-02-16,22:00:00,10552.89,10568.78,10502.6,10503.38,0,0
2018-02-20,16:00:00,10460.7,10474.84,10414.7,10417.17,0,0
2018-02-20,17:00:00,10415.92,10421.16,10378.76,10381.26,0,0
2018-02-20,18:00:00,10384.37,10426.59,10377.56,10419.06,0,0
2018-02-20,19:00:00,10419.29,10423.39,10379.16,10398.77,0,0
2018-02-20,20:00:00,10395.87,10399.12,10353.6,10372.24,0,0
2018-02-20,21:00:00,10375.76,10378.21,10345.44,10345.44,0,0
2018-02-20,22:00:00,10343.19,10357.8,10304.78,10343.04,0,0
2018-02-21,16:00:00,10330.9,10456.19,10323.02,10442.09,0,0
2018-02-21,17:00:00,10442.42,10531.06,10441.65,10523.91,0,0
2018-02-21,18:00:00,10525.62,10532.76,10485.42,10485.42,0,0
2018-02-21,19:00:00,10484.42,10513.43,10460.06,10509.73,0,0
2018-02-21,20:00:00,10509.92,10529.77,10499.04,10523.89,0,0
2018-02-21,21:00:00,10521.94,10560.49,10469.44,10481.01,0,0
2018-02-21,22:00:00,10475.58,10475.58,10371.93,10372.48,0,0
2018-02-22,16:00:00,10462.48,10499.94,10423.57,10428.72,0,0
2018-02-22,17:00:00,10451.92,10502.28,10432.79,10476.55,0,0
2018-02-22,18:00:00,10474.88,10541.55,10474.21,10537.28,0,0
2018-02-22,19:00:00,10538.01,10546.14,10490.96,10499.32,0,0
2018-02-22,20:00:00,10494.68,10508.29,10444.95,10458.06,0,0
2018-02-22,21:00:00,10457.13,10489.72,10415.77,10417.26,0,0
2018-02-22,22:00:00,10415.18,10462.91,10406.3,10430.95,0,0
2018-02-23,16:00:00,10491.4,10539.8,10480.39,10489.1,0,0
2018-02-23,17:00:00,10494.87,10529.31,10474.62,10519.5,0,0
2018-02-23,18:00:00,10518.12,10545.37,10518.12,10539.59,0,0
2018-02-23,19:00:00,10538.94,10542.71,10504.68,10512.77,0,0
2018-02-23,20:00:00,10512.4,10512.4,10486.23,10498.68,0,0
2018-02-23,21:00:00,10498.33,10541.63,10485.8,10533.85,0,0
2018-02-23,22:00:00,10535.32,10577.75,10531.66,10577.72,0,0
2018-02-26,16:00:00,10641.58,10685.33,10625.55,10628.13,0,0
2018-02-26,17:00:00,10626.7,10659.94,10606.34,10642.89,0,0
2018-02-26,18:00:00,10641.82,10678.82,10637.73,10660.76,0,0
2018-02-26,19:00:00,10661.09,10724.48,10657.83,10719.44,0,0
2018-02-26,20:00:00,10718.54,10760.03,10718.54,10759.51,0,0
2018-02-26,21:00:00,10760.03,10769.96,10741.64,10759.86,0,0
2018-02-26,22:00:00,10760.76,10795.84,10752.71,10770.18,0,0
2018-02-27,16:00:00,10776.66,10821.95,10772.63,10779.56,0,0
2018-02-27,17:00:00,10778.85,10800.07,10688.54,10703.18,0,0
2018-02-27,18:00:00,10690.72,10739.6,10671.45,10672.19,0,0
2018-02-27,19:00:00,10671.69,10695.1,10653.97,10689.4,0,0
2018-02-27,20:00:00,10688.94,10689.39,10640.87,10646.88,0,0
2018-02-27,21:00:00,10652.03,10652.03,10574.52,10595.97,0,0
2018-02-27,22:00:00,10594.97,10597.53,10530.83,10531.02,0,0
2018-02-28,16:00:00,10551.89,10558.77,10473.85,10499.34,0,0
2018-02-28,17:00:00,10507.39,10572.41,10486.64,10501.32,0,0
2018-02-28,18:00:00,10505.6,10509.89,10455.4,10493.09,0,0
2018-02-28,19:00:00,10496.32,10547.96,10496.32,10537.61,0,0
2018-02-28,20:00:00,10537.91,10557.9,10520.32,10556.35,0,0
2018-02-28,21:00:00,10557.81,10571.87,10472.52,10472.95,0,0
2018-02-28,22:00:00,10475.82,10481.96,10385.31,10385.31,0,0
2018-03-01,16:00:00,10383,10400.93,10311.24,10362.71,0,0
2018-03-01,17:00:00,10354.78,10533.45,10354.78,10451.83,0,0
2018-03-01,18:00:00,10459.42,10535.73,10455.97,10521.05,0,0
2018-03-01,19:00:00,10518.52,10518.52,10435.09,10443.35,0,0
2018-03-01,20:00:00,10436,10436,10329.43,10329.43,0,0
2018-03-01,21:00:00,10329.86,10330.69,10259.57,10314.35,0,0
2018-03-01,22:00:00,10311.88,10382.05,10290.24,10330.97,0,0
2018-03-02,16:00:00,10261.6,10261.6,10191.06,10242.14,0,0
2018-03-02,17:00:00,10254.02,10262.33,10174,10192.59,0,0
2018-03-02,18:00:00,10189.99,10250.26,10146.57,10250.26,0,0
2018-03-02,19:00:00,10249.4,10307.39,10234.37,10303.87,0,0
2018-03-02,20:00:00,10299.08,10300.12,10236.97,10260.81,0,0
2018-03-02,21:00:00,10264.06,10323.5,10263.02,10289.14,0,0
2018-03-02,22:00:00,10285.9,10362.45,10265.28,10337.24,0,0
2018-03-05,16:00:00,10243.68,10303.2,10193.19,10193.19,0,0
2018-03-05,17:00:00,10193.31,10228.43,10174.41,10228.43,0,0
2018-03-05,18:00:00,10233.94,10320.57,10233.94,10303.26,0,0
2018-03-05,19:00:00,10302.68,10326.3,10284.52,10306.07,0,0
2018-03-05,20:00:00,10309.17,10336.5,10306.09,10335.95,0,0
2018-03-05,21:00:00,10338.4,10346.02,10299.5,10345.72,0,0
2018-03-05,22:00:00,10345.2,10378.55,10332.86,10346.76,0,0
2018-03-06,16:00:00,10376.85,10389.7,10358.84,10379.83,0,0
2018-03-06,17:00:00,10374.54,10421.52,10347.42,10349.99,0,0
2018-03-06,18:00:00,10346.72,10372,10326.76,10371.61,0,0
2018-03-06,19:00:00,10371.67,10445.85,10362.04,10442.98,0,0
2018-03-06,20:00:00,10446.72,10450.72,10397.24,10411.1,0,0
2018-03-06,21:00:00,10411.44,10439.12,10397.81,10424.73,0,0
2018-03-06,22:00:00,10422.23,10447.41,10407.57,10431.56,0,0
2018-03-07,16:00:00,10356.7,10405.22,10333.01,10362.39,0,0
2018-03-07,17:00:00,10358.95,10428.51,10351.72,10424.67,0,0
2018-03-07,18:00:00,10423.38,10427.99,10382.83,10382.83,0,0
2018-03-07,19:00:00,10382.02,10397.38,10356.06,10392.14,0,0
2018-03-07,20:00:00,10387.66,10399.89,10357.23,10394.86,0,0
2018-03-07,21:00:00,10395.4,10410.47,10383.15,10391.44,0,0
2018-03-07,22:00:00,10394.57,10431.16,10394.57,10407.17,0,0
2018-03-08,16:00:00,10443.04,10490.51,10443.04,10490.51,0,0
2018-03-08,17:00:00,10477.61,10477.61,10455.18,10461.34,0,0
2018-03-08,18:00:00,10445.97,10445.97,10417.82,10424.35,0,0
2018-03-08,19:00:00,10421.5,10421.5,10369.43,10388.32,0,0
2018-03-08,20:00:00,10391.74,10399.55,10348.4,10371.51,0,0
2018-03-08,21:00:00,10371.61,10422.29,10344.26,10422.29,0,0
2018-03-08,22:00:00,10423.7,10471.24,10423.7,10467.89,0,0
2018-03-09,16:00:00,10535.77,10544.94,10511.89,10541.32,0,0
2018-03-09,17:00:00,10541.96,10630.18,10537.38,10628.1,0,0
2018-03-09,18:00:00,10628.93,10648.81,10621.7,10635.88,0,0
2018-03-09,19:00:00,10639.5,10691.95,10637.28,10676.65,0,0
2018-03-09,20:00:00,10677.81,10712.58,10677.04,10698.58,0,0
2018-03-09,21:00:00,10698.53,10711.04,10690.13,10702.8,0,0
2018-03-09,22:00:00,10702.31,10741.16,10689.7,10740.25,0,0
2018-03-12,15:00:00,10750.85,10756.65,10726.39,10755.13,0,0
2018-03-12,16:00:00,10754.24,10754.24,10708.09,10708.09,0,0
2018-03-12,17:00:00,10704.38,10723.99,10677.42,10718.28,0,0
2018-03-12,18:00:00,10718.32,10735.7,10697.99,10710.26,0,0
2018-03-12,19:00:00,10710.53,10731.1,10701.72,10712.45,0,0
2018-03-12,20:00:00,10712.57,10724.07,10686.14,10693.33,0,0
2018-03-12,21:00:00,10693.94,10738.2,10693.94,10710.89,0,0
2018-03-13,15:00:00,10744.39,10818.41,10744.03,10814.29,0,0
2018-03-13,16:00:00,10814.8,10823.55,10780.09,10795.57,0,0
2018-03-13,17:00:00,10796.86,10818.59,10786.13,10802.95,0,0
2018-03-13,18:00:00,10803.34,10824.06,10763.87,10818.85,0,0
2018-03-13,19:00:00,10818.08,10837.15,10810.96,10814.1,0,0
2018-03-13,20:00:00,10812.52,10824.76,10774.26,10785.27,0,0
2018-03-13,21:00:00,10785.94,10794.83,10749.48,10760.49,0,0
2018-03-14,15:00:00,10776.03,10794.08,10737.46,10742.58,0,0
2018-03-14,16:00:00,10745.21,10751.25,10709.61,10719.54,0,0
2018-03-14,17:00:00,10717.44,10721.13,10650.14,10657.97,0,0
2018-03-14,18:00:00,10663.47,10667.58,10630.72,10649.87,0,0
2018-03-14,19:00:00,10647.49,10702.15,10623.68,10698.88,0,0
2018-03-14,20:00:00,10698.88,10699.12,10604.57,10620.65,0,0
2018-03-14,21:00:00,10622.26,10622.26,10558.85,10571.28,0,0
2018-03-15,15:00:00,10582.5,10613.77,10565.41,10565.41,0,0
2018-03-15,16:00:00,10553.42,10600,10549.31,10600,0,0
2018-03-15,17:00:00,10611.9,10648.16,10598.2,10598.2,0,0
2018-03-15,18:00:00,10598.2,10613.72,10590.46,10607.28,0,0
2018-03-15,19:00:00,10604.82,10627.8,10587.33,10587.33,0,0
2018-03-15,20:00:00,10582.34,10606.64,10573.76,10595.44,0,0
2018-03-15,21:00:00,10593.61,10611.87,10577.03,10596.87,0,0
2018-03-16,15:00:00,10607.71,10669.34,10607.71,10647.69,0,0
2018-03-16,16:00:00,10648.21,10708.13,10648.21,10708.13,0,0
2018-03-16,17:00:00,10704.97,10737.99,10692.45,10698.93,0,0
2018-03-16,18:00:00,10697.49,10724.91,10686.83,10719.4,0,0
2018-03-16,19:00:00,10719.61,10721.96,10672.02,10678.06,0,0
2018-03-16,20:00:00,10680.9,10689.99,10677.73,10678.85,0,0
2018-03-16,21:00:00,10677.64,10715.89,10662.26,10687.94,0,0
2018-03-19,15:00:00,10656.71,10691.65,10651.83,10689.77,0,0
2018-03-19,16:00:00,10688.73,10689.47,10631.39,10639.11,0,0
2018-03-19,17:00:00,10635.19,10643.1,10595.01,10601.62,0,0
2018-03-19,18:00:00,10601.9,10615.16,10585.46,10596.97,0,0
2018-03-19,19:00:00,10596.57,10596.57,10543.97,10585.41,0,0
2018-03-19,20:00:00,10588.02,10600.09,10549.52,10594.64,0,0
2018-03-19,21:00:00,10595.49,10661.45,10582.96,10647.09,0,0
2018-03-20,15:00:00,10673.03,10720.7,10673.03,10685.71,0,0
2018-03-20,16:00:00,10687.31,10706.68,10673.09,10706.68,0,0
2018-03-20,17:00:00,10711.01,10716.77,10689.13,10708.06,0,0
2018-03-20,18:00:00,10707.89,10709.06,10686.65,10692.62,0,0
2018-03-20,19:00:00,10694.53,10705.98,10672.79,10674.28,0,0
2018-03-20,20:00:00,10673.55,10715.92,10662.13,10698.97,0,0
2018-03-20,21:00:00,10700.51,10715.78,10674.9,10698.45,0,0
2018-03-21,15:00:00,10663.25,10719.77,10656.76,10679.92,0,0
2018-03-21,16:00:00,10672.45,10740.52,10669.39,10734.89,0,0
2018-03-21,17:00:00,10735.17,10792.64,10732.2,10780.5,0,0
2018-03-21,18:00:00,10779.01,10793.54,10766.6,10771.26,0,0
2018-03-21,19:00:00,10771.73,10774.72,10744.19,10756.74,0,0
2018-03-21,20:00:00,10754.42,10778.44,10679.23,10699.42,0,0
2018-03-21,21:00:00,10694.83,10750.18,10659.04,10659.04,0,0
2018-03-22,15:00:00,10584.91,10584.91,10534.58,10547.79,0,0
2018-03-22,16:00:00,10543.5,10602.1,10480.43,10480.43,0,0
2018-03-22,17:00:00,10485.05,10496.43,10397.49,10425.7,0,0
2018-03-22,18:00:00,10420.38,10521.69,10412.64,10495.79,0,0
2018-03-22,19:00:00,10492.67,10564.36,10470.51,10530.62,0,0
2018-03-22,20:00:00,10532.47,10535.25,10450.45,10456.89,0,0
2018-03-22,21:00:00,10452.26,10471.38,10347.91,10351.18,0,0
2018-03-23,15:00:00,10363.64,10430.64,10363.64,10388.79,0,0
2018-03-23,16:00:00,10393.27,10404.95,10355.02,10387.84,0,0
2018-03-23,17:00:00,10387.27,10393.85,10300.18,10305.76,0,0
2018-03-23,18:00:00,10310.45,10348.83,10310.45,10328.53,0,0
2018-03-23,19:00:00,10324.43,10388.39,10320.41,10386.36,0,0
2018-03-23,20:00:00,10389.89,10396.07,10235.81,10246.94,0,0
2018-03-23,21:00:00,10242.08,10268.81,10142.21,10164.84,0,0
2018-03-26,16:00:00,10294.36,10331.61,10270.09,10327.48,0,0
2018-03-26,17:00:00,10330.51,10334.97,10230.59,10235.83,0,0
2018-03-26,18:00:00,10238.74,10248.54,10167.19,10227.44,0,0
2018-03-26,19:00:00,10231.47,10265.83,10216.08,10232.94,0,0
2018-03-26,20:00:00,10230.31,10274.35,10229.37,10253.57,0,0
2018-03-26,21:00:00,10255.1,10331.34,10254.92,10306.85,0,0
2018-03-26,22:00:00,10305.12,10385.95,10304.24,10370.71,0,0
2018-03-27,16:00:00,10408.92,10409.65,10310.7,10344.76,0,0
2018-03-27,17:00:00,10348.31,10370.77,10319.26,10348.91,0,0
2018-03-27,18:00:00,10347.33,10425.71,10328.27,10416.62,0,0
2018-03-27,19:00:00,10414.18,10423.63,10388.29,10411.74,0,0
2018-03-27,20:00:00,10413.75,10444.96,10351.77,10378.98,0,0
2018-03-27,21:00:00,10376.63,10393.88,10294.44,10294.44,0,0
2018-03-27,22:00:00,10294.02,10296.8,10140.15,10183.77,0,0
2018-03-28,16:00:00,10185.45,10194.51,10111.36,10184.66,0,0
2018-03-28,17:00:00,10182.67,10213.95,10113.45,10143.23,0,0
2018-03-28,18:00:00,10147.68,10229.06,10140.5,10200.44,0,0
2018-03-28,19:00:00,10206.64,10289.08,10193.43,10193.43,0,0
2018-03-28,20:00:00,10192.97,10248.76,10180.87,10230.74,0,0
2018-03-28,21:00:00,10232.57,10245.22,10190.19,10195.68,0,0
2018-03-28,22:00:00,10193.86,10221.23,10136.28,10192.4,0,0
2018-03-29,16:00:00,10229.94,10356.39,10229.94,10316.68,0,0
2018-03-29,17:00:00,10321.49,10383.88,10307.16,10372.57,0,0
2018-03-29,18:00:00,10382.02,10400.77,10347.55,10385.99,0,0
2018-03-29,19:00:00,10385.68,10390.68,10364.2,10382.88,0,0
2018-03-29,20:00:00,10381.48,10436.49,10367.36,10424.27,0,0
2018-03-29,21:00:00,10423.82,10478.57,10414.03,10453.58,0,0
2018-03-29,22:00:00,10453.69,10480.45,10396.05,10402.35,0,0
