Date,Time,Open,High,Low,Close,Volume,OpenInt
2017-09-05,16:00:00,741.49,742.14,738.5,738.5,0,0
2017-09-05,17:00:00,738.58,741.01,738.48,740.1,0,0
2017-09-05,18:00:00,739.84,740.68,739.8,740.64,0,0
2017-09-05,19:00:00,740.59,742.6,740.27,741.94,0,0
2017-09-05,20:00:00,741.83,742.65,740.72,740.75,0,0
2017-09-05,21:00:00,740.79,741.52,740.43,741.03,0,0
2017-09-05,22:00:00,741.06,743.11,740.61,742.76,0,0
2017-09-06,16:00:00,744.55,744.55,741.42,741.62,0,0
2017-09-06,17:00:00,742.12,742.12,740.56,742,0,0
2017-09-06,18:00:00,742.31,742.83,741.27,741.93,0,0
2017-09-06,19:00:00,741.9,741.92,740.76,740.76,0,0
2017-09-06,20:00:00,740.77,740.77,738.1,738.63,0,0
2017-09-06,21:00:00,738.62,739.43,737.94,739.43,0,0
2017-09-06,22:00:00,739.43,739.84,738.44,738.44,0,0
2017-09-07,16:00:00,739.64,741.96,738.97,741.83,0,0
2017-09-07,17:00:00,741.98,745.27,741.63,744.49,0,0
2017-09-07,18:00:00,744.53,744.55,742.98,743.07,0,0
2017-09-07,19:00:00,743.06,743.38,741.35,741.81,0,0
2017-09-07,20:00:00,741.84,742.45,741.39,742.17,0,0
2017-09-07,21:00:00,742.17,743.15,742.13,742.88,0,0
2017-09-07,22:00:00,742.76,744.46,741.65,744.21,0,0
2017-09-08,16:00:00,743.04,743.99,741.31,741.88,0,0
2017-09-08,17:00:00,741.95,744.41,741.95,743.5,0,0
2017-09-08,18:00:00,743.49,743.66,742.82,743.02,0,0
2017-09-08,19:00:00,742.94,745.19,742.89,745.01,0,0
2017-09-08,20:00:00,745.01,745.32,744.51,745.1,0,0
2017-09-08,21:00:00,745.04,747.43,744.98,747.29,0,0
2017-09-08,22:00:00,747.3,747.36,746.3,747.01,0,0
2017-09-11,16:00:00,746.86,749.79,746.06,749.55,0,0
2017-09-11,17:00:00,749.56,751.66,749.36,751.48,0,0
2017-09-11,18:00:00,751.8,752.33,751.06,752.2,0,0
2017-09-11,19:00:00,752.21,753.19,752.01,752.82,0,0
2017-09-11,20:00:00,752.82,754.05,752.82,754.05,0,0
2017-09-11,21:00:00,754.03,755.35,753.63,754.93,0,0
2017-09-11,22:00:00,754.95,754.95,753.81,754.76,0,0
2017-09-12,16:00:00,753.83,753.83,749.77,749.77,0,0
2017-09-12,17:00:00,749.96,750.06,746.98,747.37,0,0
2017-09-12,18:00:00,747.42,747.42,745.27,745.33,0,0
2017-09-12,19:00:00,745.33,745.44,743.23,743.52,0,0
2017-09-12,20:00:00,743.48,743.55,739.12,739.39,0,0
2017-09-12,21:00:00,739.16,742.61,738.01,742.46,0,0
2017-09-12,22:00:00,742.44,742.73,741.21,742.15,0,0
2017-09-13,16:00:00,741.76,741.76,738.68,738.7,0,0
2017-09-13,17:00:00,738.44,741.23,738.37,740.3,0,0
2017-09-13,18:00:00,740.34,740.78,739.1,740.38,0,0
2017-09-13,19:00:00,740.51,742.34,740.51,741.19,0,0
2017-09-13,20:00:00,741.17,741.67,739.59,739.59,0,0
2017-09-13,21:00:00,739.6,740.55,739.37,740.3,0,0
2017-09-13,22:00:00,740.15,740.37,738.63,738.65,0,0
2017-09-14,16:00:00,738,739.23,736.65,738.45,0,0
2017-09-14,17:00:00,738.56,742.19,738.56,740.81,0,0
2017-09-14,18:00:00,740.73,742.92,740.41,742.44,0,0
2017-09-14,19:00:00,742.74,743.71,742.56,742.67,0,0
2017-09-14,20:00:00,742.75,744.55,742.56,744.55,0,0
2017-09-14,21:00:00,744.62,745.42,744.02,744.68,0,0
2017-09-14,22:00:00,744.5,745,743.7,745,0,0
2017-09-15,16:00:00,745.7,748.23,745.27,745.27,0,0
2017-09-15,17:00:00,745.07,745.24,743.18,743.3,0,0
2017-09-15,18:00:00,743.21,745.68,743.02,745.43,0,0
2017-09-15,19:00:00,745.44,745.58,744.71,744.71,0,0
2017-09-15,20:00:00,744.74,745.05,744.13,744.23,0,0
2017-09-15,21:00:00,744.28,745.35,743.88,745.35,0,0
2017-09-15,22:00:00,745.46,746.31,745.2,746.31,0,0
2017-09-18,16:00:00,745.52,745.98,743.42,744.61,0,0
2017-09-18,17:00:00,744.74,744.91,741.19,741.19,0,0
2017-09-18,18:00:00,741.17,741.7,740.65,741.01,0,0
2017-09-18,19:00:00,741.01,741.01,737.57,738.2,0,0
2017-09-18,20:00:00,738.31,738.46,734.02,734.02,0,0
2017-09-18,21:00:00,733.97,737.53,733.33,737.32,0,0
2017-09-18,22:00:00,737.31,738.77,736.72,738.77,0,0
2017-09-19,16:00:00,739.2,739.79,737.53,737.53,0,0
2017-09-19,17:00:00,737.12,737.81,735.55,737.26,0,0
2017-09-19,18:00:00,737.2,738.74,736.37,736.64,0,0
2017-09-19,19:00:00,736.58,737.09,735.95,736.27,0,0
2017-09-19,20:00:00,736.29,737.43,736,737.14,0,0
2017-09-19,21:00:00,736.83,737.44,736.08,736.98,0,0
2017-09-19,22:00:00,736.99,738.2,736.62,736.62,0,0
2017-09-20,16:00:00,738.73,739.3,735.81,736.79,0,0
2017-09-20,17:00:00,736.7,737.59,735.92,737.59,0,0
2017-09-20,18:00:00,737.67,737.93,735.25,735.38,0,0
2017-09-20,19:00:00,735.38,735.74,734.88,735.13,0,0
2017-09-20,20:00:00,735.11,737.13,735.07,736.6,0,0
2017-09-20,21:00:00,735.38,735.38,728.65,729.52,0,0
2017-09-20,22:00:00,729.32,732.37,728.88,731.37,0,0
2017-09-21,16:00:00,731.73,734.49,730.9,734.36,0,0
2017-09-21,17:00:00,734.18,735.61,733.71,733.86,0,0
2017-09-21,18:00:00,733.83,734.34,732.35,732.83,0,0
2017-09-21,19:00:00,732.83,732.91,731.7,732.01,0,0
2017-09-21,20:00:00,732.01,732.74,730.81,732.04,0,0
2017-09-21,21:00:00,732.04,732.07,730.79,730.94,0,0
2017-09-21,22:00:00,731.18,731.79,730.27,730.85,0,0
2017-09-22,16:00:00,732.7,732.7,729.11,729.41,0,0
2017-09-22,17:00:00,729.28,729.37,727.57,727.96,0,0
2017-09-22,18:00:00,728.06,729.34,727.68,729.17,0,0
2017-09-22,19:00:00,729.17,730.08,728.42,729.27,0,0
2017-09-22,20:00:00,729.25,729.36,728.25,728.25,0,0
2017-09-22,21:00:00,728.21,728.35,726.65,727.24,0,0
2017-09-22,22:00:00,727.41,727.55,726.28,726.61,0,0
2017-09-25,16:00:00,727.11,727.29,725.81,726.8,0,0
2017-09-25,17:00:00,726.63,729.22,726.6,727.93,0,0
2017-09-25,18:00:00,728.11,731.56,727.57,731.41,0,0
2017-09-25,19:00:00,731.43,732.75,730.48,730.48,0,0
2017-09-25,20:00:00,730.48,730.48,728.44,728.62,0,0
2017-09-25,21:00:00,728.61,731.03,728.59,730.5,0,0
2017-09-25,22:00:00,730.54,732.36,730.44,732.36,0,0
2017-09-26,16:00:00,731.35,731.67,729.83,731.47,0,0
2017-09-26,17:00:00,731.36,733.09,730.43,732.91,0,0
2017-09-26,18:00:00,732.95,734.01,732.63,733.21,0,0
2017-09-26,19:00:00,733.19,733.36,730.24,730.64,0,0
2017-09-26,20:00:00,730.71,731.35,730.41,731.35,0,0
2017-09-26,21:00:00,731.43,732.11,730.73,731.94,0,0
2017-09-26,22:00:00,731.85,732.94,731.6,731.71,0,0
2017-09-27,16:00:00,728.03,729.51,725.69,725.96,0,0
2017-09-27,17:00:00,726.32,727.63,724.4,724.59,0,0
2017-09-27,18:00:00,724.45,725.58,724.28,725.05,0,0
2017-09-27,19:00:00,724.99,725.25,722.61,722.76,0,0
2017-09-27,20:00:00,722.86,723.19,718.63,718.63,0,0
2017-09-27,21:00:00,718.7,723.62,718.48,722.85,0,0
2017-09-27,22:00:00,722.91,723.58,721.81,722.07,0,0
2017-09-28,16:00:00,718.78,719.55,717.47,717.57,0,0
2017-09-28,17:00:00,717.32,722.39,716.66,721.34,0,0
2017-09-28,18:00:00,721.65,723.75,720.77,722.83,0,0
2017-09-28,19:00:00,722.76,723.63,722.63,722.96,0,0
2017-09-28,20:00:00,723,724.21,722.78,724.12,0,0
2017-09-28,21:00:00,724.09,725.14,723.83,724.21,0,0
2017-09-28,22:00:00,724.24,724.28,723.19,723.67,0,0
2017-09-29,16:00:00,723.49,724.08,722.11,722.49,0,0
2017-09-29,17:00:00,722.4,723.61,720.62,723.25,0,0
2017-09-29,18:00:00,723.28,725.86,722.81,724.67,0,0
2017-09-29,19:00:00,724.66,724.74,723.47,723.57,0,0
2017-09-29,20:00:00,723.54,724.64,723.48,724.09,0,0
2017-09-29,21:00:00,724.08,724.68,723.12,723.48,0,0
2017-09-29,22:00:00,723.44,724.34,722.79,723.43,0,0
2017-10-02,16:00:00,725.26,726.84,723.65,725.79,0,0
2017-10-02,17:00:00,724.72,727.35,722.74,726.67,0,0
2017-10-02,18:00:00,726.64,727.32,725.66,727.32,0,0
2017-10-02,19:00:00,727.37,728.4,726.78,728.28,0,0
2017-10-02,20:00:00,728.14,728.3,727.39,727.66,0,0
2017-10-02,21:00:00,727.66,727.67,726.78,726.79,0,0
2017-10-02,22:00:00,726.67,727.34,724.4,725.12,0,0
2017-10-03,16:00:00,724.58,724.66,718.99,720.32,0,0
2017-10-03,17:00:00,720.07,721.53,719.25,721.12,0,0
2017-10-03,18:00:00,721.26,722.75,721.25,722.08,0,0
2017-10-03,19:00:00,722.03,722.92,721.65,722.75,0,0
2017-10-03,20:00:00,722.72,722.72,721.48,722.13,0,0
2017-10-03,21:00:00,722.22,723.23,721.92,723.01,0,0
2017-10-03,22:00:00,723.01,723.94,722.72,723.69,0,0
2017-10-04,16:00:00,723.99,725.04,722.36,724.63,0,0
2017-10-04,17:00:00,724.44,725.48,723.65,725.38,0,0
2017-10-04,18:00:00,725.44,727.33,725.4,727.33,0,0
2017-10-04,19:00:00,727.57,729.32,726.99,729.05,0,0
2017-10-04,20:00:00,728.99,730.32,728.32,730,0,0
2017-10-04,21:00:00,730.01,730.07,729.34,729.91,0,0
2017-10-04,22:00:00,729.91,731.73,729.81,731.54,0,0
2017-10-05,16:00:00,731.57,731.57,728.1,730.33,0,0
2017-10-05,17:00:00,730.5,731.56,729.83,731.16,0,0
2017-10-05,18:00:00,731.4,732.74,730.5,731.26,0,0
2017-10-05,19:00:00,731.2,731.21,729.11,729.43,0,0
2017-10-05,20:00:00,729.44,729.85,729.21,729.62,0,0
2017-10-05,21:00:00,729.7,730.66,729.39,730.37,0,0
2017-10-05,22:00:00,730.43,731.9,730.43,731.76,0,0
2017-10-06,16:00:00,729.74,729.94,725.92,727.99,0,0
2017-10-06,17:00:00,727.63,728.61,727.2,728.38,0,0
2017-10-06,18:00:00,728.44,731.37,728.43,730.6,0,0
2017-10-06,19:00:00,730.63,731.32,729.75,730.54,0,0
2017-10-06,20:00:00,730.57,731.17,730.11,730.44,0,0
2017-10-06,21:00:00,730.41,730.54,729.68,730.54,0,0
2017-10-06,22:00:00,730.51,731.03,729.78,731,0,0
2017-10-09,16:00:00,732.28,733.58,731.79,731.81,0,0
2017-10-09,17:00:00,731.68,733.54,731.44,733.32,0,0
2017-10-09,18:00:00,733.32,733.68,732.77,733.63,0,0
2017-10-09,19:00:00,733.71,733.83,732.86,733.14,0,0
2017-10-09,20:00:00,733.17,733.2,732.5,732.73,0,0
2017-10-09,21:00:00,732.71,733.2,731.68,731.83,0,0
2017-10-09,22:00:00,731.76,731.8,730.96,731.64,0,0
2017-10-10,16:00:00,732.25,735.3,731.24,735.3,0,0
2017-10-10,17:00:00,735.25,738.28,735.01,738.28,0,0
2017-10-10,18:00:00,738.33,738.48,737.29,738.28,0,0
2017-10-10,19:00:00,738.3,739.03,737.95,738.47,0,0
2017-10-10,20:00:00,738.46,738.73,736.72,738.14,0,0
2017-10-10,21:00:00,738.13,738.27,737.45,738.06,0,0
2017-10-10,22:00:00,737.97,739.44,737.76,739.44,0,0
2017-10-11,16:00:00,738.66,745.78,738.18,743.24,0,0
2017-10-11,17:00:00,743.27,743.87,739.27,739.65,0,0
2017-10-11,18:00:00,739.65,741.37,739.46,740.99,0,0
2017-10-11,19:00:00,741.01,741.36,740.73,741.1,0,0
2017-10-11,20:00:00,741.03,741.93,740.92,741.65,0,0
2017-10-11,21:00:00,741.66,742.92,740.27,740.95,0,0
2017-10-11,22:00:00,740.87,742.66,740.73,742.42,0,0
2017-10-12,16:00:00,742.74,744.36,742.69,743.8,0,0
2017-10-12,17:00:00,744.08,746.7,743.58,746.32,0,0
2017-10-12,18:00:00,746.22,746.22,743.81,743.88,0,0
2017-10-12,19:00:00,743.89,745.29,743.42,745.28,0,0
2017-10-12,20:00:00,745.25,745.93,744.99,745.17,0,0
2017-10-12,21:00:00,745.2,746.88,744.96,746.05,0,0
2017-10-12,22:00:00,746.14,746.21,743.6,744.88,0,0
2017-10-13,16:00:00,745.24,747.06,738.01,741.14,0,0
2017-10-13,17:00:00,741.23,745,740.32,742.03,0,0
2017-10-13,18:00:00,741.97,742.55,740.43,740.63,0,0
2017-10-13,19:00:00,740.54,741.16,739.35,741.12,0,0
2017-10-13,20:00:00,741.16,741.16,738.56,738.56,0,0
2017-10-13,21:00:00,738.58,738.89,735.44,737.67,0,0
2017-10-13,22:00:00,737.67,738.76,736.85,737.17,0,0
2017-10-16,16:00:00,737.71,738.78,732.58,732.78,0,0
2017-10-16,17:00:00,732.67,733.33,727.64,728.66,0,0
2017-10-16,18:00:00,728.76,733.35,728.2,733.12,0,0
2017-10-16,19:00:00,733.03,735.1,733.03,734.4,0,0
2017-10-16,20:00:00,734.36,736.02,734.35,735.35,0,0
2017-10-16,21:00:00,735.37,735.56,733.56,735.1,0,0
2017-10-16,22:00:00,734.91,735.02,733.61,734.8,0,0
2017-10-17,16:00:00,736.3,737.69,735.3,735.72,0,0
2017-10-17,17:00:00,735.52,736,733.32,733.7,0,0
2017-10-17,18:00:00,733.85,735.66,733.45,735.19,0,0
2017-10-17,19:00:00,735.18,736.74,734.89,735.46,0,0
2017-10-17,20:00:00,735.42,737.28,735.15,737.12,0,0
2017-10-17,21:00:00,737.17,742.26,736.98,738.38,0,0
2017-10-17,22:00:00,738.17,741.04,737.8,740.6,0,0
2017-10-18,16:00:00,739.9,740.97,737.64,738.18,0,0
2017-10-18,17:00:00,738.04,738.17,736.58,737.28,0,0
2017-10-18,18:00:00,737.3,737.65,736.54,737.13,0,0
2017-10-18,19:00:00,737.17,737.89,736.73,737.69,0,0
2017-10-18,20:00:00,737.69,738.91,737.65,738.64,0,0
2017-10-18,21:00:00,738.69,739.16,738.54,738.54,0,0
2017-10-18,22:00:00,738.55,740.14,738.51,739.55,0,0
2017-10-19,16:00:00,740.86,743.36,740.57,741.47,0,0
2017-10-19,17:00:00,741.55,743.59,741.55,743.19,0,0
2017-10-19,18:00:00,743.32,746.16,743.26,745.99,0,0
2017-10-19,19:00:00,746.01,746.1,745.3,745.77,0,0
2017-10-19,20:00:00,745.8,746.33,745.09,746.1,0,0
2017-10-19,21:00:00,746.14,746.84,745.32,746.38,0,0
2017-10-19,22:00:00,746.37,747.94,746.11,747.94,0,0
2017-10-20,16:00:00,747.29,748.39,746.51,747.7,0,0
2017-10-20,17:00:00,747.52,750.17,747.14,749.43,0,0
2017-10-20,18:00:00,749.41,749.41,746.12,746.82,0,0
2017-10-20,19:00:00,746.87,747.41,746.18,746.24,0,0
2017-10-20,20:00:00,746.22,746.22,745.42,745.46,0,0
2017-10-20,21:00:00,745.42,747.58,745.42,747.15,0,0
2017-10-20,22:00:00,747.01,749.15,746.68,749.15,0,0
2017-10-23,16:00:00,749,749.19,746.03,746.52,0,0
2017-10-23,17:00:00,746.49,747.11,745.92,746.65,0,0
2017-10-23,18:00:00,746.69,748.05,746.57,747.58,0,0
2017-10-23,19:00:00,747.61,747.8,746.66,747.31,0,0
2017-10-23,20:00:00,747.29,748.99,747.21,748.91,0,0
2017-10-23,21:00:00,748.9,749.49,748.32,749.37,0,0
2017-10-23,22:00:00,749.39,750.69,748.61,749.77,0,0
2017-10-24,16:00:00,748.8,749.04,747.36,747.5,0,0
2017-10-24,17:00:00,747.44,748.91,745.96,746.11,0,0
2017-10-24,18:00:00,746.06,747.37,745.42,747.37,0,0
2017-10-24,19:00:00,747.36,747.42,746.05,747.11,0,0
2017-10-24,20:00:00,747.11,747.68,746.23,746.41,0,0
2017-10-24,21:00:00,746.42,748.05,746.18,747.87,0,0
2017-10-24,22:00:00,747.87,750.09,747.51,749.37,0,0
2017-10-25,16:00:00,747.28,747.28,737.91,738.29,0,0
2017-10-25,17:00:00,738.19,739.94,737.56,739.53,0,0
2017-10-25,18:00:00,739.69,743.67,739.47,742.9,0,0
2017-10-25,19:00:00,742.87,743,740.56,741.53,0,0
2017-10-25,20:00:00,741.57,744.86,741.3,744.19,0,0
2017-10-25,21:00:00,744.18,746.1,744.18,746.08,0,0
2017-10-25,22:00:00,746.12,747.52,744.68,746.41,0,0
2017-10-26,16:00:00,749.81,753.33,749.6,752.44,0,0
2017-10-26,17:00:00,753.25,753.25,747.72,749.72,0,0
2017-10-26,18:00:00,749.6,749.6,746.37,748.62,0,0
2017-10-26,19:00:00,748.26,750.18,747.84,748.52,0,0
2017-10-26,20:00:00,748.6,749.64,746.9,747.94,0,0
2017-10-26,21:00:00,747.98,749.47,747.98,748.23,0,0
2017-10-26,22:00:00,748.26,749.38,746.55,746.55,0,0
2017-10-27,16:00:00,745.33,747.65,745.07,745.41,0,0
2017-10-27,17:00:00,745.81,753.97,745.81,752.11,0,0
2017-10-27,18:00:00,752.23,753.45,750.8,750.81,0,0
2017-10-27,19:00:00,750.97,751.84,750.55,751.84,0,0
2017-10-27,20:00:00,751.81,751.81,749.91,750.53,0,0
2017-10-27,21:00:00,750.55,751.48,750.01,750.74,0,0
2017-10-27,22:00:00,750.76,751.64,749.89,751.53,0,0
2017-10-30,15:00:00,750.81,750.95,749.53,750.41,0,0
2017-10-30,16:00:00,750.45,753.14,749.7,752,0,0
2017-10-30,17:00:00,752.08,752.12,750.27,751.12,0,0
2017-10-30,18:00:00,751.08,752.49,750.56,751.57,0,0
2017-10-30,19:00:00,751.59,752.64,751.59,751.8,0,0
2017-10-30,20:00:00,751.84,752.63,751.17,751.92,0,0
2017-10-30,21:00:00,751.88,753.06,751.2,752.4,0,0
2017-10-31,15:00:00,751.2,754.51,750.82,752.64,0,0
2017-10-31,16:00:00,752.34,753.46,750.28,751.94,0,0
2017-10-31,17:00:00,751.98,753.68,751.98,753.41,0,0
2017-10-31,18:00:00,753.46,753.68,752.12,752.29,0,0
2017-10-31,19:00:00,752.34,753.14,751.91,752.09,0,0
2017-10-31,20:00:00,752.07,752.96,751.07,752.78,0,0
2017-10-31,21:00:00,752.82,754.85,752.1,753.22,0,0
2017-11-01,15:00:00,754.36,754.71,748.73,751.47,0,0
2017-11-01,16:00:00,752.31,753.05,749.92,752.43,0,0
2017-11-01,17:00:00,752.47,752.69,749,750.03,0,0
2017-11-01,18:00:00,749.87,751.54,749.64,750.73,0,0
2017-11-01,19:00:00,750.83,752.33,749.49,751.87,0,0
2017-11-01,20:00:00,751.89,754.07,749.5,749.5,0,0
2017-11-01,21:00:00,749.47,750.22,748.06,748.67,0,0
2017-11-02,15:00:00,750.43,752.17,748.44,750.5,0,0
2017-11-02,16:00:00,750.01,751.38,748.55,750.76,0,0
2017-11-02,17:00:00,750.86,755,750.42,754.47,0,0
2017-11-02,18:00:00,754.67,755.17,746.57,749.16,0,0
2017-11-02,19:00:00,749.19,753.05,749.19,752.47,0,0
2017-11-02,20:00:00,752.46,752.72,750.01,751.14,0,0
2017-11-02,21:00:00,751.04,751.64,749.97,750.88,0,0
2017-11-03,15:00:00,748.85,755.35,748.13,753.5,0,0
2017-11-03,16:00:00,752.49,754.55,751.43,753.27,0,0
2017-11-03,17:00:00,753.25,754.94,752.8,754.3,0,0
2017-11-03,18:00:00,754.12,755.49,753.86,753.98,0,0
2017-11-03,19:00:00,754.01,755.49,753.66,754.46,0,0
2017-11-03,20:00:00,754.33,755.69,753.61,754.63,0,0
2017-11-03,21:00:00,754.59,755.45,752.9,753.37,0,0
2017-11-06,16:00:00,753.04,753.04,749.65,750.42,0,0
2017-11-06,17:00:00,750.48,752.99,750.45,752.91,0,0
2017-11-06,18:00:00,753.04,753.65,752.05,753.13,0,0
2017-11-06,19:00:00,753.26,753.65,752.4,752.52,0,0
2017-11-06,20:00:00,752.53,753.21,751.6,751.86,0,0
2017-11-06,21:00:00,751.83,751.83,749.89,750.81,0,0
2017-11-06,22:00:00,750.81,751.63,748.87,749.26,0,0
2017-11-07,16:00:00,750.21,753.95,747.92,753.71,0,0
2017-11-07,17:00:00,753.78,756.02,752.89,756.02,0,0
2017-11-07,18:00:00,756.01,757.86,755.92,757.08,0,0
2017-11-07,19:00:00,757.13,759.13,756.33,758.29,0,0
2017-11-07,20:00:00,758.31,759.45,758.25,758.67,0,0
2017-11-07,21:00:00,758.59,759.31,757.72,759.31,0,0
2017-11-07,22:00:00,759.4,759.67,758.05,758.86,0,0
2017-11-08,16:00:00,757.64,761.07,757.64,760.3,0,0
2017-11-08,17:00:00,759.96,760.67,757.89,758.12,0,0
2017-11-08,18:00:00,758.06,758.5,755.11,755.47,0,0
2017-11-08,19:00:00,755.49,756.67,754.45,756.59,0,0
2017-11-08,20:00:00,756.42,758.94,756.16,758.94,0,0
2017-11-08,21:00:00,758.81,760.94,758.26,760.9,0,0
2017-11-08,22:00:00,760.83,761.52,759.4,759.6,0,0
2017-11-09,16:00:00,756.59,760.83,756.49,759.6,0,0
2017-11-09,17:00:00,759.77,760.85,756.9,757.16,0,0
2017-11-09,18:00:00,757.3,760.5,756.98,760.43,0,0
2017-11-09,19:00:00,760.42,760.42,756.96,757.48,0,0
2017-11-09,20:00:00,757.5,759.08,756.4,756.8,0,0
2017-11-09,21:00:00,756.69,758.81,756.66,758.04,0,0
2017-11-09,22:00:00,758.11,759.77,758.11,759.6,0,0
2017-11-10,16:00:00,755.63,756.39,753.98,754.86,0,0
2017-11-10,17:00:00,754.95,756.97,754.04,756.78,0,0
2017-11-10,18:00:00,756.81,757.12,753.85,754.89,0,0
2017-11-10,19:00:00,754.75,756.43,754.39,755.82,0,0
2017-11-10,20:00:00,755.8,757.19,755.46,757.18,0,0
2017-11-10,21:00:00,757.31,758.06,756.43,756.68,0,0
2017-11-10,22:00:00,756.66,758.4,756.65,757.08,0,0
2017-11-13,16:00:00,757.89,760.36,757.71,759.84,0,0
2017-11-13,17:00:00,759.28,761.61,759.06,761.61,0,0
2017-11-13,18:00:00,761.56,764.35,761.43,763.73,0,0
2017-11-13,19:00:00,763.7,766.43,763.45,766.26,0,0
2017-11-13,20:00:00,766.25,766.5,764.89,766,0,0
2017-11-13,21:00:00,766.04,766.55,764.75,765.35,0,0
2017-11-13,22:00:00,765.36,765.87,764.63,765.26,0,0
2017-11-14,16:00:00,762.67,765.69,761.94,764.85,0,0
2017-11-14,17:00:00,764.93,769.52,764.4,769.52,0,0
2017-11-14,18:00:00,769.41,772.29,769.15,771.87,0,0
2017-11-14,19:00:00,772.08,773.1,771.33,772.4,0,0
2017-11-14,20:00:00,772.33,772.86,772.15,772.6,0,0
2017-11-14,21:00:00,772.64,773.77,771.72,773.44,0,0
2017-11-14,22:00:00,773.34,774.71,772.22,774.42,0,0
2017-11-15,16:00:00,776.28,778.5,772.7,774.7,0,0
2017-11-15,17:00:00,774.56,774.56,768.85,769.31,0,0
2017-11-15,18:00:00,769.18,769.38,766.79,769.14,0,0
2017-11-15,19:00:00,769.02,770.63,768.87,769.87,0,0
2017-11-15,20:00:00,769.72,770.02,768.24,768.67,0,0
2017-11-15,21:00:00,768.69,769.64,767.92,768.52,0,0
2017-11-15,22:00:00,768.53,769.13,766.89,767.26,0,0
2017-11-16,16:00:00,766.49,766.58,762.71,763.17,0,0
2017-11-16,17:00:00,763.29,765.49,761.92,764.84,0,0
2017-11-16,18:00:00,764.91,765.11,763.96,764.09,0,0
2017-11-16,19:00:00,764.17,764.88,763.79,763.94,0,0
2017-11-16,20:00:00,763.99,765.01,763.99,764.62,0,0
2017-11-16,21:00:00,764.61,765.5,763.92,763.96,0,0
2017-11-16,22:00:00,764.1,764.57,763.42,764.13,0,0
2017-11-17,16:00:00,761.59,763.96,760.98,760.99,0,0
2017-11-17,17:00:00,760.86,762.11,759.24,759.88,0,0
2017-11-17,18:00:00,759.84,760.48,758.39,758.67,0,0
2017-11-17,19:00:00,758.69,760.54,758.4,760.12,0,0
2017-11-17,20:00:00,760.12,760.12,758.64,759.89,0,0
2017-11-17,21:00:00,759.85,759.85,758.78,759.05,0,0
2017-11-17,22:00:00,759.26,759.47,757.29,758.13,0,0
2017-11-20,16:00:00,759.07,759.22,756.13,756.82,0,0
2017-11-20,17:00:00,756.33,756.33,754.93,755.6,0,0
2017-11-20,18:00:00,755.59,757.05,755.59,756.86,0,0
2017-11-20,19:00:00,756.9,757.31,755.89,756.89,0,0
2017-11-20,20:00:00,756.87,757.21,756.26,756.66,0,0
2017-11-20,21:00:00,756.7,756.7,755.87,756.49,0,0
2017-11-20,22:00:00,756.5,756.62,755.3,756.06,0,0
2017-11-21,16:00:00,757.54,758.88,756.43,756.43,0,0
2017-11-21,17:00:00,756.15,757.4,755.81,756.74,0,0
2017-11-21,18:00:00,756.78,758.53,756.78,757.77,0,0
2017-11-21,19:00:00,757.86,759.01,757.72,758.03,0,0
2017-11-21,20:00:00,758.08,759.55,757.74,759.38,0,0
2017-11-21,21:00:00,759.42,760.4,758.37,758.37,0,0
2017-11-21,22:00:00,758.41,758.72,757.46,757.91,0,0
2017-11-22,16:00:00,758.77,759.4,756.6,757.03,0,0
2017-11-22,17:00:00,757.04,757.04,755.06,756.41,0,0
2017-11-22,18:00:00,756.38,756.53,755.92,756.26,0,0
2017-11-22,19:00:00,756.21,756.5,755.62,755.77,0,0
2017-11-22,20:00:00,755.78,756.1,755.6,755.71,0,0
2017-11-22,21:00:00,755.69,757.16,755.65,756.97,0,0
2017-11-22,22:00:00,756.96,757.89,756.55,757.73,0,0
2017-11-24,16:00:00,759.17,762.22,759.17,761.13,0,0
2017-11-24,17:00:00,760.9,760.96,759.19,759.19,0,0
2017-11-24,18:00:00,759.09,759.28,757.94,758.01,0,0
2017-11-24,19:00:00,758.02,759.3,758,758.9,0,0
2017-11-24,20:00:00,759.05,759.05,759.05,759.05,0,0
2017-11-27,16:00:00,759.9,760.96,758.53,760.74,0,0
2017-11-27,17:00:00,760.98,761.02,759.14,760.8,0,0
2017-11-27,18:00:00,760.83,762.76,760.73,762.56,0,0
2017-11-27,19:00:00,762.53,763.64,762.42,763.18,0,0
2017-11-27,20:00:00,763.22,763.23,761.87,762.57,0,0
2017-11-27,21:00:00,762.62,763.03,762.2,763.03,0,0
2017-11-27,22:00:00,763.15,763.77,762.53,762.53,0,0
2017-11-28,16:00:00,764.47,766.55,763.69,764.89,0,0
2017-11-28,17:00:00,764.87,766.32,764.27,764.95,0,0
2017-11-28,18:00:00,765.02,767.03,764.71,767.03,0,0
2017-11-28,19:00:00,767.12,767.37,766.6,766.82,0,0
2017-11-28,20:00:00,766.87,766.91,765.1,766.66,0,0
2017-11-28,21:00:00,766.67,766.67,765.39,765.7,0,0
2017-11-28,22:00:00,765.69,766.1,764.24,766.1,0,0
2017-11-29,16:00:00,764.55,765.22,762.98,764.28,0,0
2017-11-29,17:00:00,764.13,764.95,761.48,763.55,0,0
2017-11-29,18:00:00,763.56,767.33,763.33,767.2,0,0
2017-11-29,19:00:00,767.42,770.11,767.42,768.24,0,0
2017-11-29,20:00:00,768.19,768.19,765.84,766.82,0,0
2017-11-29,21:00:00,766.81,767.28,765.42,765.67,0,0
2017-11-29,22:00:00,765.7,767.63,764.85,767.56,0,0
2017-11-30,16:00:00,768.21,770.36,766.66,770.23,0,0
2017-11-30,17:00:00,770.18,770.58,768.19,770.35,0,0
2017-11-30,18:00:00,770.47,770.5,768.65,769.41,0,0
2017-11-30,19:00:00,769.45,771.61,767.58,767.74,0,0
2017-11-30,20:00:00,767.42,769.64,766.96,768.16,0,0
2017-11-30,21:00:00,768.27,769.23,767.68,768.84,0,0
2017-11-30,22:00:00,768.91,771.63,768.57,770.5,0,0
2017-12-01,16:00:00,772.64,773.77,769.91,770.8,0,0
2017-12-01,17:00:00,770.79,772.45,764.77,765.23,0,0
2017-12-01,18:00:00,765.34,770.83,762.93,765.36,0,0
2017-12-01,19:00:00,765.84,766.3,763.41,764.84,0,0
2017-12-01,20:00:00,764.96,766.43,764.37,766.03,0,0
2017-12-01,21:00:00,766.09,766.88,765.64,766.7,0,0
2017-12-01,22:00:00,766.84,767.63,765.85,767.32,0,0
2017-12-04,16:00:00,767.56,767.56,765.16,766.66,0,0
2017-12-04,17:00:00,767.09,769.88,766.17,767.28,0,0
2017-12-04,18:00:00,767.46,767.57,765.62,765.64,0,0
2017-12-04,19:00:00,765.7,766.02,761.88,762.24,0,0
2017-12-04,20:00:00,762.16,763.58,761.34,763.16,0,0
2017-12-04,21:00:00,763.16,764.46,762.89,763.95,0,0
2017-12-04,22:00:00,763.96,763.96,761.63,762.92,0,0
2017-12-05,16:00:00,762.62,763.12,746.94,749.81,0,0
2017-12-05,17:00:00,750.12,756.08,748.37,753.86,0,0
2017-12-05,18:00:00,753.6,754.12,751.76,752.07,0,0
2017-12-05,19:00:00,752.11,753.3,751,752.4,0,0
2017-12-05,20:00:00,752.4,752.81,751.5,752.21,0,0
2017-12-05,21:00:00,752.19,752.67,749.9,750.44,0,0
2017-12-05,22:00:00,750.36,752.72,749.4,750.71,0,0
2017-12-06,16:00:00,752.18,753.6,749.7,753.05,0,0
2017-12-06,17:00:00,752.59,752.69,749.05,751.2,0,0
2017-12-06,18:00:00,751.31,753.94,751.31,752.96,0,0
2017-12-06,19:00:00,752.88,754.48,752.57,753.19,0,0
2017-12-06,20:00:00,753.25,753.88,752.42,753.47,0,0
2017-12-06,21:00:00,753.48,754.52,752.93,754.22,0,0
2017-12-06,22:00:00,754.23,754.47,753.04,753.11,0,0
2017-12-07,16:00:00,751.99,751.99,748.36,751.15,0,0
2017-12-07,17:00:00,751.2,751.56,749.81,750.59,0,0
2017-12-07,18:00:00,750.48,751.26,749,750.45,0,0
2017-12-07,19:00:00,750.54,753.46,750.51,752.47,0,0
2017-12-07,20:00:00,752.35,754,752.1,753.55,0,0
2017-12-07,21:00:00,753.67,754.05,751.84,752.22,0,0
2017-12-07,22:00:00,752.23,754.97,752.19,754.97,0,0
2017-12-08,16:00:00,753.5,756.47,752.02,756.11,0,0
2017-12-08,17:00:00,756.05,756.33,753.5,753.5,0,0
2017-12-08,18:00:00,753.41,755.17,752.88,754.41,0,0
2017-12-08,19:00:00,754.32,755.29,754.03,754.9,0,0
2017-12-08,20:00:00,754.93,756.12,754.86,755.84,0,0
2017-12-08,21:00:00,755.84,756.23,754.92,754.93,0,0
2017-12-08,22:00:00,754.96,757.63,754.71,757.63,0,0
2017-12-11,16:00:00,755.86,757.7,754.78,755.67,0,0
2017-12-11,17:00:00,755.91,757.89,755.5,757.33,0,0
2017-12-11,18:00:00,757.59,757.74,756.69,756.69,0,0
2017-12-11,19:00:00,756.68,757.1,755.69,755.98,0,0
2017-12-11,20:00:00,755.96,757.29,755.54,756.85,0,0
2017-12-11,21:00:00,756.75,758.18,756.46,758.15,0,0
2017-12-11,22:00:00,758.12,762.97,757.97,762.78,0,0
2017-12-12,16:00:00,758.2,759.36,756.22,757.72,0,0
2017-12-12,17:00:00,757.91,758,752.69,752.92,0,0
2017-12-12,18:00:00,752.73,753.96,752.31,752.43,0,0
2017-12-12,19:00:00,752.46,752.69,750.84,750.84,0,0
2017-12-12,20:00:00,750.86,751.58,750.35,751.24,0,0
2017-12-12,21:00:00,751.2,751.92,750.1,751.36,0,0
2017-12-12,22:00:00,751.42,751.97,748.22,748.22,0,0
2017-12-13,16:00:00,751.02,751.19,748.61,750.75,0,0
2017-12-13,17:00:00,750.86,754.04,750.84,753.59,0,0
2017-12-13,18:00:00,753.44,753.98,749.76,750.12,0,0
2017-12-13,19:00:00,750.15,750.87,748.93,750.8,0,0
2017-12-13,20:00:00,750.81,752.18,749.99,750.22,0,0
2017-12-13,21:00:00,752.42,753.98,751.18,752.5,0,0
2017-12-13,22:00:00,752.52,752.58,750.12,750.67,0,0
2017-12-14,16:00:00,749.69,749.69,744.06,749.2,0,0
2017-12-14,17:00:00,749.02,753.04,748.84,753.04,0,0
2017-12-14,18:00:00,753.07,754.25,752.51,752.84,0,0
2017-12-14,19:00:00,752.81,753.07,751.38,751.51,0,0
2017-12-14,20:00:00,751.49,752.47,749.91,749.96,0,0
2017-12-14,21:00:00,750.02,751.59,749.51,751.2,0,0
2017-12-14,22:00:00,751.21,752.62,750.14,750.67,0,0
2017-12-15,16:00:00,752.15,755.31,751.76,752.45,0,0
2017-12-15,17:00:00,752.68,756.19,752.68,753.7,0,0
2017-12-15,18:00:00,753.74,755.42,753.18,753.43,0,0
2017-12-15,19:00:00,753.54,754.11,752.96,753.27,0,0
2017-12-15,20:00:00,753.26,754.03,753.16,753.75,0,0
2017-12-15,21:00:00,753.85,755.54,753.79,755.54,0,0
2017-12-15,22:00:00,755.58,756.19,752.37,753.28,0,0
2017-12-18,16:00:00,754.22,756.1,751.68,751.72,0,0
2017-12-18,17:00:00,751.97,751.99,747.04,747.99,0,0
2017-12-18,18:00:00,747.95,750.29,747.94,750.26,0,0
2017-12-18,19:00:00,750.29,750.29,746.93,747.16,0,0
2017-12-18,20:00:00,747.17,747.54,745.04,746.69,0,0
2017-12-18,21:00:00,746.41,748.19,746.04,747.25,0,0
2017-12-18,22:00:00,747.29,747.29,745.35,745.89,0,0
2017-12-19,16:00:00,747.54,747.54,742.99,743.16,0,0
2017-12-19,17:00:00,743.03,743.24,740.34,742.01,0,0
2017-12-19,18:00:00,742.2,743.06,739.31,740.39,0,0
2017-12-19,19:00:00,740.44,740.6,738.12,738.32,0,0
2017-12-19,20:00:00,738.17,739.39,737.95,739.1,0,0
2017-12-19,21:00:00,739.05,739.05,736,736,0,0
2017-12-19,22:00:00,735.84,736.14,733.74,734.07,0,0
2017-12-20,16:00:00,734.29,736.77,733.27,735.29,0,0
2017-12-20,17:00:00,735.41,735.57,732.2,733.2,0,0
2017-12-20,18:00:00,733.21,733.49,731.45,731.76,0,0
2017-12-20,19:00:00,731.79,732.12,729.41,730.24,0,0
2017-12-20,20:00:00,730.23,731.68,729.09,729.36,0,0
2017-12-20,21:00:00,729.34,731.32,728.64,730.21,0,0
2017-12-20,22:00:00,730.21,730.32,728.39,728.96,0,0
2017-12-21,16:00:00,719.15,719.15,714.7,716.63,0,0
2017-12-21,17:00:00,717.11,721.41,716.99,720.56,0,0
2017-12-21,18:00:00,720.43,720.47,718.07,718.59,0,0
2017-12-21,19:00:00,718.64,721.57,717.91,721.57,0,0
2017-12-21,20:00:00,721.48,722.17,720.69,721.75,0,0
2017-12-21,21:00:00,721.7,721.92,719.71,720.34,0,0
2017-12-21,22:00:00,720.4,720.89,718.61,719.29,0,0
2017-12-22,16:00:00,720.99,722.64,720.46,722.43,0,0
2017-12-22,17:00:00,722.29,723.62,721.25,723.39,0,0
2017-12-22,18:00:00,723.26,723.26,721.37,721.41,0,0
2017-12-22,19:00:00,721.54,721.86,720.43,720.56,0,0
2017-12-22,20:00:00,720.55,722.11,720.31,721.42,0,0
2017-12-22,21:00:00,721.33,722.37,721.26,721.8,0,0
2017-12-22,22:00:00,721.93,722.05,720.82,721.01,0,0
2017-12-26,16:00:00,722.08,723.47,721.19,723.27,0,0
2017-12-26,17:00:00,723.82,723.94,722.51,722.84,0,0
2017-12-26,18:00:00,722.84,722.86,721.15,722.37,0,0
2017-12-26,19:00:00,722.36,722.57,720.27,720.34,0,0
2017-12-26,20:00:00,720.32,720.86,719.31,719.97,0,0
2017-12-26,21:00:00,719.95,719.96,719.18,719.22,0,0
2017-12-26,22:00:00,719.27,719.29,716.91,717.04,0,0
2017-12-27,16:00:00,718.76,720.17,718.09,719.69,0,0
2017-12-27,17:00:00,719.65,721.12,719.41,721.02,0,0
2017-12-27,18:00:00,720.98,721.6,720.33,721.51,0,0
2017-12-27,19:00:00,721.31,721.31,720.28,720.28,0,0
2017-12-27,20:00:00,720.31,720.71,719.58,720.18,0,0
2017-12-27,21:00:00,720.15,720.15,718.83,719.56,0,0
2017-12-27,22:00:00,719.59,720.4,718.89,720.31,0,0
2017-12-28,16:00:00,722.1,722.5,719.66,720.07,0,0
2017-12-28,17:00:00,720.22,721.62,719.81,721.24,0,0
2017-12-28,18:00:00,721.27,722.26,720.92,721.89,0,0
2017-12-28,19:00:00,721.88,722.6,721.62,722.05,0,0
2017-12-28,20:00:00,722.02,722.26,721.7,721.72,0,0
2017-12-28,21:00:00,721.74,722.83,721.64,722.83,0,0
2017-12-28,22:00:00,722.84,724.07,722.59,723.75,0,0
2017-12-29,16:00:00,725.74,727.2,724.38,725.09,0,0
2017-12-29,17:00:00,725.07,725.53,722.85,723.54,0,0
2017-12-29,18:00:00,723.63,724.43,723.41,724.13,0,0
2017-12-29,19:00:00,724.19,724.24,723.25,723.5,0,0
2017-12-29,20:00:00,723.48,723.64,722.87,723.06,0,0
2017-12-29,21:00:00,723.03,723.92,722.8,723.79,0,0
2017-12-29,22:00:00,723.79,724.99,723.44,723.44,0,0
2018-01-02,16:00:00,723.25,723.48,716.59,717.63,0,0
2018-01-02,17:00:00,717.42,720.5,717.42,718.18,0,0
2018-01-02,18:00:00,718.09,718.15,715.19,717.09,0,0
2018-01-02,19:00:00,717.06,717.58,714.54,714.6,0,0
2018-01-02,20:00:00,714.64,715.59,714.5,715.12,0,0
2018-01-02,21:00:00,715.11,715.2,713.38,713.86,0,0
2018-01-02,22:00:00,713.91,715.57,713.75,715.42,0,0
2018-01-03,16:00:00,710.65,716.04,710.52,714.09,0,0
2018-01-03,17:00:00,713.89,714.29,712.12,712.33,0,0
2018-01-03,18:00:00,712.27,712.27,710.11,710.11,0,0
2018-01-03,19:00:00,710.18,710.45,705.49,705.6,0,0
2018-01-03,20:00:00,705.55,707.31,704.2,707.19,0,0
2018-01-03,21:00:00,706.67,707.48,706.15,706.93,0,0
2018-01-03,22:00:00,706.94,707.59,705.93,706.49,0,0
2018-01-04,16:00:00,703.65,706.37,702.38,706.2,0,0
2018-01-04,17:00:00,706.18,708.05,706.06,708.05,0,0
2018-01-04,18:00:00,708.16,708.33,705.62,706.04,0,0
2018-01-04,19:00:00,706.09,706.58,705.33,706.51,0,0
2018-01-04,20:00:00,706.47,706.57,704.49,704.98,0,0
2018-01-04,21:00:00,704.8,705.05,702.02,702.26,0,0
2018-01-04,22:00:00,702.26,702.26,699.22,700.38,0,0
2018-01-05,16:00:00,703.17,703.69,700.62,701.33,0,0
2018-01-05,17:00:00,701.97,703.07,696.82,697.45,0,0
2018-01-05,18:00:00,697.72,699.13,697.6,698.21,0,0
2018-01-05,19:00:00,698.21,700.67,698.21,699.86,0,0
2018-01-05,20:00:00,699.85,700.52,699.72,699.93,0,0
2018-01-05,21:00:00,699.94,701.04,699.79,700.6,0,0
2018-01-05,22:00:00,700.59,701.19,700.33,700.7,0,0
2018-01-08,16:00:00,701.57,705.31,700.77,705.04,0,0
2018-01-08,17:00:00,705.54,705.54,703.64,704.16,0,0
2018-01-08,18:00:00,704.07,705.18,703.68,704.3,0,0
2018-01-08,19:00:00,704.35,705.43,703.75,705.22,0,0
2018-01-08,20:00:00,705.24,706.96,705.24,706.72,0,0
2018-01-08,21:00:00,706.68,707.11,705.99,706.96,0,0
2018-01-08,22:00:00,706.96,708.02,705.37,707.89,0,0
2018-01-09,16:00:00,706.82,707.93,701.14,701.14,0,0
2018-01-09,17:00:00,700.94,702.23,699.71,702.13,0,0
2018-01-09,18:00:00,702.06,703.21,701.23,702.14,0,0
2018-01-09,19:00:00,702.37,702.37,700.68,701.26,0,0
2018-01-09,20:00:00,701.3,702.97,701.15,702.51,0,0
2018-01-09,21:00:00,702.46,702.54,700.69,702.35,0,0
2018-01-09,22:00:00,702.32,703.27,700.27,700.91,0,0
2018-01-10,16:00:00,697.42,697.49,693.1,693.94,0,0
2018-01-10,17:00:00,694.18,696.75,694.18,695.22,0,0
2018-01-10,18:00:00,695.38,695.38,692.11,692.52,0,0
2018-01-10,19:00:00,692.49,694.43,692.07,694.33,0,0
2018-01-10,20:00:00,694.3,695.65,693.6,693.66,0,0
2018-01-10,21:00:00,693.87,693.94,692.45,693.19,0,0
2018-01-10,22:00:00,693.23,693.86,692.75,693.14,0,0
2018-01-11,16:00:00,692.61,695.37,690.7,694.47,0,0
2018-01-11,17:00:00,694.48,694.48,691.15,691.41,0,0
2018-01-11,18:00:00,691.48,693.21,691.47,692.07,0,0
2018-01-11,19:00:00,691.98,691.98,690.67,690.71,0,0
2018-01-11,20:00:00,690.66,692.14,690.54,691.22,0,0
2018-01-11,21:00:00,691.25,691.47,689.79,689.9,0,0
2018-01-11,22:00:00,689.87,690.74,688.2,690.33,0,0
2018-01-12,16:00:00,688.12,688.12,683.94,687.57,0,0
2018-01-12,17:00:00,687.38,689.91,686.33,689.16,0,0
2018-01-12,18:00:00,689.04,689.25,687.71,688.31,0,0
2018-01-12,19:00:00,688.26,688.26,686.32,686.73,0,0
2018-01-12,20:00:00,686.79,686.93,685.76,686.27,0,0
2018-01-12,21:00:00,686.25,686.97,685.61,686.21,0,0
2018-01-12,22:00:00,686.26,686.26,682.99,683.74,0,0
2018-01-16,16:00:00,686.12,689.4,685.56,687.24,0,0
2018-01-16,17:00:00,687.35,687.52,680.16,680.61,0,0
2018-01-16,18:00:00,680.57,683.76,680.28,683.56,0,0
2018-01-16,19:00:00,683.69,684.49,683.25,684.41,0,0
2018-01-16,20:00:00,684.42,685.87,683.62,684.08,0,0
2018-01-16,21:00:00,684.02,684.8,682.78,684.19,0,0
2018-01-16,22:00:00,684.2,684.98,682.46,682.99,0,0
2018-01-17,16:00:00,684.85,685.9,683.45,684.77,0,0
2018-01-17,17:00:00,684.92,688.18,684.5,687.46,0,0
2018-01-17,18:00:00,687.59,689.08,685.57,686.29,0,0
2018-01-17,19:00:00,686.29,686.87,685.35,686.73,0,0
2018-01-17,20:00:00,686.73,689.07,686.73,688.95,0,0
2018-01-17,21:00:00,689.01,689.82,687.76,688.18,0,0
2018-01-17,22:00:00,688.27,689.07,687.18,687.61,0,0
2018-01-18,16:00:00,687.97,688.09,685.37,687.62,0,0
2018-01-18,17:00:00,687.64,688.23,682.39,683.08,0,0
2018-01-18,18:00:00,683.05,683.74,680.76,682.94,0,0
2018-01-18,19:00:00,682.96,683.07,681.33,681.8,0,0
2018-01-18,20:00:00,681.82,684.73,681.74,684.56,0,0
2018-01-18,21:00:00,684.59,688.05,684.54,687,0,0
2018-01-18,22:00:00,686.97,687.94,682.52,683.78,0,0
2018-01-19,16:00:00,685.04,685.23,683.14,684.02,0,0
2018-01-19,17:00:00,684.02,688.16,683.83,685.99,0,0
2018-01-19,18:00:00,685.74,685.88,683.36,684.69,0,0
2018-01-19,19:00:00,684.93,685.68,684.18,684.46,0,0
2018-01-19,20:00:00,684.51,684.94,683.21,683.29,0,0
2018-01-19,21:00:00,683.31,683.96,682.1,682.57,0,0
2018-01-19,22:00:00,682.68,683.76,681.68,682.69,0,0
2018-01-22,16:00:00,687.45,688.97,685.75,687.35,0,0
2018-01-22,17:00:00,687.08,691.45,686.75,690.73,0,0
2018-01-22,18:00:00,690.73,690.76,688.86,689.42,0,0
2018-01-22,19:00:00,689.52,690.01,688.47,688.49,0,0
2018-01-22,20:00:00,688.46,689.46,688.15,688.27,0,0
2018-01-22,21:00:00,688.26,688.71,686.89,687.5,0,0
2018-01-22,22:00:00,687.24,687.27,683.73,684.93,0,0
2018-01-23,16:00:00,686.12,692.83,685.15,692.83,0,0
2018-01-23,17:00:00,692.88,695.66,692.59,694.52,0,0
2018-01-23,18:00:00,694.47,694.59,692.3,693.72,0,0
2018-01-23,19:00:00,693.73,693.74,691.4,692.13,0,0
2018-01-23,20:00:00,692.17,694.39,692.02,693.44,0,0
2018-01-23,21:00:00,693.52,694.24,692.97,693.79,0,0
2018-01-23,22:00:00,693.68,693.72,691.17,691.67,0,0
2018-01-24,16:00:00,691.13,691.26,687.97,688.5,0,0
2018-01-24,17:00:00,688.25,689.14,685.94,687.29,0,0
2018-01-24,18:00:00,687.13,689.06,686.29,688.04,0,0
2018-01-24,19:00:00,688.34,689.4,686.95,688.54,0,0
2018-01-24,20:00:00,688.52,689.68,687.48,688.31,0,0
2018-01-24,21:00:00,688.29,688.57,687.07,687.5,0,0
2018-01-24,22:00:00,687.32,688.24,687.05,687.06,0,0
2018-01-25,16:00:00,687.29,690.21,686.96,688.64,0,0
2018-01-25,17:00:00,688.83,690.42,687.36,689.41,0,0
2018-01-25,18:00:00,689.36,691.23,688.8,689.19,0,0
2018-01-25,19:00:00,688.98,691.87,688.93,691.87,0,0
2018-01-25,20:00:00,691.87,692.93,691.51,692.46,0,0
2018-01-25,21:00:00,692.43,695.8,691.48,693.87,0,0
2018-01-25,22:00:00,693.79,696.98,693.63,696.46,0,0
2018-01-26,16:00:00,699.34,701.99,696.01,696.38,0,0
2018-01-26,17:00:00,696.38,697.2,692.91,693.29,0,0
2018-01-26,18:00:00,693,694.85,691.84,694.2,0,0
2018-01-26,19:00:00,694.24,695.62,693.48,695,0,0
2018-01-26,20:00:00,695.05,696.67,695.04,695.88,0,0
2018-01-26,21:00:00,695.94,697.66,695.87,696.83,0,0
2018-01-26,22:00:00,696.83,699.36,696.83,699.14,0,0
2018-01-29,16:00:00,697.15,697.15,692,693.55,0,0
2018-01-29,17:00:00,693.53,694.23,690.11,691.66,0,0
2018-01-29,18:00:00,691.4,693.19,690.7,692.17,0,0
2018-01-29,19:00:00,692.1,693,691.32,692.24,0,0
2018-01-29,20:00:00,692.24,692.47,690.7,692.47,0,0
2018-01-29,21:00:00,692.47,694.57,692.06,694.35,0,0
2018-01-29,22:00:00,694.35,694.4,690.87,691.21,0,0
2018-01-30,16:00:00,691.41,694.37,690.78,691.25,0,0
2018-01-30,17:00:00,690.73,694,690.01,693.24,0,0
2018-01-30,18:00:00,693,693.09,690.44,691.64,0,0
2018-01-30,19:00:00,691.78,692.6,690.36,691.99,0,0
2018-01-30,20:00:00,691.97,692.38,690.9,690.9,0,0
2018-01-30,21:00:00,690.98,693.04,690.95,692.96,0,0
2018-01-30,22:00:00,693,693.36,691.81,691.81,0,0
2018-01-31,16:00:00,692.44,692.44,688.77,690.02,0,0
2018-01-31,17:00:00,689.72,693.43,689.4,692.84,0,0
2018-01-31,18:00:00,692.8,694.09,692.44,693.72,0,0
2018-01-31,19:00:00,693.72,695.61,693.62,695.57,0,0
2018-01-31,20:00:00,695.57,696.71,695.04,695.86,0,0
2018-01-31,21:00:00,695.34,697.17,692.31,693.02,0,0
2018-01-31,22:00:00,692.88,699.75,692.87,699.41,0,0
2018-02-01,16:00:00,699.3,701.18,694.93,696.91,0,0
2018-02-01,17:00:00,696.41,697.22,689.22,689.62,0,0
2018-02-01,18:00:00,689.9,703.33,689.75,701.82,0,0
2018-02-01,19:00:00,700.23,700.23,691.92,692.1,0,0
2018-02-01,20:00:00,691.98,692.46,691.02,691.41,0,0
2018-02-01,21:00:00,691.37,691.94,689.01,691.02,0,0
2018-02-01,22:00:00,691.05,691.34,687.49,689.51,0,0
2018-02-02,16:00:00,686.92,690.78,684.99,690.78,0,0
2018-02-02,17:00:00,690.68,691.44,688.17,688.6,0,0
2018-02-02,18:00:00,688.65,688.88,685.3,686.18,0,0
2018-02-02,19:00:00,686.39,688.47,686.15,686.46,0,0
2018-02-02,20:00:00,686.39,687.12,685.7,686.25,0,0
2018-02-02,21:00:00,686.21,687.44,685.56,686.8,0,0
2018-02-02,22:00:00,686.5,686.6,683.62,684.4,0,0
2018-02-05,16:00:00,684.31,686.93,682.17,685.76,0,0
2018-02-05,17:00:00,685.08,687.48,683.17,687.01,0,0
2018-02-05,18:00:00,687.11,690.21,686.87,687.58,0,0
2018-02-05,19:00:00,687.5,688.07,685.56,686.04,0,0
2018-02-05,20:00:00,685.66,685.66,680.26,681.4,0,0
2018-02-05,21:00:00,681.51,683.22,678.51,678.94,0,0
2018-02-05,22:00:00,678.63,679.41,672.1,673.18,0,0
2018-02-06,16:00:00,662.88,664.49,655.58,664.49,0,0
2018-02-06,17:00:00,666.04,668.47,662.82,665.83,0,0
2018-02-06,18:00:00,652.99,655.96,650.46,654.27,0,0
2018-02-06,19:00:00,654.69,660.28,654.08,659.16,0,0
2018-02-06,20:00:00,659.15,659.15,654.16,655.44,0,0
2018-02-06,21:00:00,655.31,659.76,651.44,659.76,0,0
2018-02-06,22:00:00,659.49,665.18,659.49,662.23,0,0
2018-02-07,16:00:00,660.9,667.88,659.52,661.06,0,0
2018-02-07,17:00:00,661.06,668,660.65,668,0,0
2018-02-07,18:00:00,668.28,668.51,664.69,667.42,0,0
2018-02-07,19:00:00,667.03,668.27,665.23,666.21,0,0
2018-02-07,20:00:00,666.26,667.22,660.89,661.93,0,0
2018-02-07,21:00:00,662.03,662.48,658.78,661.22,0,0
2018-02-07,22:00:00,660.98,663.65,657.71,657.71,0,0
2018-02-08,16:00:00,654.86,657.21,650.76,656.82,0,0
2018-02-08,17:00:00,656.17,658.68,654.11,658.68,0,0
2018-02-08,18:00:00,658.27,663.57,658.27,660.23,0,0
2018-02-08,19:00:00,660.16,662.02,658.26,659.89,0,0
2018-02-08,20:00:00,659.4,660.49,656.85,657.87,0,0
2018-02-08,21:00:00,657.64,658.68,655.84,656.84,0,0
2018-02-08,22:00:00,657.18,658.19,647.86,647.86,0,0
2018-02-09,16:00:00,650.05,655.86,649.02,653.41,0,0
2018-02-09,17:00:00,653.92,658.91,653.92,657.12,0,0
2018-02-09,18:00:00,657.21,658.35,655,655.05,0,0
2018-02-09,19:00:00,655.1,655.45,652.26,654.32,0,0
2018-02-09,20:00:00,654.08,654.16,647.86,648.77,0,0
2018-02-09,21:00:00,648.93,656.18,648.93,652.66,0,0
2018-02-09,22:00:00,652.45,665.95,649.21,660.72,0,0
2018-02-12,16:00:00,661.78,662.09,657.56,659.36,0,0
2018-02-12,17:00:00,659.67,661.29,657.47,659.18,0,0
2018-02-12,18:00:00,659.19,661.65,658.64,661.61,0,0
2018-02-12,19:00:00,661.64,665.67,661.15,665.27,0,0
2018-02-12,20:00:00,665.58,666.09,663.18,665.69,0,0
2018-02-12,21:00:00,665.64,667.42,664.59,666.3,0,0
2018-02-12,22:00:00,666.43,670.54,664.66,666.91,0,0
2018-02-13,16:00:00,664.62,666.69,660.25,661.05,0,0
2018-02-13,17:00:00,661.19,664.81,659.94,664.32,0,0
2018-02-13,18:00:00,664.34,665.3,662.35,662.73,0,0
2018-02-13,19:00:00,662.6,665.94,661.86,664.78,0,0
2018-02-13,20:00:00,664.75,667.56,664.46,666.25,0,0
2018-02-13,21:00:00,666.33,668.78,666.08,668.6,0,0
2018-02-13,22:00:00,668.7,672.43,668.13,669.94,0,0
2018-02-14,16:00:00,665.89,666.63,660.15,663.28,0,0
2018-02-14,17:00:00,663.46,667.29,662.44,665.88,0,0
2018-02-14,18:00:00,665.89,666.11,663.89,664.58,0,0
2018-02-14,19:00:00,664.54,667.11,664.48,666.6,0,0
2018-02-14,20:00:00,666.56,668.65,666.12,666.26,0,0
2018-02-14,21:00:00,666.27,666.27,664.43,665.88,0,0
2018-02-14,22:00:00,665.92,666.67,662.03,662.22,0,0
2018-02-15,16:00:00,663.15,666.43,662.38,665.23,0,0
2018-02-15,17:00:00,664.99,670.02,663.22,667.23,0,0
2018-02-15,18:00:00,667.13,670.11,666.18,669.35,0,0
2018-02-15,19:00:00,669.34,671.14,668.33,670.55,0,0
2018-02-15,20:00:00,670.5,673.14,670.5,672.57,0,0
2018-02-15,21:00:00,672.58,673.22,671.13,672.82,0,0
2018-02-15,22:00:00,672.8,675.72,671.14,675.72,0,0
2018-02-16,16:00:00,675.51,677.65,673.21,674.95,0,0
2018-02-16,17:00:00,674.96,677.95,673.75,677.55,0,0
2018-02-16,18:00:00,677.62,680.81,677.36,680.75,0,0
2018-02-16,19:00:00,680.74,683.02,680.12,681.54,0,0
2018-02-16,20:00:00,681.63,682.79,679.86,681.63,0,0
2018-02-16,21:00:00,681.68,682.1,679.16,680.93,0,0
2018-02-16,22:00:00,681.02,682.89,680.2,681.18,0,0
2018-02-20,16:00:00,679.13,681,677.49,677.57,0,0
2018-02-20,17:00:00,678.03,678.03,670.85,670.98,0,0
2018-02-20,18:00:00,670.78,672.47,670.07,672.23,0,0
2018-02-20,19:00:00,672.29,674.8,671.66,674.52,0,0
2018-02-20,20:00:00,674.34,674.34,672.73,673.28,0,0
2018-02-20,21:00:00,673.22,674.36,672.85,673.57,0,0
2018-02-20,22:00:00,673.61,673.89,671.43,673.34,0,0
2018-02-21,16:00:00,672.65,678.59,671.94,677,0,0
2018-02-21,17:00:00,677.08,677.08,674.1,676.45,0,0
2018-02-21,18:00:00,676.62,677.16,674.41,675.4,0,0
2018-02-21,19:00:00,675.38,676.27,673.84,675.65,0,0
2018-02-21,20:00:00,675.66,676.68,674.2,675.07,0,0
2018-02-21,21:00:00,675.13,678.42,672.73,673.11,0,0
2018-02-21,22:00:00,673.15,673.15,664.77,664.79,0,0
2018-02-22,16:00:00,666.9,668.99,664.41,668.05,0,0
2018-02-22,17:00:00,668.2,672.16,668.2,671.7,0,0
2018-02-22,18:00:00,671.51,673.22,669.72,671.26,0,0
2018-02-22,19:00:00,671.28,672.95,670.86,671.99,0,0
2018-02-22,20:00:00,672.12,672.37,670.63,671.17,0,0
2018-02-22,21:00:00,671.22,672.11,668.78,668.9,0,0
2018-02-22,22:00:00,668.82,669.69,666.36,668.45,0,0
2018-02-23,16:00:00,669.01,674.48,669.01,674.03,0,0
2018-02-23,17:00:00,673.97,679.53,673.92,679.18,0,0
2018-02-23,18:00:00,679.2,685.06,679.14,684.72,0,0
2018-02-23,19:00:00,684.66,684.66,681.96,683.01,0,0
2018-02-23,20:00:00,682.9,684.45,682.51,684.08,0,0
2018-02-23,21:00:00,684.1,684.1,682.19,683.53,0,0
2018-02-23,22:00:00,683.6,686.39,683.03,685.78,0,0
2018-02-26,16:00:00,688.03,689.69,686.63,686.66,0,0
2018-02-26,17:00:00,686.08,687.66,684.94,686.18,0,0
2018-02-26,18:00:00,686.28,687.81,686.28,686.79,0,0
2018-02-26,19:00:00,686.71,686.71,683.62,684.15,0,0
2018-02-26,20:00:00,684.31,684.71,683.05,683.86,0,0
2018-02-26,21:00:00,683.76,684.86,682.84,684.57,0,0
2018-02-26,22:00:00,684.59,685.89,682.17,683.45,0,0
2018-02-27,16:00:00,683.93,687.01,683.54,685.64,0,0
2018-02-27,17:00:00,685.42,687.71,680.58,681.56,0,0
2018-02-27,18:00:00,681.81,682.22,675.65,675.82,0,0
2018-02-27,19:00:00,675.51,676.49,673.06,676.38,0,0
2018-02-27,20:00:00,676.07,676.7,674.26,674.93,0,0
2018-02-27,21:00:00,675.07,676.49,673.72,675.61,0,0
2018-02-27,22:00:00,675.56,675.56,672.12,672.12,0,0
2018-02-28,16:00:00,673.94,676.84,671.89,676.84,0,0
2018-02-28,17:00:00,677,677,671.76,672.16,0,0
2018-02-28,18:00:00,672.43,674.29,671.34,674.29,0,0
2018-02-28,19:00:00,674.13,674.96,673.03,674.38,0,0
2018-02-28,20:00:00,674.55,675.17,673.54,674.76,0,0
2018-02-28,21:00:00,674.8,676.16,672.61,672.89,0,0
2018-02-28,22:00:00,672.93,674.28,668.72,668.72,0,0
2018-03-01,16:00:00,669.31,676.48,668.54,675.81,0,0
2018-03-01,17:00:00,674.81,678.88,673.76,674.63,0,0
2018-03-01,18:00:00,674.46,674.86,671.27,671.58,0,0
2018-03-01,19:00:00,671.43,671.53,667.21,667.79,0,0
2018-03-01,20:00:00,667.52,667.65,665.3,666.97,0,0
2018-03-01,21:00:00,667.14,667.79,665.63,666.45,0,0
2018-03-01,22:00:00,666.46,670.15,665.84,668.64,0,0
2018-03-02,16:00:00,669.6,674.69,669.6,672.23,0,0
2018-03-02,17:00:00,672.4,673.33,665.13,665.13,0,0
2018-03-02,18:00:00,665.15,666.19,663.02,664.73,0,0
2018-03-02,19:00:00,664.72,664.95,663.25,664.58,0,0
2018-03-02,20:00:00,664.44,664.44,661.83,662.48,0,0
2018-03-02,21:00:00,662.52,663.82,660.09,662.79,0,0
2018-03-02,22:00:00,662.8,666.2,661.65,665.8,0,0
2018-03-05,16:00:00,664.78,670.47,663.35,669.51,0,0
2018-03-05,17:00:00,669.19,673.42,668.68,672.9,0,0
2018-03-05,18:00:00,672.72,675.13,672.31,673.28,0,0
2018-03-05,19:00:00,673.27,675.06,672.91,674.62,0,0
2018-03-05,20:00:00,674.58,676.37,673.6,674.19,0,0
2018-03-05,21:00:00,674.22,677.71,673.1,677.69,0,0
2018-03-05,22:00:00,677.77,679.56,676.23,677.99,0,0
2018-03-06,16:00:00,676.73,676.73,670.14,671.57,0,0
2018-03-06,17:00:00,671.87,673.5,669.39,671.71,0,0
2018-03-06,18:00:00,672.04,673.95,671.39,673.39,0,0
2018-03-06,19:00:00,673.41,674.22,670.14,672.02,0,0
2018-03-06,20:00:00,672.02,672.35,670.67,671.59,0,0
2018-03-06,21:00:00,671.66,672.26,670.68,671.26,0,0
2018-03-06,22:00:00,671.16,671.39,668.36,669.63,0,0
2018-03-07,16:00:00,668.17,670.08,665.63,665.66,0,0
2018-03-07,17:00:00,665.54,666.39,663.53,665.08,0,0
2018-03-07,18:00:00,664.89,667.15,664.89,667.14,0,0
2018-03-07,19:00:00,667.27,667.45,663.7,663.7,0,0
2018-03-07,20:00:00,663.44,664.18,662.09,662.36,0,0
2018-03-07,21:00:00,662.37,665.03,662.06,664.31,0,0
2018-03-07,22:00:00,664.38,666.75,664.15,664.65,0,0
2018-03-08,16:00:00,666.42,667.53,665.62,665.62,0,0
2018-03-08,17:00:00,665.76,669.07,665.76,668.02,0,0
2018-03-08,18:00:00,668.26,668.85,666.25,668.85,0,0
2018-03-08,19:00:00,670.02,670.02,668.72,669.23,0,0
2018-03-08,20:00:00,669.27,670.54,669.02,669.7,0,0
2018-03-08,21:00:00,669.75,670.67,668.65,670.54,0,0
2018-03-08,22:00:00,670.6,671.14,668.63,669.88,0,0
2018-03-09,16:00:00,669.96,670.09,666.23,668.18,0,0
2018-03-09,17:00:00,668.89,670.01,667.17,668.35,0,0
2018-03-09,18:00:00,668.57,670.93,667.73,669.61,0,0
2018-03-09,19:00:00,669.84,670.6,668.82,669.31,0,0
2018-03-09,20:00:00,669.35,670.84,669.24,670.84,0,0
2018-03-09,21:00:00,670.95,671.09,668.39,668.87,0,0
2018-03-09,22:00:00,668.95,672.18,667.81,672.18,0,0
2018-03-12,15:00:00,672.35,675.3,672.25,674.29,0,0
2018-03-12,16:00:00,674.21,674.67,672.41,674.07,0,0
2018-03-12,17:00:00,674.01,675.51,672.97,674.56,0,0
2018-03-12,18:00:00,674.45,675.1,673.83,674.11,0,0
2018-03-12,19:00:00,674.13,675.46,671.77,674.02,0,0
2018-03-12,20:00:00,674.07,674.97,673.44,673.77,0,0
2018-03-12,21:00:00,673.64,675.99,673.64,675.44,0,0
2018-03-13,15:00:00,677.37,681.14,677.37,680.17,0,0
2018-03-13,16:00:00,680.11,680.11,676.43,678.28,0,0
2018-03-13,17:00:00,678.38,679.63,675.43,675.43,0,0
2018-03-13,18:00:00,675.49,676.26,672.04,672.25,0,0
2018-03-13,19:00:00,672.37,673.81,671.44,671.59,0,0
2018-03-13,20:00:00,671.61,675.77,671.27,675.61,0,0
2018-03-13,21:00:00,675.17,678.94,675.17,677.94,0,0
2018-03-14,15:00:00,680.53,687.02,680.53,686,0,0
2018-03-14,16:00:00,685.65,685.65,682.46,684.18,0,0
2018-03-14,17:00:00,684.23,686.96,682.45,682.74,0,0
2018-03-14,18:00:00,683.24,684.19,680.98,681.93,0,0
2018-03-14,19:00:00,681.78,682.35,679.5,682.35,0,0
2018-03-14,20:00:00,682.32,684.52,681.38,683.75,0,0
2018-03-14,21:00:00,683.69,684.97,682.89,684.71,0,0
2018-03-15,15:00:00,685,688.79,685,688.79,0,0
2018-03-15,16:00:00,688.79,690.49,687.08,689.93,0,0
2018-03-15,17:00:00,688.17,688.17,680.45,680.45,0,0
2018-03-15,18:00:00,680.45,684.85,680.45,684.08,0,0
2018-03-15,19:00:00,683.88,686.04,683.11,683.47,0,0
2018-03-15,20:00:00,683.69,685.2,683.59,684.72,0,0
2018-03-15,21:00:00,684.87,686.49,684.39,684.39,0,0
2018-03-16,15:00:00,684.91,688.11,683.94,686.61,0,0
2018-03-16,16:00:00,687.06,687.64,685.46,685.76,0,0
2018-03-16,17:00:00,685.97,688.2,685.51,688.2,0,0
2018-03-16,18:00:00,688.21,688.61,686.94,688.12,0,0
2018-03-16,19:00:00,687.98,688.47,687.39,688.18,0,0
2018-03-16,20:00:00,688.21,689.2,687.36,689.2,0,0
2018-03-16,21:00:00,689.18,692.65,688.78,691.69,0,0
2018-03-19,15:00:00,691.54,692.22,687.75,690.16,0,0
2018-03-19,16:00:00,690.55,692.1,689.92,691.18,0,0
2018-03-19,17:00:00,691.26,692.66,689.59,689.92,0,0
2018-03-19,18:00:00,690.2,690.42,686.34,687.41,0,0
2018-03-19,19:00:00,687.47,687.55,685.12,686.58,0,0
2018-03-19,20:00:00,686.52,686.7,683.46,684.5,0,0
2018-03-19,21:00:00,684.43,686.73,682.15,686.33,0,0
2018-03-20,15:00:00,686.35,689.28,685,685.17,0,0
2018-03-20,16:00:00,685.23,685.23,681.46,682.05,0,0
2018-03-20,17:00:00,682.03,683.36,681.79,682.42,0,0
2018-03-20,18:00:00,682.56,683.2,681.86,682.73,0,0
2018-03-20,19:00:00,682.75,683.37,681.13,681.75,0,0
2018-03-20,20:00:00,681.77,683.26,681.62,683.12,0,0
2018-03-20,21:00:00,683.2,683.67,682.26,682.93,0,0
2018-03-21,15:00:00,682.94,685.02,682.85,683.37,0,0
2018-03-21,16:00:00,683.57,684.25,681.61,684.25,0,0
2018-03-21,17:00:00,684.09,684.84,682.57,684.7,0,0
2018-03-21,18:00:00,684.57,684.57,682.63,683.28,0,0
2018-03-21,19:00:00,683.3,684.3,681.54,684.1,0,0
2018-03-21,20:00:00,684.24,688.33,677.75,679.36,0,0
2018-03-21,21:00:00,679.47,681.53,678.99,679.67,0,0
2018-03-22,15:00:00,679.95,684.88,678.87,684.22,0,0
2018-03-22,16:00:00,683.88,688.01,683.88,687.83,0,0
2018-03-22,17:00:00,688,691.36,687.33,690.63,0,0
2018-03-22,18:00:00,690.74,693.8,689.89,690.63,0,0
2018-03-22,19:00:00,690.41,691.45,689.56,690.9,0,0
2018-03-22,20:00:00,690.92,691.2,686.52,686.73,0,0
2018-03-22,21:00:00,686.5,688.1,682.29,683.29,0,0
2018-03-23,15:00:00,685.08,689.78,685.08,688.82,0,0
2018-03-23,16:00:00,687.97,689.24,684.43,684.92,0,0
2018-03-23,17:00:00,685.07,685.76,683.12,683.26,0,0
2018-03-23,18:00:00,683.7,684.07,682.08,682.81,0,0
2018-03-23,19:00:00,682.66,683.3,680.43,682.23,0,0
2018-03-23,20:00:00,682.3,682.54,676.56,676.56,0,0
2018-03-23,21:00:00,676.84,677.69,672.4,673.85,0,0
2018-03-26,16:00:00,676,680.81,674.6,678.05,0,0
2018-03-26,17:00:00,678.34,678.7,675.57,676.77,0,0
2018-03-26,18:00:00,676.63,678.77,674.61,676.39,0,0
2018-03-26,19:00:00,676.47,678.98,676.29,677.28,0,0
2018-03-26,20:00:00,677.25,678.14,675.84,677.09,0,0
2018-03-26,21:00:00,677.12,679.39,677.12,679.03,0,0
2018-03-26,22:00:00,678.97,681.1,678.46,679.94,0,0
2018-03-27,16:00:00,681.15,681.64,678.67,680.16,0,0
2018-03-27,17:00:00,680.63,683.4,680.28,683.28,0,0
2018-03-27,18:00:00,683.32,686.16,683,686.16,0,0
2018-03-27,19:00:00,686.55,689.25,686.16,688.29,0,0
2018-03-27,20:00:00,688.51,692.21,688.22,692.21,0,0
2018-03-27,21:00:00,692.05,696.76,692.05,694.37,0,0
2018-03-27,22:00:00,694.04,694.6,688.51,689.65,0,0
2018-03-28,16:00:00,689.72,691.33,686.69,686.69,0,0
2018-03-28,17:00:00,686.21,690.24,683.63,688.18,0,0
2018-03-28,18:00:00,688.45,690.49,687.51,688.9,0,0
2018-03-28,19:00:00,688.47,691.7,687.11,691.22,0,0
2018-03-28,20:00:00,691.06,691.06,687.86,688.18,0,0
2018-03-28,21:00:00,688.6,690.24,688.16,689.55,0,0
2018-03-28,22:00:00,689.38,689.58,686.97,688.82,0,0
2018-03-29,16:00:00,690.25,694.59,690.25,694.59,0,0
2018-03-29,17:00:00,694.4,695.51,691.9,691.9,0,0
2018-03-29,18:00:00,692.38,695.39,692.3,694.67,0,0
2018-03-29,19:00:00,694.59,694.64,692.89,693.64,0,0
2018-03-29,20:00:00,693.63,694.16,691.14,691.14,0,0
2018-03-29,21:00:00,691.11,693.92,691.11,693.22,0,0
2018-03-29,22:00:00,693.19,694.61,692.12,692.92,0,0
