Date,Time,Open,High,Low,Close,Volume,OpenInt
2017-10-02,15:00:00,5346.74,5350.2,5344.35,5345.14,0,0
2017-10-02,16:00:00,5345.03,5355.09,5341.96,5349.11,0,0
2017-10-02,17:00:00,5347.51,5359.28,5343.86,5354.94,0,0
2017-10-02,18:00:00,5355.58,5357.73,5349.36,5350.26,0,0
2017-10-02,19:00:00,5350.17,5356.53,5347.85,5355.15,0,0
2017-10-02,20:00:00,5355.03,5361.56,5354.45,5359.47,0,0
2017-10-02,21:00:00,5359.5,5372.22,5359.5,5372.22,0,0
2017-10-03,15:00:00,5377.42,5379.54,5376.06,5377.48,0,0
2017-10-03,16:00:00,5377.48,5386.49,5377.1,5384.8,0,0
2017-10-03,17:00:00,5384.73,5409.68,5384.73,5409.68,0,0
2017-10-03,18:00:00,5409.78,5416.97,5408.45,5416.2,0,0
2017-10-03,19:00:00,5416,5417.92,5413.05,5417.47,0,0
2017-10-03,20:00:00,5417.43,5417.43,5413.86,5414.56,0,0
2017-10-03,21:00:00,5414.51,5424.74,5414.51,5419.91,0,0
2017-10-04,15:00:00,5420.14,5433.67,5420.14,5433.02,0,0
2017-10-04,16:00:00,5433.02,5440.53,5421.17,5423.14,0,0
2017-10-04,17:00:00,5424.9,5428,5420.39,5425.9,0,0
2017-10-04,18:00:00,5425.35,5430.38,5424.54,5427.6,0,0
2017-10-04,19:00:00,5428.52,5442.58,5426.86,5439.67,0,0
2017-10-04,20:00:00,5439.96,5448.26,5439.84,5448.26,0,0
2017-10-04,21:00:00,5448.3,5453.61,5446.79,5449.47,0,0
2017-10-05,15:00:00,5438.37,5449.16,5437.25,5449.16,0,0
2017-10-05,16:00:00,5449.16,5453.52,5439.96,5450.85,0,0
2017-10-05,17:00:00,5450.79,5452.88,5441.6,5443.31,0,0
2017-10-05,18:00:00,5443.2,5445.67,5439.95,5445.07,0,0
2017-10-05,19:00:00,5446.35,5448.21,5440.67,5444.71,0,0
2017-10-05,20:00:00,5444.62,5444.62,5439.59,5443.16,0,0
2017-10-05,21:00:00,5443.11,5444.01,5432.7,5440.84,0,0
2017-10-06,15:00:00,5439.13,5444.94,5439.13,5444.94,0,0
2017-10-06,16:00:00,5444.53,5445.13,5431.22,5431.22,0,0
2017-10-06,17:00:00,5431.96,5431.96,5420.88,5430.3,0,0
2017-10-06,18:00:00,5429.53,5448.07,5429.13,5444.88,0,0
2017-10-06,19:00:00,5445.18,5456.51,5443.18,5456.51,0,0
2017-10-06,20:00:00,5456.78,5471.32,5456.78,5471.32,0,0
2017-10-06,21:00:00,5471.15,5485.37,5465.49,5485.37,0,0
2017-10-06,22:00:00,5487.96,5487.96,5487.96,5487.96,0,0
2017-10-10,15:00:00,5490.27,5490.27,5475.73,5479.95,0,0
2017-10-10,16:00:00,5479.64,5481.45,5458.93,5458.93,0,0
2017-10-10,17:00:00,5458.99,5468.7,5455.36,5463.27,0,0
2017-10-10,18:00:00,5462.95,5469.29,5462.95,5467.24,0,0
2017-10-10,19:00:00,5467.61,5469.41,5465.68,5467.63,0,0
2017-10-10,20:00:00,5467.69,5469.11,5463.55,5467.24,0,0
2017-10-10,21:00:00,5464.47,5482.87,5464.27,5482.87,0,0
2017-10-11,15:00:00,5476.28,5476.28,5461.48,5463.08,0,0
2017-10-11,16:00:00,5463.08,5465.78,5443.34,5443.34,0,0
2017-10-11,17:00:00,5444.13,5462.19,5444.13,5462.1,0,0
2017-10-11,18:00:00,5459.85,5474.72,5457.56,5474.72,0,0
2017-10-11,19:00:00,5475.21,5477.47,5468.84,5468.84,0,0
2017-10-11,20:00:00,5468.72,5470.45,5463.1,5469.11,0,0
2017-10-11,21:00:00,5469.14,5472.09,5458.93,5463.32,0,0
2017-10-12,15:00:00,5459.61,5465.19,5459.61,5462.98,0,0
2017-10-12,16:00:00,5462.97,5476.72,5454.82,5474.03,0,0
2017-10-12,17:00:00,5477.38,5477.38,5457,5461.78,0,0
2017-10-12,18:00:00,5462.11,5467.19,5456.3,5457.67,0,0
2017-10-12,19:00:00,5457.95,5461,5454.38,5454.38,0,0
2017-10-12,20:00:00,5453.94,5455.01,5443.34,5443.48,0,0
2017-10-12,21:00:00,5443.21,5446.81,5432.5,5432.67,0,0
2017-10-12,22:00:00,5432.86,5432.86,5432.86,5432.86,0,0
2017-10-13,15:00:00,5437.9,5438.01,5432.96,5436.45,0,0
2017-10-13,16:00:00,5436.75,5451.26,5436.75,5445.86,0,0
2017-10-13,17:00:00,5443.6,5446.33,5436.2,5442.44,0,0
2017-10-13,18:00:00,5442.7,5453.1,5440.57,5451.23,0,0
2017-10-13,19:00:00,5451.74,5462.1,5450.84,5458.83,0,0
2017-10-13,20:00:00,5458.44,5459.61,5449.08,5450.47,0,0
2017-10-13,21:00:00,5452.2,5468.66,5451,5468.66,0,0
2017-10-16,15:00:00,5458.79,5468.7,5454.67,5467.7,0,0
2017-10-16,16:00:00,5469.83,5476.76,5467.01,5469.46,0,0
2017-10-16,17:00:00,5470.45,5476.43,5462.22,5472.75,0,0
2017-10-16,18:00:00,5473.22,5483.76,5473.21,5477.98,0,0
2017-10-16,19:00:00,5478.17,5479.31,5470.7,5474.1,0,0
2017-10-16,20:00:00,5473.85,5483.83,5471.58,5483.72,0,0
2017-10-16,21:00:00,5483.87,5495.23,5479.15,5487.02,0,0
2017-10-17,15:00:00,5477.48,5491.78,5472.84,5487.7,0,0
2017-10-17,16:00:00,5489.06,5495,5476.59,5477.59,0,0
2017-10-17,17:00:00,5477.83,5480.92,5467.85,5468.57,0,0
2017-10-17,18:00:00,5469.11,5472.97,5467.09,5470.18,0,0
2017-10-17,19:00:00,5470.35,5475.76,5470.35,5472.76,0,0
2017-10-17,20:00:00,5473.94,5473.94,5467.05,5468.98,0,0
2017-10-17,21:00:00,5468.31,5486.6,5467.76,5484.31,0,0
2017-10-18,15:00:00,5485.94,5496.89,5485.47,5492.08,0,0
2017-10-18,16:00:00,5492.04,5508.32,5492.04,5502.71,0,0
2017-10-18,17:00:00,5502.58,5502.97,5495.42,5495.77,0,0
2017-10-18,18:00:00,5495.27,5500.7,5493.28,5499.43,0,0
2017-10-18,19:00:00,5500.09,5501.25,5497.79,5500.49,0,0
2017-10-18,20:00:00,5501.81,5514.84,5501.51,5514.84,0,0
2017-10-18,21:00:00,5512.92,5521.3,5512.59,5517.7,0,0
2017-10-19,15:00:00,5516.23,5516.23,5503.75,5506.02,0,0
2017-10-19,16:00:00,5506.02,5506.31,5484.91,5484.91,0,0
2017-10-19,17:00:00,5478.23,5485.97,5472.44,5485.14,0,0
2017-10-19,18:00:00,5483.94,5485.18,5480.36,5482.47,0,0
2017-10-19,19:00:00,5481.78,5488.12,5478.6,5486.98,0,0
2017-10-19,20:00:00,5487.99,5492.93,5487.99,5490.27,0,0
2017-10-19,21:00:00,5490.95,5492.2,5478.63,5478.66,0,0
2017-10-19,22:00:00,5476.37,5476.37,5476.37,5476.37,0,0
2017-10-20,15:00:00,5474.12,5495.69,5474.12,5495.59,0,0
2017-10-20,16:00:00,5496.41,5505.24,5489.58,5505.24,0,0
2017-10-20,17:00:00,5505.43,5511.07,5500.64,5511.07,0,0
2017-10-20,18:00:00,5512.37,5517.68,5510.14,5511.54,0,0
2017-10-20,19:00:00,5512.12,5520.49,5508.97,5518.3,0,0
2017-10-20,20:00:00,5517.7,5522.34,5515.59,5518.9,0,0
2017-10-20,21:00:00,5521.51,5529.33,5519.44,5529.33,0,0
2017-10-23,15:00:00,5521.78,5536.92,5521.78,5527.83,0,0
2017-10-23,16:00:00,5528.16,5539.38,5527.45,5537.39,0,0
2017-10-23,17:00:00,5537.96,5537.96,5523.35,5529.3,0,0
2017-10-23,18:00:00,5529.95,5544.48,5529.27,5544.36,0,0
2017-10-23,19:00:00,5544.36,5554.4,5544.36,5552.65,0,0
2017-10-23,20:00:00,5552.74,5563.66,5552.74,5563.66,0,0
2017-10-23,21:00:00,5563.74,5571.79,5558.81,5558.81,0,0
2017-10-24,15:00:00,5563.85,5564.09,5555.36,5563.25,0,0
2017-10-24,16:00:00,5563.62,5563.62,5529.2,5530.19,0,0
2017-10-24,17:00:00,5531.34,5531.7,5519.66,5531.7,0,0
2017-10-24,18:00:00,5531.87,5536.8,5531.11,5531.31,0,0
2017-10-24,19:00:00,5533.33,5536.08,5527.76,5532.45,0,0
2017-10-24,20:00:00,5531.79,5538.18,5530.95,5538.06,0,0
2017-10-24,21:00:00,5538.07,5542.04,5533.61,5533.61,0,0
2017-10-24,22:00:00,5535.57,5535.57,5535.57,5535.57,0,0
2017-10-25,15:00:00,5535.27,5543.65,5535.27,5543.46,0,0
2017-10-25,16:00:00,5543.21,5543.55,5532.07,5535.43,0,0
2017-10-25,17:00:00,5534.83,5536.25,5512.59,5515.29,0,0
2017-10-25,18:00:00,5514.6,5515.17,5503.89,5504.08,0,0
2017-10-25,19:00:00,5504.44,5504.59,5493.75,5499.45,0,0
2017-10-25,20:00:00,5499.44,5502.65,5496.12,5498.65,0,0
2017-10-25,21:00:00,5499.49,5499.92,5490.21,5496.89,0,0
2017-10-25,22:00:00,5493.19,5493.19,5493.19,5493.19,0,0
2017-10-26,15:00:00,5495.19,5500.77,5494.98,5499.87,0,0
2017-10-26,16:00:00,5501.69,5507.92,5492.68,5503.23,0,0
2017-10-26,17:00:00,5502.63,5502.63,5493.83,5496.33,0,0
2017-10-26,18:00:00,5496.21,5505.49,5494.92,5504.67,0,0
2017-10-26,19:00:00,5503.72,5510.74,5502.61,5510.19,0,0
2017-10-26,20:00:00,5509.67,5514.74,5509.67,5512.04,0,0
2017-10-26,21:00:00,5512.93,5520.62,5512.93,5513.8,0,0
2017-10-26,22:00:00,5518.09,5518.09,5518.09,5518.09,0,0
2017-10-30,16:00:00,5526.23,5540.39,5524.87,5540.39,0,0
2017-10-30,17:00:00,5541.66,5574.48,5539.97,5574.48,0,0
2017-10-30,18:00:00,5574.48,5575.93,5557.75,5557.75,0,0
2017-10-30,19:00:00,5557.51,5573.06,5557.51,5573.06,0,0
2017-10-30,20:00:00,5572.56,5587.2,5572.56,5585.79,0,0
2017-10-30,21:00:00,5586.05,5609.43,5585.93,5608.82,0,0
2017-10-30,22:00:00,5606.24,5609.79,5601.56,5606.58,0,0
2017-10-31,16:00:00,5611.07,5613.68,5610.28,5612.19,0,0
2017-10-31,17:00:00,5611.47,5612.81,5595.05,5595.05,0,0
2017-10-31,18:00:00,5593.33,5594.18,5586.69,5587,0,0
2017-10-31,19:00:00,5585.82,5587.77,5580.47,5587.64,0,0
2017-10-31,20:00:00,5586.38,5588.14,5576.71,5577.4,0,0
2017-10-31,21:00:00,5578.88,5589.67,5575.28,5589.35,0,0
2017-10-31,22:00:00,5589.92,5596.36,5586.63,5587.93,0,0
2017-11-02,15:00:00,5588.46,5591.04,5582.65,5582.71,0,0
2017-11-02,16:00:00,5582.81,5585.38,5553.61,5555.39,0,0
2017-11-02,17:00:00,5556.15,5559.22,5538.66,5538.66,0,0
2017-11-02,18:00:00,5538.06,5543.67,5508.65,5508.65,0,0
2017-11-02,19:00:00,5509.6,5512.47,5499.32,5500.11,0,0
2017-11-02,20:00:00,5500.33,5500.33,5489.49,5496.06,0,0
2017-11-02,21:00:00,5492.24,5518.73,5491.43,5518.44,0,0
2017-11-03,15:00:00,5515.39,5519.41,5513.11,5519.41,0,0
2017-11-03,16:00:00,5518.19,5518.19,5492.78,5492.78,0,0
2017-11-03,17:00:00,5492.86,5495.52,5478.79,5478.79,0,0
2017-11-03,18:00:00,5479.77,5493.57,5479.62,5492,0,0
2017-11-03,19:00:00,5491.66,5505.55,5491.66,5504.08,0,0
2017-11-03,20:00:00,5504.23,5504.64,5497.05,5497.26,0,0
2017-11-03,21:00:00,5497.27,5498.86,5478.37,5478.37,0,0
2017-11-03,22:00:00,5483.05,5483.05,5483.05,5483.05,0,0
2017-11-06,15:00:00,5487.5,5511.11,5487.5,5510.93,0,0
2017-11-06,16:00:00,5512.03,5514.5,5504.84,5507.83,0,0
2017-11-06,17:00:00,5508.37,5524.32,5506.45,5523.82,0,0
2017-11-06,18:00:00,5523.13,5537.15,5511.71,5532.13,0,0
2017-11-06,19:00:00,5534.08,5536.65,5529.23,5532.72,0,0
2017-11-06,20:00:00,5532.61,5539.37,5530.5,5538.16,0,0
2017-11-06,21:00:00,5539.52,5539.52,5531.64,5534.84,0,0
2017-11-06,22:00:00,5534.99,5541.13,5526.5,5526.5,0,0
2017-11-06,23:00:00,5524,5524,5524,5524,0,0
2017-11-07,15:00:00,5538.24,5544.24,5536.72,5540.54,0,0
2017-11-07,16:00:00,5537.19,5537.19,5531.23,5535.84,0,0
2017-11-07,17:00:00,5536.29,5536.48,5524.97,5526.51,0,0
2017-11-07,18:00:00,5525.64,5525.99,5515.9,5519.22,0,0
2017-11-07,19:00:00,5520.25,5521.61,5510.54,5510.54,0,0
2017-11-07,20:00:00,5509.74,5513.18,5509.16,5509.16,0,0
2017-11-07,21:00:00,5509.47,5514.67,5505.53,5510.05,0,0
2017-11-07,22:00:00,5507.88,5508.7,5487.63,5490.7,0,0
2017-11-07,23:00:00,5496.17,5496.17,5496.17,5496.17,0,0
2017-11-08,15:00:00,5494.3,5498.3,5493.1,5493.87,0,0
2017-11-08,16:00:00,5493.85,5496.89,5489.16,5489.16,0,0
2017-11-08,17:00:00,5489.28,5489.64,5482.57,5482.57,0,0
2017-11-08,18:00:00,5482.32,5485.29,5475.58,5481.15,0,0
2017-11-08,19:00:00,5479.57,5481.07,5475.43,5476.28,0,0
2017-11-08,20:00:00,5474.83,5477.46,5472.85,5477.46,0,0
2017-11-08,21:00:00,5479.97,5483.66,5473.81,5476.23,0,0
2017-11-08,22:00:00,5476.75,5486.31,5475.52,5486.31,0,0
2017-11-08,23:00:00,5500.12,5500.12,5500.12,5500.12,0,0
2017-11-09,15:00:00,5486.89,5495.87,5486.89,5494.86,0,0
2017-11-09,16:00:00,5494.92,5495.05,5483.95,5484.19,0,0
2017-11-09,17:00:00,5484.75,5484.75,5471.19,5472.67,0,0
2017-11-09,18:00:00,5472.6,5474.81,5458.57,5460.21,0,0
2017-11-09,19:00:00,5461.38,5461.38,5448.2,5448.2,0,0
2017-11-09,20:00:00,5448.91,5448.91,5434.25,5435.56,0,0
2017-11-09,21:00:00,5435.56,5438.39,5429.39,5430.06,0,0
2017-11-09,22:00:00,5426.23,5453.41,5419.68,5453.41,0,0
2017-11-09,23:00:00,5449.63,5449.63,5449.63,5449.63,0,0
2017-11-10,15:00:00,5444.84,5447.83,5442.31,5443.06,0,0
2017-11-10,16:00:00,5439.98,5441.75,5433.96,5434.97,0,0
2017-11-10,17:00:00,5435.32,5437.4,5421.79,5421.8,0,0
2017-11-10,18:00:00,5420.14,5426.82,5417.54,5418.61,0,0
2017-11-10,19:00:00,5418.64,5422.31,5414.82,5416.43,0,0
2017-11-10,20:00:00,5416.43,5420.05,5415.92,5420.05,0,0
2017-11-10,21:00:00,5420.06,5420.43,5401.73,5402.68,0,0
2017-11-10,22:00:00,5404.67,5406.72,5392.89,5393.14,0,0
2017-11-10,23:00:00,5388.53,5388.53,5388.53,5388.53,0,0
2017-11-13,15:00:00,5395.88,5402.47,5395.75,5399.83,0,0
2017-11-13,16:00:00,5399.84,5399.84,5376.05,5376.05,0,0
2017-11-13,17:00:00,5375.93,5378.29,5367.4,5367.4,0,0
2017-11-13,18:00:00,5368.06,5378.63,5367.17,5375.25,0,0
2017-11-13,19:00:00,5375.56,5378.2,5369.85,5371.61,0,0
2017-11-13,20:00:00,5371.63,5372.2,5358.96,5358.99,0,0
2017-11-13,21:00:00,5359.49,5360.17,5348.36,5348.36,0,0
2017-11-13,22:00:00,5350.7,5350.7,5339.14,5339.21,0,0
2017-11-14,15:00:00,5338.32,5359.7,5338.32,5352.25,0,0
2017-11-14,16:00:00,5352.25,5369.45,5352.25,5366.5,0,0
2017-11-14,17:00:00,5368.94,5374.46,5365.4,5367.58,0,0
2017-11-14,18:00:00,5367.01,5367.95,5349.36,5349.51,0,0
2017-11-14,19:00:00,5349.48,5352.91,5341.85,5341.94,0,0
2017-11-14,20:00:00,5342.03,5342.36,5333.58,5334.84,0,0
2017-11-14,21:00:00,5336.22,5336.22,5320.64,5328.62,0,0
2017-11-14,22:00:00,5322.91,5323.97,5299.47,5299.47,0,0
2017-11-14,23:00:00,5310.13,5310.13,5310.13,5310.13,0,0
2017-11-15,15:00:00,5308.94,5317.61,5291.97,5292.67,0,0
2017-11-15,16:00:00,5292.67,5293.97,5266.29,5273.04,0,0
2017-11-15,17:00:00,5274.1,5276.5,5260.83,5265.34,0,0
2017-11-15,18:00:00,5264.27,5272.98,5262.5,5272.68,0,0
2017-11-15,19:00:00,5272.98,5289.65,5272.98,5287.26,0,0
2017-11-15,20:00:00,5286.68,5288.96,5283.99,5284.86,0,0
2017-11-15,21:00:00,5284.34,5290.83,5283.37,5290.74,0,0
2017-11-15,22:00:00,5290.36,5290.77,5274.78,5274.78,0,0
2017-11-15,23:00:00,5274.95,5274.95,5274.95,5274.95,0,0
2017-11-16,15:00:00,5281.5,5296.11,5281,5294.92,0,0
2017-11-16,16:00:00,5294.92,5308.56,5293.45,5308.15,0,0
2017-11-16,17:00:00,5309.24,5319.53,5307.47,5319.28,0,0
2017-11-16,18:00:00,5320.2,5334.21,5319.33,5334.21,0,0
2017-11-16,19:00:00,5333.96,5334.65,5326.09,5332.99,0,0
2017-11-16,20:00:00,5336.71,5340.28,5333.95,5336.38,0,0
2017-11-16,21:00:00,5335.18,5343.32,5334.85,5341.04,0,0
2017-11-16,22:00:00,5339.31,5342.35,5311.31,5312.3,0,0
2017-11-17,15:00:00,5316.6,5345.25,5316.6,5344.94,0,0
2017-11-17,16:00:00,5347.55,5348.61,5334.79,5338.64,0,0
2017-11-17,17:00:00,5338.75,5353.75,5337.33,5353.75,0,0
2017-11-17,18:00:00,5353.09,5361.46,5351.41,5354.98,0,0
2017-11-17,19:00:00,5355.52,5365.33,5355.52,5362.91,0,0
2017-11-17,20:00:00,5363.18,5373.82,5361.3,5368.58,0,0
2017-11-17,21:00:00,5368.97,5375.62,5365.11,5375.62,0,0
2017-11-17,22:00:00,5373.45,5394.03,5372.15,5386.43,0,0
2017-11-20,15:00:00,5384.21,5384.21,5232.24,5233.87,0,0
2017-11-20,16:00:00,5233.94,5233.94,5160.05,5160.05,0,0
2017-11-20,17:00:00,5157.58,5165.71,5135.03,5165.28,0,0
2017-11-20,18:00:00,5175.5,5200.9,5170.41,5199.7,0,0
2017-11-20,19:00:00,5201.1,5203.38,5176.73,5180.16,0,0
2017-11-20,20:00:00,5179.31,5179.31,5154.89,5154.89,0,0
2017-11-20,21:00:00,5153.43,5153.43,5110.77,5110.77,0,0
2017-11-20,22:00:00,5105.5,5105.5,5060.81,5087.91,0,0
2017-11-21,15:00:00,5086.7,5153.81,5077.72,5153.81,0,0
2017-11-21,16:00:00,5154.97,5186.95,5154.97,5162.22,0,0
2017-11-21,17:00:00,5160.1,5160.1,5120.88,5157.4,0,0
2017-11-21,18:00:00,5159.81,5190.87,5157.79,5190.87,0,0
2017-11-21,19:00:00,5190.93,5203.87,5184.34,5203.87,0,0
2017-11-21,20:00:00,5203.59,5205.93,5200.28,5204.88,0,0
2017-11-21,21:00:00,5204.45,5209.89,5201.02,5201.02,0,0
2017-11-21,22:00:00,5201.24,5206.98,5172.11,5206.98,0,0
2017-11-21,23:00:00,5209.88,5209.88,5209.88,5209.88,0,0
2017-11-22,15:00:00,5201.18,5215.79,5201.18,5215.79,0,0
2017-11-22,16:00:00,5214.43,5223.58,5205.84,5211.38,0,0
2017-11-22,17:00:00,5212.46,5219.43,5209.3,5214.61,0,0
2017-11-22,18:00:00,5215.56,5215.9,5184.72,5188.85,0,0
2017-11-22,19:00:00,5187.82,5187.82,5155.8,5155.8,0,0
2017-11-22,20:00:00,5155.12,5158.56,5141.26,5143.55,0,0
2017-11-22,21:00:00,5145.37,5145.63,5134.9,5136.63,0,0
2017-11-22,22:00:00,5138.64,5142.83,5122.45,5130.1,0,0
2017-11-23,15:00:00,5148.48,5152.22,5147.46,5149.78,0,0
2017-11-23,16:00:00,5149.78,5149.99,5136.59,5136.75,0,0
2017-11-23,17:00:00,5136.19,5137.29,5111.99,5111.99,0,0
2017-11-23,18:00:00,5111.41,5111.41,5061.6,5061.6,0,0
2017-11-23,19:00:00,5060.65,5065.06,5047.13,5047.84,0,0
2017-11-23,20:00:00,5046.81,5048.59,5031.97,5034.83,0,0
2017-11-23,21:00:00,5033.1,5034.98,5021.32,5025.72,0,0
2017-11-23,22:00:00,5025.97,5038.4,5017.7,5038.4,0,0
2017-11-23,23:00:00,5042.99,5042.99,5042.99,5042.99,0,0
2017-11-24,15:00:00,5035.22,5048.21,5034.48,5046.23,0,0
2017-11-24,16:00:00,5048.44,5060.88,5046.14,5050.41,0,0
2017-11-24,17:00:00,5050.72,5063.61,5050.72,5059.23,0,0
2017-11-24,18:00:00,5059.3,5072.9,5058.81,5068.69,0,0
2017-11-24,19:00:00,5068.88,5070.54,5060.51,5060.72,0,0
2017-11-24,20:00:00,5058.76,5061.1,5052.33,5052.61,0,0
2017-11-24,21:00:00,5053.18,5055,5034.43,5036.74,0,0
2017-11-24,22:00:00,5038.51,5058.17,5025.78,5045.06,0,0
2017-11-24,23:00:00,5048.27,5048.27,5048.27,5048.27,0,0
2017-11-27,15:00:00,5040.51,5051.57,5038.48,5047.85,0,0
2017-11-27,16:00:00,5049.09,5052.88,5030.73,5036.23,0,0
2017-11-27,17:00:00,5036.24,5039.62,5031.53,5034.36,0,0
2017-11-27,18:00:00,5031.6,5037.05,5029.16,5035.21,0,0
2017-11-27,19:00:00,5034.79,5042.63,5033.01,5034.28,0,0
2017-11-27,20:00:00,5034.27,5041.18,5034.27,5036.55,0,0
2017-11-27,21:00:00,5035.76,5037.6,5031.22,5037.6,0,0
2017-11-27,22:00:00,5038.46,5039.41,5027.57,5039.41,0,0
2017-11-28,15:00:00,5033.33,5044.83,5033.33,5044.83,0,0
2017-11-28,16:00:00,5044.83,5045.09,5028.58,5029.44,0,0
2017-11-28,17:00:00,5029.54,5038.48,5022.26,5033.81,0,0
2017-11-28,18:00:00,5033.44,5058.1,5032.64,5053.15,0,0
2017-11-28,19:00:00,5053.17,5054.54,5046.88,5051.81,0,0
2017-11-28,20:00:00,5052.62,5055.97,5046.26,5052.86,0,0
2017-11-28,21:00:00,5054.62,5072.11,5053.01,5067.57,0,0
2017-11-28,22:00:00,5068.47,5068.48,5052.6,5058.89,0,0
2017-11-29,15:00:00,5064.41,5081,5064.32,5079.58,0,0
2017-11-29,16:00:00,5079.57,5087.44,5078.93,5078.93,0,0
2017-11-29,17:00:00,5078.69,5085.07,5062.98,5062.98,0,0
2017-11-29,18:00:00,5061.62,5063.92,5040.16,5040.16,0,0
2017-11-29,19:00:00,5039.38,5039.38,5015.25,5015.51,0,0
2017-11-29,20:00:00,5016.01,5020.6,5015.39,5019.28,0,0
2017-11-29,21:00:00,5016.87,5019.65,5008.47,5008.47,0,0
2017-11-29,22:00:00,5009.83,5014.94,5001.16,5013.19,0,0
2017-11-30,15:00:00,5014.6,5018.97,5011.4,5015.43,0,0
2017-11-30,16:00:00,5015.43,5018.66,4996.97,4996.97,0,0
2017-11-30,17:00:00,4998.82,4999.84,4968.67,4984.49,0,0
2017-11-30,18:00:00,4986.02,5001.89,4986.02,4994.71,0,0
2017-11-30,19:00:00,4994.47,4997.93,4989.16,4993.65,0,0
2017-11-30,20:00:00,4991.85,5004.59,4990.27,4992.85,0,0
2017-11-30,21:00:00,4991.31,4991.31,4978.88,4981.93,0,0
2017-11-30,22:00:00,4981.86,5008.87,4981.72,5008.87,0,0
2017-12-01,15:00:00,5001.49,5009.48,5001.49,5009.48,0,0
2017-12-01,16:00:00,5016.39,5028.83,4997.85,5028.83,0,0
2017-12-01,17:00:00,5028.83,5029.19,5006.23,5009.1,0,0
2017-12-01,18:00:00,5009.95,5018.64,5008.22,5018.64,0,0
2017-12-01,19:00:00,5017.2,5017.2,4997.94,5007.25,0,0
2017-12-01,20:00:00,5007.66,5018.66,5006.89,5018.66,0,0
2017-12-01,21:00:00,5018.53,5030.25,5015.26,5030.25,0,0
2017-12-01,22:00:00,5026.35,5033.06,5017.13,5028.49,0,0
2017-12-04,15:00:00,5031.72,5034.03,5030.23,5033.67,0,0
2017-12-04,16:00:00,5033.67,5056.95,5030.92,5056.92,0,0
2017-12-04,17:00:00,5056.49,5061.73,5039.93,5040.09,0,0
2017-12-04,18:00:00,5040.08,5047.22,5037.93,5037.93,0,0
2017-12-04,19:00:00,5037.01,5039.76,5018.66,5020.41,0,0
2017-12-04,20:00:00,5020.75,5026.8,5018.39,5023.02,0,0
2017-12-04,21:00:00,5024.56,5026.42,5021.49,5024.08,0,0
2017-12-04,22:00:00,5025.38,5025.6,5015.53,5018.3,0,0
2017-12-05,15:00:00,5012.6,5017.72,5012.6,5016.6,0,0
2017-12-05,16:00:00,5016.35,5016.35,4978.48,4978.48,0,0
2017-12-05,17:00:00,4976.73,4988.25,4970.01,4988.25,0,0
2017-12-05,18:00:00,4988.58,4991.48,4981.32,4982.43,0,0
2017-12-05,19:00:00,4982.84,4984.83,4972.22,4972.22,0,0
2017-12-05,20:00:00,4971.59,4977.13,4968.71,4974.62,0,0
2017-12-05,21:00:00,4974.35,4974.35,4952.18,4952.48,0,0
2017-12-05,22:00:00,4952.43,4953.74,4924.39,4924.39,0,0
2017-12-05,23:00:00,4928.51,4928.51,4928.51,4928.51,0,0
2017-12-06,15:00:00,4926.34,4928.99,4926.34,4928.99,0,0
2017-12-06,16:00:00,4920.35,4932.27,4918.76,4931.52,0,0
2017-12-06,17:00:00,4931.52,4931.52,4907.69,4912.63,0,0
2017-12-06,18:00:00,4909.15,4909.98,4898.53,4900.94,0,0
2017-12-06,19:00:00,4899.89,4901.78,4895.67,4896.66,0,0
2017-12-06,20:00:00,4893.35,4898.86,4885.59,4885.59,0,0
2017-12-06,21:00:00,4886.73,4886.79,4877.96,4878.92,0,0
2017-12-06,22:00:00,4877.96,4891.55,4862.91,4891.34,0,0
2017-12-07,15:00:00,4887.24,4892.35,4880.56,4880.56,0,0
2017-12-07,16:00:00,4880.56,4924.72,4860.71,4860.71,0,0
2017-12-07,17:00:00,4860.25,4873.76,4847.19,4873.57,0,0
2017-12-07,18:00:00,4874.28,4895.04,4869.78,4894.04,0,0
2017-12-07,19:00:00,4893.1,4899.14,4888.99,4897.24,0,0
2017-12-07,20:00:00,4896.86,4897.53,4892.01,4892.84,0,0
2017-12-07,21:00:00,4891.35,4901.91,4891.12,4900.13,0,0
2017-12-07,22:00:00,4894.59,4899.21,4884.58,4887.48,0,0
2017-12-07,23:00:00,4891.33,4891.33,4891.33,4891.33,0,0
2017-12-11,15:00:00,4889.11,4906.47,4888.95,4906.47,0,0
2017-12-11,16:00:00,4906.47,4920.98,4901.84,4919.65,0,0
2017-12-11,17:00:00,4920.96,4958.96,4920.15,4958.96,0,0
2017-12-11,18:00:00,4960.35,4993.22,4960.35,4989.48,0,0
2017-12-11,19:00:00,4991.91,5028.21,4990.08,5022.96,0,0
2017-12-11,20:00:00,5019.07,5026.14,5016.69,5020.71,0,0
2017-12-11,21:00:00,5022.28,5030.94,5019.84,5020.32,0,0
2017-12-11,22:00:00,5020.82,5022.83,5011.41,5020.26,0,0
2017-12-12,15:00:00,5018.72,5030.47,5018.72,5030.47,0,0
2017-12-12,16:00:00,5030.48,5035.92,5021.87,5023.68,0,0
2017-12-12,17:00:00,5020.89,5028.57,5009.03,5022.59,0,0
2017-12-12,18:00:00,5022.86,5037.89,5022.86,5036.96,0,0
2017-12-12,19:00:00,5036.17,5038.99,5026.76,5027.74,0,0
2017-12-12,20:00:00,5031.42,5033.1,5025.41,5026.57,0,0
2017-12-12,21:00:00,5026.25,5042.99,5020.67,5038.27,0,0
2017-12-12,22:00:00,5041.26,5048.4,5023.87,5047.86,0,0
2017-12-12,23:00:00,5048.09,5048.09,5048.09,5048.09,0,0
2017-12-13,15:00:00,5041.61,5050.55,5035.25,5050.55,0,0
2017-12-13,16:00:00,5050.55,5058.82,5049.27,5057.73,0,0
2017-12-13,17:00:00,5057.73,5084.67,5056.99,5084.67,0,0
2017-12-13,18:00:00,5085.66,5106.61,5083.44,5106.61,0,0
2017-12-13,19:00:00,5107.84,5139.99,5094.94,5139.99,0,0
2017-12-13,20:00:00,5139.93,5145.03,5135.96,5145.03,0,0
2017-12-13,21:00:00,5146.15,5146.15,5133.63,5139.31,0,0
2017-12-13,22:00:00,5140.28,5140.28,5123.33,5139.09,0,0
2017-12-14,15:00:00,5137.07,5141.78,5135.68,5141.29,0,0
2017-12-14,16:00:00,5141.95,5168.99,5138.91,5167.46,0,0
2017-12-14,17:00:00,5167.26,5167.26,5130.01,5130.73,0,0
2017-12-14,18:00:00,5131.7,5132.34,5119.77,5126.64,0,0
2017-12-14,19:00:00,5126.28,5129.34,5114.48,5115.31,0,0
2017-12-14,20:00:00,5115.62,5117.44,5106.79,5112.55,0,0
2017-12-14,21:00:00,5112.6,5112.6,5106.27,5110.36,0,0
2017-12-14,22:00:00,5110.14,5120.49,5104.48,5116.27,0,0
2017-12-15,15:00:00,5121.26,5136.92,5121.26,5135.35,0,0
2017-12-15,16:00:00,5135.35,5135.35,5124.81,5133.95,0,0
2017-12-15,17:00:00,5134.17,5165.84,5134.17,5165.41,0,0
2017-12-15,18:00:00,5165.38,5165.38,5136.71,5136.71,0,0
2017-12-15,19:00:00,5138.45,5142.4,5131.87,5134.36,0,0
2017-12-15,20:00:00,5134.87,5138.59,5132.88,5135.77,0,0
2017-12-15,21:00:00,5135.96,5141.39,5133.81,5139.1,0,0
2017-12-15,22:00:00,5137.91,5269.9,5135.27,5269.9,0,0
2017-12-18,15:00:00,5480.16,5645.74,5480.16,5645.74,0,0
2017-12-18,16:00:00,5634.55,5634.55,5584.52,5591.94,0,0
2017-12-18,17:00:00,5592.09,5629.29,5584.55,5584.55,0,0
2017-12-18,18:00:00,5584.92,5587.84,5540.99,5541.71,0,0
2017-12-18,19:00:00,5540.36,5563.29,5539.9,5561.93,0,0
2017-12-18,20:00:00,5561.38,5569.33,5555.36,5563.86,0,0
2017-12-18,21:00:00,5565.13,5593.11,5557.24,5592.64,0,0
2017-12-18,22:00:00,5596.29,5614.58,5584.97,5584.97,0,0
2017-12-19,15:00:00,5614.37,5640.84,5614.37,5629.18,0,0
2017-12-19,16:00:00,5631.42,5635.03,5608.13,5610.88,0,0
2017-12-19,17:00:00,5611.09,5612.65,5568.4,5570.37,0,0
2017-12-19,18:00:00,5572.23,5572.23,5555.68,5558.56,0,0
2017-12-19,19:00:00,5559.47,5559.89,5542.64,5542.64,0,0
2017-12-19,20:00:00,5544.28,5558.39,5544.28,5558.39,0,0
2017-12-19,21:00:00,5560.04,5581.92,5556.33,5581.54,0,0
2017-12-19,22:00:00,5590.06,5595.38,5573.83,5586.65,0,0
2017-12-19,23:00:00,5592.97,5592.97,5592.97,5592.97,0,0
2017-12-20,15:00:00,5588.3,5594.15,5585.48,5588.57,0,0
2017-12-20,16:00:00,5587.82,5601.38,5583.16,5594.58,0,0
2017-12-20,17:00:00,5592.13,5594.03,5558.34,5560.8,0,0
2017-12-20,18:00:00,5556.09,5561.05,5537.32,5541.85,0,0
2017-12-20,19:00:00,5542.7,5544.35,5535.36,5537.49,0,0
2017-12-20,20:00:00,5537.14,5544.06,5535.77,5538.78,0,0
2017-12-20,21:00:00,5537.99,5538.1,5527.98,5528.99,0,0
2017-12-20,22:00:00,5527.47,5537.64,5522.68,5525.71,0,0
2017-12-20,23:00:00,5531.34,5531.34,5531.34,5531.34,0,0
2017-12-21,15:00:00,5531.19,5544.28,5531.19,5544.28,0,0
2017-12-21,16:00:00,5544.52,5548.53,5537.89,5537.89,0,0
2017-12-21,17:00:00,5537.97,5537.97,5514.04,5514.04,0,0
2017-12-21,18:00:00,5513.84,5513.84,5488.03,5488.51,0,0
2017-12-21,19:00:00,5487.29,5487.29,5471.89,5481.31,0,0
2017-12-21,20:00:00,5462.79,5489.24,5462.79,5479.65,0,0
2017-12-21,21:00:00,5476.72,5476.72,5467.56,5469.81,0,0
2017-12-21,22:00:00,5469.32,5469.32,5449.88,5465.5,0,0
2017-12-21,23:00:00,5455.77,5455.77,5455.77,5455.77,0,0
2017-12-22,15:00:00,5461.09,5478.93,5461.09,5478.29,0,0
2017-12-22,16:00:00,5478.45,5505.43,5478.45,5501.2,0,0
2017-12-22,17:00:00,5501.35,5521.75,5501.35,5521.75,0,0
2017-12-22,18:00:00,5520.87,5545.14,5520.87,5532.74,0,0
2017-12-26,15:00:00,5538.11,5539.55,5527.29,5527.29,0,0
2017-12-26,16:00:00,5527.42,5536.38,5523.89,5529.96,0,0
2017-12-26,17:00:00,5529.96,5536.97,5515.25,5521.41,0,0
2017-12-26,18:00:00,5522.91,5526.03,5500.86,5506.63,0,0
2017-12-26,19:00:00,5506.4,5528.02,5506.21,5522.1,0,0
2017-12-26,20:00:00,5524.03,5526.39,5518.13,5525.2,0,0
2017-12-26,21:00:00,5525.32,5528.21,5519,5522.84,0,0
2017-12-26,22:00:00,5523.45,5523.8,5508.22,5508.22,0,0
2017-12-26,23:00:00,5502.82,5502.82,5502.82,5502.82,0,0
2017-12-27,15:00:00,5514.83,5519.75,5508.77,5511.39,0,0
2017-12-27,16:00:00,5511.34,5517.06,5500.93,5512.51,0,0
2017-12-27,17:00:00,5512.51,5512.56,5495.22,5497.84,0,0
2017-12-27,18:00:00,5497.84,5497.84,5489.31,5489.31,0,0
2017-12-27,19:00:00,5490.42,5498.18,5490.33,5491.25,0,0
2017-12-27,20:00:00,5489.91,5503.11,5489.91,5497.72,0,0
2017-12-27,21:00:00,5498.37,5502.69,5492.34,5492.34,0,0
2017-12-27,22:00:00,5482.54,5496.72,5478.55,5489.66,0,0
2017-12-27,23:00:00,5498.62,5498.62,5498.62,5498.62,0,0
2017-12-28,15:00:00,5496.84,5520.53,5496.84,5519.94,0,0
2017-12-28,16:00:00,5518.39,5544.06,5518.39,5542.24,0,0
2017-12-28,17:00:00,5538.78,5540.61,5533.86,5535.24,0,0
2017-12-28,18:00:00,5534.81,5539.61,5528.24,5528.24,0,0
2017-12-28,19:00:00,5528.66,5536.47,5527.87,5529.92,0,0
2017-12-28,20:00:00,5530.13,5544.22,5530.13,5544.22,0,0
2017-12-28,21:00:00,5543.95,5545.68,5535.73,5538.82,0,0
2017-12-28,22:00:00,5537.96,5555.94,5537.1,5548.87,0,0
2017-12-29,15:00:00,5545.05,5548.52,5543.76,5547.19,0,0
2017-12-29,16:00:00,5546.75,5560.56,5544.12,5557.96,0,0
2017-12-29,17:00:00,5557.87,5568.78,5555.63,5568.78,0,0
2017-12-29,18:00:00,5565.57,5574.87,5551.41,5551.41,0,0
2018-01-02,15:00:00,5561.25,5564.62,5558.54,5564.62,0,0
2018-01-02,16:00:00,5565.9,5573.6,5563.75,5572.25,0,0
2018-01-02,17:00:00,5573.06,5586.34,5573.06,5586.34,0,0
2018-01-02,18:00:00,5589.05,5598.61,5589.05,5595.85,0,0
2018-01-02,19:00:00,5596.22,5598.69,5585.29,5595.18,0,0
2018-01-02,20:00:00,5595.36,5602.11,5592.11,5602.11,0,0
2018-01-02,21:00:00,5602.12,5610.34,5598.47,5610.34,0,0
2018-01-02,22:00:00,5610.13,5621.16,5604.81,5620.66,0,0
2018-01-03,15:00:00,5618.38,5621.9,5612.54,5621.9,0,0
2018-01-03,16:00:00,5621.98,5627.21,5621.91,5623.54,0,0
2018-01-03,17:00:00,5623.59,5628.03,5623.59,5623.85,0,0
2018-01-03,18:00:00,5624.32,5631.36,5622.5,5631.36,0,0
2018-01-03,19:00:00,5631.44,5642.57,5631.21,5632.45,0,0
2018-01-03,20:00:00,5632.38,5644.25,5630.68,5644.25,0,0
2018-01-03,21:00:00,5644.54,5644.7,5638.59,5643.65,0,0
2018-01-03,22:00:00,5644.26,5644.26,5628.83,5628.83,0,0
2018-01-04,15:00:00,5616.88,5621.71,5616.35,5621.06,0,0
2018-01-04,16:00:00,5621.06,5633.19,5620.97,5631.56,0,0
2018-01-04,17:00:00,5633.15,5636.31,5619.89,5619.89,0,0
2018-01-04,18:00:00,5619.4,5633.55,5617.77,5629.41,0,0
2018-01-04,19:00:00,5630.09,5637.5,5629.21,5634.81,0,0
2018-01-04,20:00:00,5636.73,5639.44,5632.44,5632.44,0,0
2018-01-04,21:00:00,5633.49,5634.54,5628.42,5630.39,0,0
2018-01-04,22:00:00,5630.6,5639.43,5630.44,5639.25,0,0
2018-01-04,23:00:00,5634.4,5634.4,5634.4,5634.4,0,0
2018-01-05,15:00:00,5634.97,5649.64,5634.97,5643.23,0,0
2018-01-05,16:00:00,5643.56,5656.75,5643.56,5654.91,0,0
2018-01-05,17:00:00,5655.24,5657.34,5646.8,5646.8,0,0
2018-01-05,18:00:00,5645.83,5657.28,5645.83,5657.28,0,0
2018-01-05,19:00:00,5657.32,5670.45,5657.32,5667.32,0,0
2018-01-05,20:00:00,5667.86,5677.07,5664.59,5673.04,0,0
2018-01-05,21:00:00,5673.92,5680.47,5670.19,5680.47,0,0
2018-01-05,22:00:00,5681.88,5701.97,5677.71,5701.97,0,0
2018-01-05,23:00:00,5687.23,5687.23,5687.23,5687.23,0,0
2018-01-08,15:00:00,5707.49,5719.54,5707.49,5718.05,0,0
2018-01-08,16:00:00,5718.05,5718.05,5704.38,5708.8,0,0
2018-01-08,17:00:00,5708.98,5709.07,5695,5697.59,0,0
2018-01-08,18:00:00,5698.51,5705.6,5697.98,5701.31,0,0
2018-01-08,19:00:00,5703.46,5703.46,5689.67,5694.22,0,0
2018-01-08,20:00:00,5694.37,5699.51,5693.16,5699.01,0,0
2018-01-08,21:00:00,5698.7,5699.32,5690.8,5690.8,0,0
2018-01-08,22:00:00,5691.21,5707.06,5690.31,5707.06,0,0
2018-01-08,23:00:00,5707.85,5707.85,5707.85,5707.85,0,0
2018-01-09,15:00:00,5707.49,5712.69,5699.79,5699.79,0,0
2018-01-09,16:00:00,5700.34,5711.37,5693.59,5711.18,0,0
2018-01-09,17:00:00,5711.19,5714.57,5705.71,5714.32,0,0
2018-01-09,18:00:00,5714.78,5715.32,5699.01,5699.01,0,0
2018-01-09,19:00:00,5699.01,5704.63,5696.61,5697.86,0,0
2018-01-09,20:00:00,5698.4,5700.38,5696.14,5696.97,0,0
2018-01-09,21:00:00,5696.8,5703.08,5696.63,5703.08,0,0
2018-01-09,22:00:00,5704.17,5712.62,5702.74,5711.27,0,0
2018-01-10,15:00:00,5710.98,5711.88,5701.89,5701.89,0,0
2018-01-10,16:00:00,5701.89,5701.89,5688.94,5688.94,0,0
2018-01-10,17:00:00,5689.15,5689.41,5671.39,5678.15,0,0
2018-01-10,18:00:00,5678.71,5687.57,5674.19,5684.55,0,0
2018-01-10,19:00:00,5683.28,5684.15,5678.12,5679.58,0,0
2018-01-10,20:00:00,5680.25,5682.11,5676.55,5679.05,0,0
2018-01-10,21:00:00,5679.04,5681.78,5672.71,5674.78,0,0
2018-01-10,22:00:00,5675.43,5681.14,5673.36,5680.16,0,0
2018-01-10,23:00:00,5668.49,5668.49,5668.49,5668.49,0,0
2018-01-11,15:00:00,5681.96,5683.04,5679.42,5680.51,0,0
2018-01-11,16:00:00,5680.51,5682.6,5676.24,5677.88,0,0
2018-01-11,17:00:00,5678.25,5698.65,5677.54,5693.81,0,0
2018-01-11,18:00:00,5695.25,5695.25,5683.5,5690.79,0,0
2018-01-11,19:00:00,5690.45,5692.45,5684.82,5686.78,0,0
2018-01-11,20:00:00,5686.76,5687.51,5681.77,5686.19,0,0
2018-01-11,21:00:00,5684.62,5690.96,5681.59,5690.96,0,0
2018-01-11,22:00:00,5691.17,5718.85,5691.17,5718.85,0,0
2018-01-11,23:00:00,5719.89,5719.89,5719.89,5719.89,0,0
2018-01-12,15:00:00,5714.74,5725.6,5714.74,5725.6,0,0
2018-01-12,16:00:00,5725.84,5733.96,5723.05,5731.01,0,0
2018-01-12,17:00:00,5732.17,5738.73,5722.28,5725.54,0,0
2018-01-12,18:00:00,5725.7,5728.73,5713.49,5718.24,0,0
2018-01-12,19:00:00,5718.79,5718.96,5710.3,5716.09,0,0
2018-01-12,20:00:00,5716.31,5720.22,5713.71,5720.22,0,0
2018-01-12,21:00:00,5719.87,5722.81,5707.01,5720.25,0,0
2018-01-12,22:00:00,5718.34,5735.28,5717.52,5733.71,0,0
2018-01-12,23:00:00,5738.06,5738.06,5738.06,5738.06,0,0
2018-01-15,15:00:00,5734,5746.93,5734,5746.93,0,0
2018-01-15,16:00:00,5748.42,5751.38,5740.53,5746.19,0,0
2018-01-15,17:00:00,5746.35,5748.6,5739.02,5746.38,0,0
2018-01-15,18:00:00,5746.71,5749.51,5741.97,5748.52,0,0
2018-01-15,19:00:00,5749.84,5752.05,5744.04,5748.03,0,0
2018-01-15,20:00:00,5746.27,5751.89,5743.63,5749.03,0,0
2018-01-15,21:00:00,5749.03,5752.02,5746.33,5751.39,0,0
2018-01-15,22:00:00,5752.01,5758.83,5742.22,5749.95,0,0
2018-01-15,23:00:00,5742.52,5742.52,5742.52,5742.52,0,0
2018-01-17,15:00:00,5727.4,5737.37,5722.33,5733.49,0,0
2018-01-17,16:00:00,5733.85,5750.18,5733.85,5750.18,0,0
2018-01-17,17:00:00,5748.23,5778.88,5748.14,5750.57,0,0
2018-01-17,18:00:00,5751.84,5758.38,5748.31,5757.37,0,0
2018-01-17,19:00:00,5753.69,5760.4,5743.06,5743.67,0,0
2018-01-17,20:00:00,5743.68,5765.37,5743,5765.37,0,0
2018-01-17,21:00:00,5766.44,5776.26,5766.35,5771.89,0,0
2018-01-17,22:00:00,5769.95,5794.59,5769.95,5794.59,0,0
2018-01-17,23:00:00,5785.33,5785.33,5785.33,5785.33,0,0
2018-01-18,15:00:00,5794.03,5802.48,5791.43,5800.37,0,0
2018-01-18,16:00:00,5800.42,5807.03,5796.36,5800.45,0,0
2018-01-18,17:00:00,5802.42,5806.4,5780.6,5795.83,0,0
2018-01-18,18:00:00,5798.11,5813.07,5798.11,5812.5,0,0
2018-01-18,19:00:00,5811.82,5815.72,5801.71,5811.47,0,0
2018-01-18,20:00:00,5812.3,5818.71,5812.3,5818.57,0,0
2018-01-18,21:00:00,5818.41,5825.45,5817.24,5825.45,0,0
2018-01-18,22:00:00,5824.84,5843.73,5822,5842.42,0,0
2018-01-18,23:00:00,5845.23,5845.23,5845.23,5845.23,0,0
2018-01-19,15:00:00,5843.51,5845.23,5833.63,5845.23,0,0
2018-01-19,16:00:00,5845.23,5845.23,5835.49,5843.72,0,0
2018-01-19,17:00:00,5838.12,5840.95,5828.25,5831.02,0,0
2018-01-19,18:00:00,5830.01,5830.01,5821.61,5828.37,0,0
2018-01-19,19:00:00,5829.1,5830.13,5821.35,5823.28,0,0
2018-01-19,20:00:00,5823.73,5824.69,5813.84,5815.43,0,0
2018-01-19,21:00:00,5814.3,5821.98,5811.51,5821.98,0,0
2018-01-19,22:00:00,5820.86,5860.98,5820.35,5860.98,0,0
2018-01-22,15:00:00,5867.12,5867.12,5851.92,5860.18,0,0
2018-01-22,16:00:00,5859.86,5859.86,5839.57,5849.91,0,0
2018-01-22,17:00:00,5848.09,5849.17,5827.66,5827.66,0,0
2018-01-22,18:00:00,5825.62,5827.98,5811.21,5817.2,0,0
2018-01-22,19:00:00,5815.6,5833.29,5813.18,5830.07,0,0
2018-01-22,20:00:00,5829.91,5833.51,5823.75,5825.41,0,0
2018-01-22,21:00:00,5825.1,5825.1,5817.06,5818.17,0,0
2018-01-22,22:00:00,5817.79,5830.05,5813.89,5829.88,0,0
2018-01-23,15:00:00,5828.06,5830.98,5826.53,5826.53,0,0
2018-01-23,16:00:00,5824.28,5836.23,5821.23,5830.91,0,0
2018-01-23,17:00:00,5830.91,5831.31,5815.43,5816.58,0,0
2018-01-23,18:00:00,5814.46,5819.89,5809.83,5812.38,0,0
2018-01-23,19:00:00,5813.92,5818.08,5812.41,5814.35,0,0
2018-01-23,20:00:00,5814.67,5817.92,5807.57,5807.57,0,0
2018-01-23,21:00:00,5808.7,5811.7,5797.63,5797.63,0,0
2018-01-23,22:00:00,5799.87,5806.78,5790.35,5801.68,0,0
2018-01-23,23:00:00,5800.95,5800.95,5800.95,5800.95,0,0
2018-01-24,15:00:00,5807.19,5814.88,5805.65,5813.93,0,0
2018-01-24,16:00:00,5813.93,5815.25,5793.37,5800.28,0,0
2018-01-24,17:00:00,5800.49,5809.66,5790.21,5793.58,0,0
2018-01-24,18:00:00,5793.34,5805.08,5790.13,5801.64,0,0
2018-01-24,19:00:00,5799.76,5804.58,5794.97,5797.59,0,0
2018-01-24,20:00:00,5798.58,5802.88,5798.58,5802.05,0,0
2018-01-24,21:00:00,5802.04,5802.23,5795.21,5796.76,0,0
2018-01-24,22:00:00,5798.62,5803.18,5789.91,5799.13,0,0
2018-01-24,23:00:00,5796.01,5796.01,5796.01,5796.01,0,0
2018-01-25,15:00:00,5802.89,5807.81,5795.92,5807.02,0,0
2018-01-25,16:00:00,5807.02,5814.45,5804.86,5807.45,0,0
2018-01-25,17:00:00,5808.64,5834.56,5805.33,5814.6,0,0
2018-01-25,18:00:00,5817.75,5828.85,5816.04,5828.72,0,0
2018-01-25,19:00:00,5829.47,5832.61,5827,5828.12,0,0
2018-01-25,20:00:00,5829.21,5839.21,5827.62,5839.15,0,0
2018-01-25,21:00:00,5839.48,5846.13,5837.96,5842.31,0,0
2018-01-25,22:00:00,5842.65,5843.53,5812.67,5814.95,0,0
2018-01-25,23:00:00,5808.66,5808.66,5808.66,5808.66,0,0
2018-01-26,15:00:00,5809.12,5812.6,5808.33,5812.6,0,0
2018-01-26,16:00:00,5812.6,5812.89,5787.82,5796.23,0,0
2018-01-26,17:00:00,5796.77,5813.39,5796.4,5813.39,0,0
2018-01-26,18:00:00,5814.82,5830.44,5814.01,5824.83,0,0
2018-01-26,19:00:00,5825.28,5833.25,5822.88,5825.59,0,0
2018-01-26,20:00:00,5825.58,5828.64,5816.65,5824.46,0,0
2018-01-26,21:00:00,5825.3,5827.88,5819.28,5819.79,0,0
2018-01-26,22:00:00,5822.84,5861.55,5822.84,5854.36,0,0
2018-01-26,23:00:00,5856.36,5856.36,5856.36,5856.36,0,0
2018-01-29,15:00:00,5845.01,5859.44,5845.01,5855.06,0,0
2018-01-29,16:00:00,5854.97,5854.97,5842.11,5845.87,0,0
2018-01-29,17:00:00,5846.52,5863.53,5846.52,5862.68,0,0
2018-01-29,18:00:00,5858.56,5875.77,5858.56,5873.05,0,0
2018-01-29,19:00:00,5873.61,5876.1,5870.38,5873.45,0,0
2018-01-29,20:00:00,5874.21,5884.9,5871.39,5873.5,0,0
2018-01-29,21:00:00,5876.35,5877.28,5868.26,5868.43,0,0
2018-01-29,22:00:00,5873.09,5887.9,5869.21,5887.9,0,0
2018-01-30,15:00:00,5881.04,5885.26,5878.37,5879.88,0,0
2018-01-30,16:00:00,5881.7,6146.62,5866.25,5866.25,0,0
2018-01-30,17:00:00,5866.34,5866.34,5836.73,5836.73,0,0
2018-01-30,18:00:00,5837.74,5840.97,5829.9,5840.11,0,0
2018-01-30,19:00:00,5839.16,5842.68,5837.03,5839.28,0,0
2018-01-30,20:00:00,5838,5842.56,5835.44,5841.48,0,0
2018-01-30,21:00:00,5841.24,5849.57,5840.67,5848.4,0,0
2018-01-30,22:00:00,5849.39,5860.78,5847.06,5852.71,0,0
2018-01-31,15:00:00,5862.95,5865.63,5860.27,5861.53,0,0
2018-01-31,16:00:00,5861.86,5872.26,5861.86,5871.84,0,0
2018-01-31,17:00:00,5871.93,5882.93,5870.82,5872.69,0,0
2018-01-31,18:00:00,5872.51,5875.47,5862.12,5866.21,0,0
2018-01-31,19:00:00,5865.74,5866.65,5855.5,5864.1,0,0
2018-01-31,20:00:00,5864.04,5868.61,5864,5864.2,0,0
2018-01-31,21:00:00,5864.63,5875.24,5864.53,5873.71,0,0
2018-01-31,22:00:00,5872.71,5875.48,5845.77,5858.3,0,0
2018-01-31,23:00:00,5855.09,5855.09,5855.09,5855.09,0,0
2018-02-01,15:00:00,5856.49,5876.44,5856.49,5876.44,0,0
2018-02-01,16:00:00,5877.29,5891.25,5874.56,5889.85,0,0
2018-02-01,17:00:00,5890.62,5894.61,5871.98,5877.89,0,0
2018-02-01,18:00:00,5878.54,5878.64,5865.58,5867.41,0,0
2018-02-01,19:00:00,5865.89,5867.42,5860.06,5865.73,0,0
2018-02-01,20:00:00,5865.52,5867.6,5863.9,5865.92,0,0
2018-02-01,21:00:00,5865.02,5872.59,5864.49,5867.26,0,0
2018-02-01,22:00:00,5866.56,5875.45,5854.09,5859.43,0,0
2018-02-01,23:00:00,5864.88,5864.88,5864.88,5864.88,0,0
2018-02-02,15:00:00,5863.1,5866.74,5862.13,5866.74,0,0
2018-02-02,16:00:00,5864.05,5865.4,5859.62,5862.45,0,0
2018-02-02,17:00:00,5862.5,5867.62,5846.62,5846.62,0,0
2018-02-02,18:00:00,5845.37,5848.35,5821.64,5828.87,0,0
2018-02-02,19:00:00,5828.31,5829.12,5813.27,5813.32,0,0
2018-02-02,20:00:00,5812.13,5823.63,5805.93,5821.26,0,0
2018-02-02,21:00:00,5818.33,5823.88,5815.96,5818.68,0,0
2018-02-02,22:00:00,5822.37,5840.53,5817.97,5817.97,0,0
2018-02-05,15:00:00,5824.3,5824.3,5809.25,5810.55,0,0
2018-02-05,16:00:00,5810.48,5812.34,5788.07,5789.45,0,0
2018-02-05,17:00:00,5789.26,5803.99,5784.6,5791.27,0,0
2018-02-05,18:00:00,5796,5810.68,5785.25,5803.66,0,0
2018-02-05,19:00:00,5807.77,5809.45,5794.15,5801.61,0,0
2018-02-05,20:00:00,5801.61,5801.61,5791.19,5792.27,0,0
2018-02-05,21:00:00,5792.4,5794.18,5768.56,5773.28,0,0
2018-02-05,22:00:00,5776.96,5777.84,5715.1,5715.1,0,0
2018-02-05,23:00:00,5717.07,5717.07,5717.07,5717.07,0,0
2018-02-06,15:00:00,5713.27,5713.27,5635.73,5635.73,0,0
2018-02-06,16:00:00,5639.01,5639.01,5606.73,5621.91,0,0
2018-02-06,17:00:00,5624.09,5664.65,5612.46,5664.65,0,0
2018-02-06,18:00:00,5665.69,5681.41,5665.69,5676.65,0,0
2018-02-06,19:00:00,5676.73,5676.73,5666.04,5673.2,0,0
2018-02-06,20:00:00,5671.92,5701.63,5671.72,5699.38,0,0
2018-02-06,21:00:00,5698.27,5706.7,5698.27,5700.98,0,0
2018-02-06,22:00:00,5700.98,5711.55,5692.83,5692.83,0,0
2018-02-06,23:00:00,5696.88,5696.88,5696.88,5696.88,0,0
2018-02-07,15:00:00,5709.48,5724.38,5709.48,5723.38,0,0
2018-02-07,16:00:00,5724.75,5739.1,5718.89,5738.92,0,0
2018-02-07,17:00:00,5739.1,5752.48,5725.1,5729.68,0,0
2018-02-07,18:00:00,5729.7,5735.92,5721.32,5721.53,0,0
2018-02-07,19:00:00,5721.52,5732.33,5721.52,5731.14,0,0
2018-02-07,20:00:00,5731.59,5744.4,5731.59,5743.39,0,0
2018-02-07,21:00:00,5742.67,5750.44,5736.88,5748.88,0,0
2018-02-07,22:00:00,5749.58,5761.88,5743.08,5743.08,0,0
2018-02-07,23:00:00,5751.63,5751.63,5751.63,5751.63,0,0
2018-02-08,15:00:00,5754.15,5762.6,5750.02,5750.17,0,0
2018-02-08,16:00:00,5750.17,5751.1,5743.11,5750.83,0,0
2018-02-08,17:00:00,5750.82,5756.17,5736.41,5738.66,0,0
2018-02-08,18:00:00,5738.85,5738.85,5716.08,5716.08,0,0
2018-02-08,19:00:00,5716.59,5717.39,5689.67,5689.9,0,0
2018-02-08,20:00:00,5689.73,5689.73,5667.84,5667.84,0,0
2018-02-08,21:00:00,5669.72,5670.45,5664.62,5667.83,0,0
2018-02-08,22:00:00,5667.47,5671.54,5647.27,5651.81,0,0
2018-02-08,23:00:00,5655.22,5655.22,5655.22,5655.22,0,0
2018-02-09,15:00:00,5654.26,5658.23,5645.76,5647.85,0,0
2018-02-09,16:00:00,5645.84,5646.92,5633.16,5634.66,0,0
2018-02-09,17:00:00,5634.98,5650.44,5634.79,5641.9,0,0
2018-02-09,18:00:00,5640.93,5641.2,5608.79,5614.45,0,0
2018-02-09,19:00:00,5614.38,5616.79,5586.63,5586.63,0,0
2018-02-09,20:00:00,5586.18,5586.89,5539.76,5539.76,0,0
2018-02-09,21:00:00,5540.47,5546.84,5525.78,5546.84,0,0
2018-02-09,22:00:00,5554.63,5566.18,5540.89,5547.69,0,0
2018-02-09,23:00:00,5537.53,5537.53,5537.53,5537.53,0,0
2018-02-12,15:00:00,5560.01,5608.78,5560.01,5608.78,0,0
2018-02-12,16:00:00,5609.14,5631.18,5609.14,5628.88,0,0
2018-02-12,17:00:00,5629.02,5629.62,5610.56,5623.41,0,0
2018-02-12,18:00:00,5623.05,5623.05,5593.62,5595.42,0,0
2018-02-12,19:00:00,5599.89,5606.35,5582.45,5586.59,0,0
2018-02-12,20:00:00,5586.82,5598.9,5586.56,5598.24,0,0
2018-02-12,21:00:00,5598.01,5601.49,5588.49,5589.71,0,0
2018-02-12,22:00:00,5588.12,5589.31,5559.03,5559.03,0,0
2018-02-12,23:00:00,5552.24,5552.24,5552.24,5552.24,0,0
2018-02-13,15:00:00,5565.67,5568.58,5553.14,5561.89,0,0
2018-02-13,16:00:00,5561.89,5564.02,5554.4,5555.64,0,0
2018-02-13,17:00:00,5552.98,5553.05,5525.41,5527.33,0,0
2018-02-13,18:00:00,5528.34,5533.3,5521.99,5523.53,0,0
2018-02-13,19:00:00,5524.52,5528.2,5514.28,5516.07,0,0
2018-02-13,20:00:00,5515.79,5519.38,5495.99,5495.99,0,0
2018-02-13,21:00:00,5495.96,5500.39,5495.27,5500.39,0,0
2018-02-13,22:00:00,5496.39,5504.4,5496.39,5501.22,0,0
2018-02-13,23:00:00,5507.69,5507.69,5507.69,5507.69,0,0
2018-02-14,15:00:00,5504.63,5514.89,5504.5,5513.76,0,0
2018-02-14,16:00:00,5514.07,5537.63,5514.07,5517.35,0,0
2018-02-14,17:00:00,5515.98,5515.98,5500.58,5509.31,0,0
2018-02-14,18:00:00,5510.53,5528.04,5508.66,5528.04,0,0
2018-02-14,19:00:00,5530.14,5542.74,5525.97,5542.74,0,0
2018-02-14,20:00:00,5542.93,5542.93,5533.7,5534.05,0,0
2018-02-14,21:00:00,5534.04,5549.26,5530.52,5542.97,0,0
2018-02-14,22:00:00,5542.28,5563.63,5542.28,5563.63,0,0
2018-02-14,23:00:00,5553.6,5553.6,5553.6,5553.6,0,0
2018-02-15,15:00:00,5560.82,5584.98,5560.82,5584.98,0,0
2018-02-15,16:00:00,5586.3,5603.56,5586.29,5601.64,0,0
2018-02-15,17:00:00,5601.65,5629.24,5601.65,5629.24,0,0
2018-02-15,18:00:00,5631.55,5638.84,5621.16,5623.48,0,0
2018-02-15,19:00:00,5622.48,5622.48,5610.48,5618.13,0,0
2018-02-15,20:00:00,5619.2,5625.44,5617.88,5624.94,0,0
2018-02-15,21:00:00,5624.11,5633.65,5622.93,5633.56,0,0
2018-02-15,22:00:00,5633.37,5643.23,5624.13,5624.13,0,0
2018-02-15,23:00:00,5634.91,5634.91,5634.91,5634.91,0,0
2018-02-16,15:00:00,5630.11,5645.44,5630.11,5645.22,0,0
2018-02-16,16:00:00,5645.22,5654.55,5642.38,5644.97,0,0
2018-02-16,17:00:00,5644.97,5646.69,5616.37,5617.85,0,0
2018-02-16,18:00:00,5617.18,5629.72,5614.55,5629.63,0,0
2018-02-16,19:00:00,5628.64,5630.35,5620.57,5622.72,0,0
2018-02-16,20:00:00,5620.38,5622.59,5616.66,5618.07,0,0
2018-02-16,21:00:00,5617.75,5619.27,5609.1,5610.76,0,0
2018-02-16,22:00:00,5610.72,5628.02,5610.72,5614.71,0,0
2018-02-16,23:00:00,5619.13,5619.13,5619.13,5619.13,0,0
2018-02-19,15:00:00,5623.81,5625.91,5622.36,5625.57,0,0
2018-02-19,16:00:00,5625.57,5639.45,5623.39,5637.15,0,0
2018-02-19,17:00:00,5637.15,5637.91,5621.24,5626.17,0,0
2018-02-19,18:00:00,5625.71,5635.06,5621.49,5621.49,0,0
2018-02-19,19:00:00,5621.3,5626.01,5617.2,5622.69,0,0
2018-02-19,20:00:00,5622.69,5629.41,5622.6,5628.02,0,0
2018-02-19,21:00:00,5628.02,5629.73,5621.3,5629.73,0,0
2018-02-19,22:00:00,5629.16,5631.96,5624.87,5626.94,0,0
2018-02-20,15:00:00,5630.03,5630.39,5606.57,5606.65,0,0
2018-02-20,16:00:00,5606.65,5611.27,5596.06,5601.96,0,0
2018-02-20,17:00:00,5601.96,5612.73,5595.59,5612.73,0,0
2018-02-20,18:00:00,5613.4,5626.61,5613.4,5625.72,0,0
2018-02-20,19:00:00,5626.19,5655.02,5626.19,5655.02,0,0
2018-02-20,20:00:00,5653.48,5664.63,5651.18,5660.57,0,0
2018-02-20,21:00:00,5660.63,5663.79,5654.97,5660.78,0,0
2018-02-20,22:00:00,5659.35,5673.1,5657.77,5673.1,0,0
2018-02-20,23:00:00,5680.37,5680.37,5680.37,5680.37,0,0
2018-02-21,15:00:00,5672.87,5674.24,5659.44,5659.44,0,0
2018-02-21,16:00:00,5659.89,5674.83,5657.78,5669.14,0,0
2018-02-21,17:00:00,5669.44,5690.31,5669.44,5682.63,0,0
2018-02-21,18:00:00,5683.22,5687.7,5678.79,5684.12,0,0
2018-02-21,19:00:00,5684.12,5685.29,5672.08,5679.03,0,0
2018-02-21,20:00:00,5678.88,5684.52,5677.37,5684.3,0,0
2018-02-21,21:00:00,5685,5693.27,5684.86,5692.54,0,0
2018-02-21,22:00:00,5692.24,5714.54,5683.96,5712.06,0,0
2018-02-21,23:00:00,5704.31,5704.31,5704.31,5704.31,0,0
2018-02-22,15:00:00,5706.44,5707.71,5698.08,5698.08,0,0
2018-02-22,16:00:00,5698.95,5711.52,5698.95,5709.35,0,0
2018-02-22,17:00:00,5707.47,5713.45,5698.98,5703.14,0,0
2018-02-22,18:00:00,5701.63,5710.96,5699.41,5709.83,0,0
2018-02-22,19:00:00,5710.76,5719.17,5708.86,5718.85,0,0
2018-02-22,20:00:00,5718.79,5726.28,5718.51,5723.2,0,0
2018-02-22,21:00:00,5722.92,5726.17,5713.17,5718.28,0,0
2018-02-22,22:00:00,5715.33,5730.74,5711.05,5730.74,0,0
2018-02-22,23:00:00,5724.92,5724.92,5724.92,5724.92,0,0
2018-02-23,15:00:00,5730.65,5730.65,5718.81,5718.85,0,0
2018-02-23,16:00:00,5718.88,5720.34,5709.04,5720.34,0,0
2018-02-23,17:00:00,5720.79,5725.68,5716.14,5723.58,0,0
2018-02-23,18:00:00,5723.1,5731.52,5718.02,5726.82,0,0
2018-02-23,19:00:00,5728.93,5730.06,5722.29,5728.34,0,0
2018-02-23,20:00:00,5728.75,5731.63,5714.74,5716.75,0,0
2018-02-23,21:00:00,5716.98,5720.29,5713.8,5719.03,0,0
2018-02-23,22:00:00,5721.34,5741.93,5710.36,5734.36,0,0
2018-02-23,23:00:00,5753.53,5753.53,5753.53,5753.53,0,0
2018-02-26,15:00:00,5738.23,5746.56,5738.23,5742.94,0,0
2018-02-26,16:00:00,5742.68,5742.68,5728.99,5734.36,0,0
2018-02-26,17:00:00,5734.23,5738.05,5707.14,5709.08,0,0
2018-02-26,18:00:00,5710.66,5711.24,5689.06,5689.06,0,0
2018-02-26,19:00:00,5687.35,5687.35,5674.36,5676.49,0,0
2018-02-26,20:00:00,5674.78,5679.76,5666.94,5670.54,0,0
2018-02-26,21:00:00,5670.54,5675.08,5667.71,5674.17,0,0
2018-02-26,22:00:00,5673.93,5677.48,5670.51,5674.49,0,0
2018-02-26,23:00:00,5668.52,5668.52,5668.52,5668.52,0,0
2018-02-27,15:00:00,5676.74,5701.12,5676.74,5701.12,0,0
2018-02-27,16:00:00,5699.78,5703.67,5696.66,5696.66,0,0
2018-02-27,17:00:00,5697.1,5697.67,5664.45,5664.45,0,0
2018-02-27,18:00:00,5665.35,5665.41,5648.15,5648.15,0,0
2018-02-27,19:00:00,5647.4,5654.52,5642.74,5645.07,0,0
2018-02-27,20:00:00,5644.7,5645.54,5634.59,5635.99,0,0
2018-02-27,21:00:00,5642.79,5642.79,5633.14,5634.11,0,0
2018-02-27,22:00:00,5635.08,5651.53,5628.41,5651.53,0,0
2018-02-27,23:00:00,5646.08,5646.08,5646.08,5646.08,0,0
2018-02-28,15:00:00,5641.05,5646.4,5639.86,5642.74,0,0
2018-02-28,16:00:00,5642.74,5642.82,5623.55,5629.42,0,0
2018-02-28,17:00:00,5629.45,5636.45,5620.39,5628.1,0,0
2018-02-28,18:00:00,5626.72,5627.34,5610.59,5613.44,0,0
2018-02-28,19:00:00,5614.93,5616.44,5608.29,5608.38,0,0
2018-02-28,20:00:00,5609.8,5613.52,5606.41,5612.08,0,0
2018-02-28,21:00:00,5611.99,5612.97,5608.98,5610.3,0,0
2018-02-28,22:00:00,5610.33,5613.59,5598.89,5613.59,0,0
2018-02-28,23:00:00,5601.02,5601.02,5601.02,5601.02,0,0
2018-03-01,15:00:00,5604.68,5605.2,5592.71,5592.71,0,0
2018-03-01,16:00:00,5592.71,5594.95,5589.53,5594.95,0,0
2018-03-01,17:00:00,5594.71,5601.53,5581.45,5581.45,0,0
2018-03-01,18:00:00,5580.53,5582.63,5562.44,5573.17,0,0
2018-03-01,19:00:00,5572.46,5572.46,5564.27,5567.22,0,0
2018-03-01,20:00:00,5567.83,5570.73,5553.54,5559.56,0,0
2018-03-01,21:00:00,5559.56,5559.56,5528.06,5541.61,0,0
2018-03-01,22:00:00,5541.86,5541.86,5521.94,5521.94,0,0
2018-03-02,15:00:00,5527.02,5527.02,5517.66,5521.87,0,0
2018-03-02,16:00:00,5521.87,5530.45,5516.2,5526.88,0,0
2018-03-02,17:00:00,5526.14,5526.14,5497.31,5500.2,0,0
2018-03-02,18:00:00,5499.77,5501.76,5484.73,5491.08,0,0
2018-03-02,19:00:00,5491.27,5499.92,5491.18,5499.92,0,0
2018-03-02,20:00:00,5502.54,5517.72,5501.73,5515.79,0,0
2018-03-02,21:00:00,5516.68,5521.26,5509.76,5518.39,0,0
2018-03-02,22:00:00,5514.51,5561.58,5507.44,5561.58,0,0
2018-03-05,15:00:00,5551.57,5551.57,5545.5,5546.59,0,0
2018-03-05,16:00:00,5546.59,5548.08,5539.56,5542.11,0,0
2018-03-05,17:00:00,5542.84,5542.87,5515.39,5519.4,0,0
2018-03-05,18:00:00,5517.18,5522.98,5511.98,5520.83,0,0
2018-03-05,19:00:00,5520.19,5534.44,5516.63,5531,0,0
2018-03-05,20:00:00,5531.61,5531.69,5517.46,5521.6,0,0
2018-03-05,21:00:00,5522.4,5536.05,5522.3,5533.22,0,0
2018-03-05,22:00:00,5533.03,5543.51,5529.5,5540.27,0,0
2018-03-05,23:00:00,5538.58,5538.58,5538.58,5538.58,0,0
2018-03-06,15:00:00,5546.86,5547.24,5541.5,5541.75,0,0
2018-03-06,16:00:00,5541.74,5544.41,5533.95,5539.19,0,0
2018-03-06,17:00:00,5540.34,5557.52,5539.63,5557.52,0,0
2018-03-06,18:00:00,5559.5,5567.36,5556.4,5560.32,0,0
2018-03-06,19:00:00,5559.77,5562.33,5554.78,5555.6,0,0
2018-03-06,20:00:00,5557.2,5557.59,5551.7,5551.7,0,0
2018-03-06,21:00:00,5551.65,5554.57,5545.77,5551.46,0,0
2018-03-06,22:00:00,5553.26,5560.39,5545.6,5549.51,0,0
2018-03-06,23:00:00,5551.5,5551.5,5551.5,5551.5,0,0
2018-03-07,15:00:00,5550.93,5550.93,5535.64,5536.56,0,0
2018-03-07,16:00:00,5536.66,5542.33,5531.21,5535.11,0,0
2018-03-07,17:00:00,5535.81,5543.75,5529.46,5536.48,0,0
2018-03-07,18:00:00,5541.47,5548.39,5537.09,5546.3,0,0
2018-03-07,19:00:00,5546.22,5551.11,5542.82,5545.93,0,0
2018-03-07,20:00:00,5545.83,5545.83,5535.52,5542.54,0,0
2018-03-07,21:00:00,5542.88,5547.44,5541.27,5546.33,0,0
2018-03-07,22:00:00,5545.73,5556.18,5538.95,5550.69,0,0
2018-03-07,23:00:00,5552.67,5552.67,5552.67,5552.67,0,0
2018-03-08,15:00:00,5551.67,5552.4,5538.66,5544.97,0,0
2018-03-08,16:00:00,5544.64,5555.21,5543.85,5555.21,0,0
2018-03-08,17:00:00,5556.46,5568.88,5553.77,5561.55,0,0
2018-03-08,18:00:00,5561.44,5563.76,5553.84,5554.23,0,0
2018-03-08,19:00:00,5555.08,5571.8,5553.29,5569.39,0,0
2018-03-08,20:00:00,5571.92,5573.52,5563.66,5565.14,0,0
2018-03-08,21:00:00,5565.34,5569.97,5560.44,5563.73,0,0
2018-03-08,22:00:00,5566.72,5576.56,5561.19,5571.08,0,0
2018-03-09,15:00:00,5575.49,5581.9,5575.49,5580.91,0,0
2018-03-09,16:00:00,5580.1,5583.59,5570.49,5583.26,0,0
2018-03-09,17:00:00,5583.34,5592.7,5580.6,5592.7,0,0
2018-03-09,18:00:00,5593.85,5621.15,5593.85,5621.15,0,0
2018-03-09,19:00:00,5622.42,5622.42,5611.86,5617.71,0,0
2018-03-09,20:00:00,5618.47,5638.63,5618.02,5635.16,0,0
2018-03-09,21:00:00,5634.86,5640.55,5631.44,5640.55,0,0
2018-03-09,22:00:00,5640.91,5642.84,5632.37,5641.25,0,0
2018-03-09,23:00:00,5633.16,5633.16,5633.16,5633.16,0,0
2018-03-12,14:00:00,5637.8,5640.13,5636.82,5637.15,0,0
2018-03-12,15:00:00,5637.15,5647.03,5631.35,5645.42,0,0
2018-03-12,16:00:00,5645.42,5653.31,5641.87,5644.29,0,0
2018-03-12,17:00:00,5644.6,5646.71,5640.51,5646.18,0,0
2018-03-12,18:00:00,5644.96,5645.34,5640.9,5642.98,0,0
2018-03-12,19:00:00,5643.11,5649.73,5643.11,5649.54,0,0
2018-03-12,20:00:00,5650.62,5658.37,5644.41,5654.42,0,0
2018-03-12,21:00:00,5644.94,5644.94,5644.94,5644.94,0,0
2018-03-13,14:00:00,5656.85,5658.74,5647.96,5658.02,0,0
2018-03-13,15:00:00,5656.79,5662.23,5649.54,5652.26,0,0
2018-03-13,16:00:00,5650.63,5663.14,5649.44,5660.94,0,0
2018-03-13,17:00:00,5659.83,5659.83,5648.05,5653.38,0,0
2018-03-13,18:00:00,5654.38,5656.53,5644.89,5644.89,0,0
2018-03-13,19:00:00,5645.7,5647.24,5640.97,5642.13,0,0
2018-03-13,20:00:00,5642.15,5642.64,5624.36,5631.74,0,0
2018-03-14,14:00:00,5632.28,5639.14,5632.28,5638.16,0,0
2018-03-14,15:00:00,5638.16,5648.74,5634.49,5639.61,0,0
2018-03-14,16:00:00,5639.35,5639.85,5631.89,5635.29,0,0
2018-03-14,17:00:00,5634.33,5635.81,5613.66,5616.71,0,0
2018-03-14,18:00:00,5615.22,5620.69,5609.5,5618.15,0,0
2018-03-14,19:00:00,5617.98,5624.76,5612.28,5624.76,0,0
2018-03-14,20:00:00,5624.1,5627.16,5614.18,5616.77,0,0
2018-03-14,21:00:00,5612.13,5612.13,5612.13,5612.13,0,0
2018-03-15,14:00:00,5613.98,5628.31,5612.94,5628.31,0,0
2018-03-15,15:00:00,5628.98,5630.9,5614.04,5617.2,0,0
2018-03-15,16:00:00,5617.19,5621.04,5610.9,5613.09,0,0
2018-03-15,17:00:00,5612.08,5616.2,5610.61,5611.1,0,0
2018-03-15,18:00:00,5610.41,5610.64,5605.78,5606.8,0,0
2018-03-15,19:00:00,5606.64,5614.39,5603.59,5610.07,0,0
2018-03-15,20:00:00,5607.93,5608.89,5584.35,5587.38,0,0
2018-03-15,21:00:00,5577.11,5577.11,5577.11,5577.11,0,0
2018-03-16,14:00:00,5584.52,5598.35,5584.52,5587.38,0,0
2018-03-16,15:00:00,5587.5,5594.95,5580.85,5592.71,0,0
2018-03-16,16:00:00,5592.76,5604.47,5591.62,5603.3,0,0
2018-03-16,17:00:00,5604.79,5607.44,5598.89,5601.04,0,0
2018-03-16,18:00:00,5601.23,5601.3,5595.46,5600.4,0,0
2018-03-16,19:00:00,5599.95,5601.03,5595.38,5595.38,0,0
2018-03-16,20:00:00,5596.7,5606.89,5591,5593.68,0,0
2018-03-16,21:00:00,5593.3,5593.3,5593.3,5593.3,0,0
2018-03-19,14:00:00,5609.63,5610.4,5597.06,5597.06,0,0
2018-03-19,15:00:00,5597,5600.51,5577.29,5580.54,0,0
2018-03-19,16:00:00,5580.04,5587.37,5579.88,5583.97,0,0
2018-03-19,17:00:00,5583.74,5584.07,5564.13,5569.64,0,0
2018-03-19,18:00:00,5571.44,5576.43,5566.89,5569.86,0,0
2018-03-19,19:00:00,5570.24,5571.66,5566.17,5570.01,0,0
2018-03-19,20:00:00,5574.21,5584.75,5569.16,5584.75,0,0
2018-03-19,21:00:00,5584.19,5584.19,5584.19,5584.19,0,0
2018-03-20,14:00:00,5576.55,5578.44,5557.47,5558.85,0,0
2018-03-20,15:00:00,5558.74,5572.94,5554.32,5563.65,0,0
2018-03-20,16:00:00,5564.05,5565.69,5560.71,5560.89,0,0
2018-03-20,17:00:00,5562.65,5563.29,5553.74,5555.61,0,0
2018-03-20,18:00:00,5554.26,5555.08,5546.18,5550.75,0,0
2018-03-20,19:00:00,5549.57,5550.2,5543.19,5543.19,0,0
2018-03-20,20:00:00,5543.1,5548.23,5538.28,5542.83,0,0
2018-03-20,21:00:00,5545.57,5545.57,5545.57,5545.57,0,0
2018-03-21,14:00:00,5551.91,5551.91,5536.74,5537.28,0,0
2018-03-21,15:00:00,5537.28,5552.74,5529.64,5546.93,0,0
2018-03-21,16:00:00,5547.02,5550.35,5541.91,5549.49,0,0
2018-03-21,17:00:00,5549.38,5553.95,5548.74,5553.61,0,0
2018-03-21,18:00:00,5553.32,5553.32,5546.85,5549.41,0,0
2018-03-21,19:00:00,5549.22,5549.56,5543.31,5548.17,0,0
2018-03-21,20:00:00,5548.29,5548.68,5530.69,5539.13,0,0
2018-03-22,14:00:00,5542.31,5542.31,5529.53,5537.32,0,0
2018-03-22,15:00:00,5537.32,5537.32,5502.97,5509.16,0,0
2018-03-22,16:00:00,5510.37,5524.46,5505.97,5506.33,0,0
2018-03-22,17:00:00,5505.9,5505.9,5490.53,5490.53,0,0
2018-03-22,18:00:00,5491.18,5496.16,5484.56,5496.16,0,0
2018-03-22,19:00:00,5496.21,5512.08,5495.9,5507.44,0,0
2018-03-22,20:00:00,5508.56,5523.5,5508.17,5516.87,0,0
2018-03-22,21:00:00,5514.63,5514.63,5514.63,5514.63,0,0
2018-03-23,14:00:00,5508.24,5510.32,5494.08,5494.08,0,0
2018-03-23,15:00:00,5495.34,5498.33,5485.54,5491.02,0,0
2018-03-23,16:00:00,5490.85,5510.96,5490.85,5504.82,0,0
2018-03-23,17:00:00,5504.82,5510.13,5495.29,5495.29,0,0
2018-03-23,18:00:00,5493.93,5500.34,5485.78,5485.83,0,0
2018-03-23,19:00:00,5487.07,5491.88,5486.14,5491.88,0,0
2018-03-23,20:00:00,5492.18,5496.72,5479.89,5479.89,0,0
2018-03-23,21:00:00,5476.47,5476.47,5476.47,5476.47,0,0
2018-03-26,15:00:00,5487.67,5509.2,5487.67,5508.83,0,0
2018-03-26,16:00:00,5511.32,5527.69,5490.28,5492.48,0,0
2018-03-26,17:00:00,5492.51,5492.72,5467.52,5472.35,0,0
2018-03-26,18:00:00,5471.46,5471.46,5447.6,5451.25,0,0
2018-03-26,19:00:00,5450.18,5451.92,5444.42,5447.06,0,0
2018-03-26,20:00:00,5447.15,5452.75,5442.56,5450.28,0,0
2018-03-26,21:00:00,5450.07,5452.96,5442.22,5448.28,0,0
2018-03-27,15:00:00,5449.24,5471.25,5449.24,5471.25,0,0
2018-03-27,16:00:00,5460.89,5491.82,5460.89,5478.2,0,0
2018-03-27,17:00:00,5478.63,5481.46,5474.96,5477.83,0,0
2018-03-27,18:00:00,5477.39,5487.42,5476.93,5485.63,0,0
2018-03-27,19:00:00,5485.63,5490.04,5483.23,5483.52,0,0
2018-03-27,20:00:00,5483.84,5486.27,5477.06,5477.06,0,0
2018-03-27,21:00:00,5476.76,5487.36,5469.86,5469.86,0,0
2018-03-27,22:00:00,5476.74,5476.74,5476.74,5476.74,0,0
2018-03-28,15:00:00,5482.19,5489.46,5482.19,5483.8,0,0
2018-03-28,16:00:00,5483.45,5483.45,5468.18,5475.2,0,0
2018-03-28,17:00:00,5476.8,5485.68,5468.11,5468.17,0,0
2018-03-28,18:00:00,5467.85,5472.18,5459.27,5461.55,0,0
2018-03-28,19:00:00,5461.59,5468.75,5459.79,5462.89,0,0
2018-03-28,20:00:00,5462.5,5462.5,5452.49,5454.09,0,0
2018-03-28,21:00:00,5454.06,5470.88,5454.06,5466.17,0,0
2018-03-29,15:00:00,5466.71,5482.86,5466.71,5482.41,0,0
2018-03-29,16:00:00,5482.56,5483.52,5472.96,5478.76,0,0
2018-03-29,17:00:00,5478.32,5507.34,5473.05,5503.92,0,0
2018-03-29,18:00:00,5503.97,5515.33,5502.44,5510.37,0,0
2018-03-29,19:00:00,5510.38,5544.99,5510.38,5544.99,0,0
