Date,Time,Open,High,Low,Close,Volume,OpenInt
2017-07-21,03:00:00,2438.78,2442.68,2437.84,2441.81,172050000,0
2017-07-21,04:00:00,2441.73,2444.13,2439.9,2443.86,35125000,0
2017-07-21,05:00:00,2444.28,2444.28,2440.51,2442.51,29627000,0
2017-07-21,06:00:00,2442.49,2447.71,2441.74,2447.14,22612000,0
2017-07-21,07:00:00,2447.2,2451.59,2447.2,2448.69,30638000,0
2017-07-21,08:00:00,2449.15,2450.06,2442.92,2450.06,53705000,0
2017-07-24,03:00:00,2451.41,2451.41,2445.13,2447.2,260265000,0
2017-07-24,04:00:00,2447.75,2449.09,2444.06,2445.99,35899000,0
2017-07-24,05:00:00,2445.35,2447.87,2443.77,2445.23,24905000,0
2017-07-24,06:00:00,2445.58,2447.15,2444.21,2445.12,19745000,0
2017-07-24,07:00:00,2445.73,2449.6,2444.99,2447.91,23850000,0
2017-07-24,08:00:00,2448.58,2451.53,2446.4,2451.53,53492000,0
2017-07-25,03:00:00,2450.76,2453.17,2447.53,2449.77,224425000,0
2017-07-25,04:00:00,2450.44,2453.07,2444.75,2446.47,50305000,0
2017-07-25,05:00:00,2446.07,2450.08,2446.07,2449.79,28916000,0
2017-07-25,06:00:00,2449.07,2450.71,2448.27,2449.39,24454000,0
2017-07-25,07:00:00,2449.3,2450.13,2445.95,2448.36,32501000,0
2017-07-25,08:00:00,2447.75,2449.12,2437.9,2439.9,62945000,0
2017-07-26,03:00:00,2446.82,2446.96,2438.25,2438.25,247118000,0
2017-07-26,04:00:00,2438.58,2443.82,2433.66,2437.59,54257000,0
2017-07-26,05:00:00,2436.82,2438.59,2430.77,2432.65,34796000,0
2017-07-26,06:00:00,2431.23,2436.74,2431.23,2432.8,32980000,0
2017-07-26,07:00:00,2433.24,2433.9,2430.56,2433.3,41325000,0
2017-07-26,08:00:00,2432.62,2436.25,2429.62,2434.51,79920000,0
2017-07-27,03:00:00,2443.28,2448.07,2438.75,2440.65,251845000,0
2017-07-27,04:00:00,2441.2,2441.48,2436.34,2439.35,95561000,0
2017-07-27,05:00:00,2439.51,2442.57,2438.53,2440.39,44071000,0
2017-07-27,06:00:00,2439.22,2440.68,2438.14,2440.33,42129000,0
2017-07-27,07:00:00,2439.68,2441,2436.18,2439.13,47475000,0
2017-07-27,08:00:00,2439.07,2444.85,2437.9,2443.24,101891000,0
2017-07-28,03:00:00,2433.46,2434.38,2416.14,2417.98,166689000,0
2017-07-28,04:00:00,2417.54,2420.09,2411.19,2412.11,41601000,0
2017-07-28,05:00:00,2413.08,2415.04,2409.94,2414.71,46974000,0
2017-07-28,06:00:00,2414.49,2414.6,2407.01,2407.83,31199000,0
2017-07-28,07:00:00,2408.23,2411.71,2406.51,2410.72,35190000,0
2017-07-28,08:00:00,2410.15,2410.92,2399.06,2400.99,73847000,0
2017-07-31,03:00:00,2392.24,2400.02,2390.41,2394.95,302454000,0
2017-07-31,04:00:00,2395.21,2397.54,2388.39,2396.87,47550000,0
2017-07-31,05:00:00,2395.38,2397.69,2393.54,2395.69,31434000,0
2017-07-31,06:00:00,2395.38,2396.08,2393.42,2393.71,20575000,0
2017-07-31,07:00:00,2393.18,2395.39,2391.98,2393.4,25763000,0
2017-07-31,08:00:00,2394.62,2403.9,2394.62,2402.71,64509000,0
2017-08-01,03:00:00,2397.12,2417.6,2394.27,2417.6,135865000,0
2017-08-01,04:00:00,2418.3,2431.75,2416.16,2428.67,38516000,0
2017-08-01,05:00:00,2428.02,2430.25,2424.03,2424.96,32325000,0
2017-08-01,06:00:00,2426.73,2428.81,2423.48,2427.51,21695000,0
2017-08-01,07:00:00,2426.03,2428.5,2424.65,2426.64,27192000,0
2017-08-01,08:00:00,2425.91,2427.97,2419.77,2422.96,74635000,0
2017-08-02,03:00:00,2431.94,2434.47,2424.18,2424.63,176254000,0
2017-08-02,04:00:00,2424.89,2428.6,2424.76,2427.39,37655000,0
2017-08-02,05:00:00,2427.11,2429.19,2426.49,2428.38,26212000,0
2017-08-02,06:00:00,2427.72,2430.13,2427.12,2430.06,22899000,0
2017-08-02,07:00:00,2429.41,2430.72,2428.32,2429.73,26675000,0
2017-08-02,08:00:00,2430.11,2430.51,2426.38,2427.63,67058000,0
2017-08-03,03:00:00,2423.21,2423.55,2387.92,2393.58,187348000,0
2017-08-03,04:00:00,2393.99,2394.52,2381.32,2381.32,55505000,0
2017-08-03,05:00:00,2381.64,2389.45,2374.74,2385.59,44954000,0
2017-08-03,06:00:00,2386.06,2393.84,2384.36,2390.41,23153000,0
2017-08-03,07:00:00,2390.56,2392.88,2384.38,2384.68,28468000,0
2017-08-03,08:00:00,2384.55,2389.84,2382.55,2386.85,65964000,0
2017-08-04,03:00:00,2389.74,2400.33,2385.01,2385.17,311269000,0
2017-08-04,04:00:00,2385.57,2393.44,2383.45,2393.44,46392000,0
2017-08-04,05:00:00,2392.77,2394.95,2390.95,2391.9,29387000,0
2017-08-04,06:00:00,2391.97,2392.54,2389.27,2390.06,24789000,0
2017-08-04,07:00:00,2389.12,2393.26,2388.27,2392.03,30379000,0
2017-08-04,08:00:00,2391.73,2398.83,2391.73,2395.45,55767000,0
2017-08-07,03:00:00,2402.57,2404.67,2395.74,2402.27,286982000,0
2017-08-07,04:00:00,2402.59,2411.85,2402.48,2410.34,35767000,0
2017-08-07,05:00:00,2410.37,2411,2405.05,2407.42,23460000,0
2017-08-07,06:00:00,2408.35,2408.67,2404.62,2407.95,24762000,0
2017-08-07,07:00:00,2407.01,2408.08,2404.71,2405.79,27419000,0
2017-08-07,08:00:00,2407.29,2407.56,2398.46,2398.75,49620000,0
2017-08-08,03:00:00,2404.68,2410.22,2386.01,2393.36,157183000,0
2017-08-08,04:00:00,2394.12,2398.04,2390.83,2391.65,41149000,0
2017-08-08,05:00:00,2392.1,2394.65,2388.4,2392.82,28174000,0
2017-08-08,06:00:00,2392.95,2396.91,2392.48,2395.08,19426000,0
2017-08-08,07:00:00,2395.33,2400.25,2395.33,2398.73,29099000,0
2017-08-08,08:00:00,2398.54,2401.9,2394.73,2394.73,56416000,0
2017-08-09,03:00:00,2379.7,2387.53,2372.17,2373.64,165351000,0
2017-08-09,04:00:00,2374.15,2380.28,2371.28,2377.31,43130000,0
2017-08-09,05:00:00,2377.26,2378.04,2372.2,2372.57,24748000,0
2017-08-09,06:00:00,2374,2374.2,2370.64,2373.14,22314000,0
2017-08-09,07:00:00,2373.15,2376.36,2373.01,2374.11,22210000,0
2017-08-09,08:00:00,2373.43,2375.11,2366.33,2368.39,58927000,0
2017-08-10,03:00:00,2360.95,2371.27,2360.59,2367.58,115865000,0
2017-08-10,04:00:00,2367.61,2369.45,2357.71,2357.71,40182000,0
2017-08-10,05:00:00,2358.44,2358.73,2343.94,2347.89,46819000,0
2017-08-10,06:00:00,2348.81,2350.88,2339.06,2342.56,27689000,0
2017-08-10,07:00:00,2341.85,2350.94,2340.45,2350.94,30654000,0
2017-08-10,08:00:00,2351.61,2363.44,2351.61,2359.47,65106000,0
2017-08-11,03:00:00,2323.06,2335.12,2321.04,2331.92,177718000,0
2017-08-11,04:00:00,2332.98,2332.98,2319.47,2319.71,47402000,0
2017-08-11,05:00:00,2320.97,2322.78,2310.2,2316.19,46049000,0
2017-08-11,06:00:00,2318.04,2324.75,2313.74,2324.75,23192000,0
2017-08-11,07:00:00,2323.93,2325.25,2317.9,2319.29,29678000,0
2017-08-11,08:00:00,2318.88,2321.52,2313.9,2319.71,74776000,0
2017-08-14,03:00:00,2336.02,2341.78,2327.86,2332.36,237755000,0
2017-08-14,04:00:00,2333,2336.12,2331.17,2331.93,57454000,0
2017-08-14,05:00:00,2331.27,2334.58,2328.67,2333.93,49974000,0
2017-08-14,06:00:00,2334.4,2337,2332.87,2335.26,38354000,0
2017-08-14,07:00:00,2335.93,2337.38,2332.3,2333.24,46514000,0
2017-08-14,08:00:00,2332.84,2335.97,2331.98,2334.22,96153000,0
2017-08-16,03:00:00,2355.74,2358.46,2345.79,2347.98,265450000,0
2017-08-16,04:00:00,2348.22,2351.47,2347.75,2349.07,34046000,0
2017-08-16,05:00:00,2349.38,2350.57,2343.88,2345.24,28453000,0
2017-08-16,06:00:00,2344.71,2346.86,2343.72,2345.41,22809000,0
2017-08-16,07:00:00,2346.24,2347.59,2344.43,2345.61,41015000,0
2017-08-16,08:00:00,2344.97,2348.26,2343.8,2348.26,57747000,0
2017-08-17,03:00:00,2351.61,2359.8,2346.74,2355.65,157081000,0
2017-08-17,04:00:00,2355.99,2361.63,2352.93,2360.98,34437000,0
2017-08-17,05:00:00,2360.86,2361.58,2357.5,2358.51,26264000,0
2017-08-17,06:00:00,2359.31,2361.06,2357.86,2360.27,19663000,0
2017-08-17,07:00:00,2359.94,2364.5,2358.69,2363.89,25099000,0
2017-08-17,08:00:00,2363.2,2363.84,2359.25,2361.67,51337000,0
2017-08-18,03:00:00,2340.19,2353.08,2340.19,2351.72,141908000,0
2017-08-18,04:00:00,2351.5,2354.36,2349.97,2353.32,28203000,0
2017-08-18,05:00:00,2353.57,2354.83,2351.86,2354.49,22378000,0
2017-08-18,06:00:00,2354.7,2357.51,2352.87,2355.53,17138000,0
2017-08-18,07:00:00,2355.84,2360.38,2355.61,2358.49,23064000,0
2017-08-18,08:00:00,2358.68,2362.18,2355.69,2358.37,47428000,0
2017-08-21,03:00:00,2363.38,2363.38,2353.54,2356.94,237375000,0
2017-08-21,04:00:00,2356.09,2356.09,2352.31,2354.6,62642000,0
2017-08-21,05:00:00,2354.17,2355.19,2351.96,2354.24,47345000,0
2017-08-21,06:00:00,2353.94,2358.18,2352.46,2356.74,39108000,0
2017-08-21,07:00:00,2356.71,2358.56,2355.29,2356.1,48286000,0
2017-08-21,08:00:00,2355.93,2357.47,2353.64,2355,61095000,0
2017-08-22,03:00:00,2360.29,2368.51,2359.97,2362.67,153146000,0
2017-08-22,04:00:00,2363.35,2369.02,2361.8,2362.15,36587000,0
2017-08-22,05:00:00,2363.26,2365.1,2361.58,2363.98,32918000,0
2017-08-22,06:00:00,2363.67,2366.06,2363.53,2365.4,20635000,0
2017-08-22,07:00:00,2365.61,2365.82,2363.17,2363.64,25071000,0
2017-08-22,08:00:00,2364.24,2366.19,2363.03,2365.33,62056000,0
2017-08-23,03:00:00,2376.53,2379.59,2369.72,2369.95,173961000,0
2017-08-23,04:00:00,2370.19,2370.97,2367,2368.16,38279000,0
2017-08-23,05:00:00,2368.41,2368.99,2365.1,2365.75,25992000,0
2017-08-23,06:00:00,2365.86,2366.29,2363.72,2365.74,19180000,0
2017-08-23,07:00:00,2365.19,2366.18,2362.35,2363.36,23256000,0
2017-08-23,08:00:00,2361.88,2366.4,2360.71,2366.4,50740000,0
2017-08-24,03:00:00,2370.12,2377.69,2368.29,2377.05,214724000,0
2017-08-24,04:00:00,2377.49,2381.72,2377.49,2380.62,44547000,0
2017-08-24,05:00:00,2380.63,2380.92,2374.1,2374.85,32897000,0
2017-08-24,06:00:00,2375.4,2378.48,2374.34,2377.98,25953000,0
2017-08-24,07:00:00,2377.71,2379.05,2375.4,2376.2,54394000,0
2017-08-24,08:00:00,2376.13,2377.45,2374.71,2375.84,62383000,0
2017-08-25,03:00:00,2381.47,2381.97,2373.56,2375.66,171671000,0
2017-08-25,04:00:00,2375.91,2377.64,2372.83,2376.9,38391000,0
2017-08-25,05:00:00,2377.34,2381.45,2376.67,2380.12,28921000,0
2017-08-25,06:00:00,2380.02,2381.94,2378.23,2378.23,37794000,0
2017-08-25,07:00:00,2378.66,2379.69,2376.68,2377.56,54019000,0
2017-08-25,08:00:00,2376.9,2384.59,2372.81,2378.51,90306000,0
2017-08-28,03:00:00,2376.38,2383.46,2366.37,2369.4,260442000,0
2017-08-28,04:00:00,2369.6,2372.12,2367.13,2368.75,34793000,0
2017-08-28,05:00:00,2368.66,2370.98,2367.7,2368.59,27918000,0
2017-08-28,06:00:00,2369.11,2370.52,2368.07,2369.73,19742000,0
2017-08-28,07:00:00,2370.03,2370.03,2367.04,2367.36,25547000,0
2017-08-28,08:00:00,2367.44,2370.3,2366.56,2370.3,44834000,0
2017-08-29,03:00:00,2356.2,2360.94,2345.29,2350.71,148696000,0
2017-08-29,04:00:00,2350.02,2350.34,2339.66,2339.66,27660000,0
2017-08-29,05:00:00,2339.16,2344.27,2332.85,2342.52,32273000,0
2017-08-29,06:00:00,2342.84,2351.66,2342.5,2351.66,18280000,0
2017-08-29,07:00:00,2350.84,2353.86,2349.26,2352.51,27311000,0
2017-08-29,08:00:00,2353.37,2364.74,2351.15,2364.74,50216000,0
2017-08-30,03:00:00,2368.13,2369.18,2363.43,2367.5,193609000,0
2017-08-30,04:00:00,2367.66,2368.35,2364.55,2366.98,65299000,0
2017-08-30,05:00:00,2366.7,2367.66,2364.98,2366.21,36103000,0
2017-08-30,06:00:00,2366.48,2367.47,2365.27,2366.48,26113000,0
2017-08-30,07:00:00,2366.05,2367.72,2364.96,2366.26,40490000,0
2017-08-30,08:00:00,2366.08,2372.29,2365.06,2372.29,58337000,0
2017-08-31,03:00:00,2373.96,2377.02,2368.28,2370.59,123437000,0
2017-08-31,04:00:00,2370.56,2371.71,2363.37,2364.39,39340000,0
2017-08-31,05:00:00,2364,2366.69,2363.5,2364.59,22318000,0
2017-08-31,06:00:00,2364.66,2365.42,2362.39,2363.01,21443000,0
2017-08-31,07:00:00,2363.21,2364.88,2362.02,2363.78,29094000,0
2017-08-31,08:00:00,2363.53,2364.02,2355.61,2363.19,79203000,0
2017-09-01,03:00:00,2367.45,2370.01,2358.07,2358.51,167535000,0
2017-09-01,04:00:00,2358.34,2362.43,2351.37,2360.36,52857000,0
2017-09-01,05:00:00,2360.63,2361.97,2357.6,2360.22,35112000,0
2017-09-01,06:00:00,2360.05,2361.84,2358.32,2360.84,23128000,0
2017-09-01,07:00:00,2360.31,2363.72,2359.5,2362.82,31568000,0
2017-09-01,08:00:00,2362.67,2363.66,2357.16,2357.69,68423000,0
2017-09-04,03:00:00,2316.89,2338.44,2316.89,2338.03,329085000,0
2017-09-04,04:00:00,2337.01,2343.63,2334.98,2342.61,32752000,0
2017-09-04,05:00:00,2343.02,2344.09,2338.86,2339.85,21637000,0
2017-09-04,06:00:00,2341.02,2341.02,2337.67,2339.11,20144000,0
2017-09-04,07:00:00,2338.72,2339.77,2336.5,2337.8,25190000,0
2017-09-04,08:00:00,2337.08,2341.61,2329.65,2329.65,56896000,0
2017-09-05,03:00:00,2340.62,2340.62,2328.51,2329.96,177434000,0
2017-09-05,04:00:00,2329.88,2332.36,2322.97,2329.22,71652000,0
2017-09-05,05:00:00,2329.82,2329.82,2324.72,2326.43,48018000,0
2017-09-05,06:00:00,2325.73,2327.42,2323.2,2324.85,26318000,0
2017-09-05,07:00:00,2324.22,2326.89,2319.94,2322.15,30891000,0
2017-09-05,08:00:00,2322.83,2327.38,2322.15,2326.62,65055000,0
2017-09-06,03:00:00,2324.84,2325.56,2319.99,2321.1,174652000,0
2017-09-06,04:00:00,2321.24,2324.28,2318.84,2319.83,39596000,0
2017-09-06,05:00:00,2319.89,2321,2318.71,2319.42,30725000,0
2017-09-06,06:00:00,2319.18,2319.47,2314.31,2319.02,23399000,0
2017-09-06,07:00:00,2319.19,2319.95,2317.2,2318.8,27988000,0
2017-09-06,08:00:00,2318.75,2320.98,2317.52,2319.82,62786000,0
2017-09-07,03:00:00,2328.94,2343.5,2328.94,2343.41,227213000,0
2017-09-07,04:00:00,2343.86,2348.76,2343.09,2348.45,48087000,0
2017-09-07,05:00:00,2349.07,2349.07,2343.53,2345.37,30932000,0
2017-09-07,06:00:00,2345.7,2345.77,2343.27,2343.31,22440000,0
2017-09-07,07:00:00,2343.84,2348.16,2342.73,2346.25,29765000,0
2017-09-07,08:00:00,2346.74,2349.68,2345.16,2346.19,58446000,0
2017-09-08,03:00:00,2350.19,2351.73,2340.95,2342.28,125253000,0
2017-09-08,04:00:00,2342.86,2344.83,2340.81,2342.83,30369000,0
2017-09-08,05:00:00,2342.82,2344.76,2342.49,2343.47,21815000,0
2017-09-08,06:00:00,2343.26,2344.59,2341.53,2343.31,17257000,0
2017-09-08,07:00:00,2343.85,2344.44,2341.97,2343.96,24919000,0
2017-09-08,08:00:00,2343.74,2344.62,2340.9,2343.72,53261000,0
2017-09-11,03:00:00,2354.86,2369.6,2354.35,2367.53,238032000,0
2017-09-11,04:00:00,2367.21,2367.74,2363.6,2364.08,38687000,0
2017-09-11,05:00:00,2364.65,2365.17,2361.61,2362.25,24370000,0
2017-09-11,06:00:00,2362.26,2363.61,2360.75,2362.54,21278000,0
2017-09-11,07:00:00,2361.6,2364.03,2359.79,2360.57,27859000,0
2017-09-11,08:00:00,2360.79,2361.73,2355.55,2359.08,61052000,0
2017-09-12,03:00:00,2372.02,2372.45,2361.62,2364.37,244833000,0
2017-09-12,04:00:00,2364.33,2367.68,2362.68,2364.13,39957000,0
2017-09-12,05:00:00,2364.37,2364.84,2359.15,2361.33,37436000,0
2017-09-12,06:00:00,2362.24,2363.5,2360.72,2362.36,36727000,0
2017-09-12,07:00:00,2362.16,2365.54,2361.99,2363.05,39861000,0
2017-09-12,08:00:00,2363.25,2365.47,2361.21,2365.47,79791000,0
2017-09-13,03:00:00,2370.54,2370.54,2361.12,2362.56,257069000,0
2017-09-13,04:00:00,2362.58,2371.68,2362.19,2370.1,53977000,0
2017-09-13,05:00:00,2369.79,2369.79,2365.87,2368.81,38528000,0
2017-09-13,06:00:00,2369.4,2371.86,2367.83,2370.06,24032000,0
2017-09-13,07:00:00,2369.91,2370.92,2368.75,2370.92,42838000,0
2017-09-13,08:00:00,2371.09,2373.13,2360.18,2360.18,253953000,0
2017-09-14,03:00:00,2365.54,2369.21,2362.13,2364.89,199944000,0
2017-09-14,04:00:00,2364.34,2367.36,2360.08,2364.58,43149000,0
2017-09-14,05:00:00,2364.57,2364.57,2360.15,2361.87,25715000,0
2017-09-14,06:00:00,2361.72,2364.55,2360.49,2362.67,26897000,0
2017-09-14,07:00:00,2363.24,2366.49,2361.22,2362.12,30518000,0
2017-09-14,08:00:00,2362.16,2377.66,2358.68,2377.66,77894000,0
2017-09-15,03:00:00,2368.44,2374.39,2365.85,2370.23,128333000,0
2017-09-15,04:00:00,2370.29,2374.99,2366.58,2368.47,49427000,0
2017-09-15,05:00:00,2369.15,2370.47,2366.78,2369.68,32674000,0
2017-09-15,06:00:00,2368.85,2374.86,2368.85,2373.1,25780000,0
2017-09-15,07:00:00,2373.15,2375.86,2372.49,2375.07,30569000,0
2017-09-15,08:00:00,2375.78,2386.07,2374.81,2386.07,80331000,0
2017-09-18,03:00:00,2390.58,2404.2,2389.65,2402.84,294226000,0
2017-09-18,04:00:00,2402.65,2409.01,2401.9,2407.79,45046000,0
2017-09-18,05:00:00,2407.36,2412.66,2407.19,2410.38,31022000,0
2017-09-18,06:00:00,2410.7,2413.05,2410.62,2411.5,23692000,0
2017-09-18,07:00:00,2410.64,2413.79,2408.68,2413.5,28415000,0
2017-09-18,08:00:00,2413.6,2418.21,2412.15,2418.21,50986000,0
2017-09-19,03:00:00,2419.3,2422.05,2413.54,2419.46,188436000,0
2017-09-19,04:00:00,2418.89,2419.82,2415.29,2415.67,39533000,0
2017-09-19,05:00:00,2415.91,2416.12,2411.68,2413.15,34442000,0
2017-09-19,06:00:00,2413.57,2416.04,2412.53,2415.29,23322000,0
2017-09-19,07:00:00,2414.8,2417.67,2414.3,2415.73,24882000,0
2017-09-19,08:00:00,2416.08,2417.36,2414.32,2416.05,52385000,0
2017-09-20,03:00:00,2420.82,2429.12,2407.98,2408.83,270629000,0
2017-09-20,04:00:00,2407.72,2414.15,2405.89,2412.67,47990000,0
2017-09-20,05:00:00,2412.27,2415.6,2411.88,2414.18,29328000,0
2017-09-20,06:00:00,2413.18,2416.39,2413.18,2416.27,27233000,0
2017-09-20,07:00:00,2415.81,2419.29,2410.25,2412.64,37498000,0
2017-09-20,08:00:00,2413.46,2416.36,2410.37,2412.2,75385000,0
2017-09-21,03:00:00,2412.01,2414.76,2402.51,2406.78,202866000,0
2017-09-21,04:00:00,2407.64,2410.6,2404.65,2407.57,44428000,0
2017-09-21,05:00:00,2408.05,2409.4,2406.52,2406.87,33902000,0
2017-09-21,06:00:00,2407.76,2412.86,2407.76,2412.14,28947000,0
2017-09-21,07:00:00,2412,2412.83,2409.37,2410.67,37632000,0
2017-09-21,08:00:00,2411.36,2411.36,2406.5,2406.5,75960000,0
2017-09-22,03:00:00,2404.35,2408.96,2387.39,2394.61,234959000,0
2017-09-22,04:00:00,2394.94,2395.8,2390.71,2395.17,46483000,0
2017-09-22,05:00:00,2394.28,2397.03,2388.86,2389.48,34537000,0
2017-09-22,06:00:00,2389.93,2391.4,2387.82,2390.32,33170000,0
2017-09-22,07:00:00,2390.77,2393.13,2383.96,2386.46,34482000,0
2017-09-22,08:00:00,2387.46,2389.18,2382.35,2388.71,82553000,0
2017-09-25,03:00:00,2388.77,2392.12,2383.34,2389.92,354406000,0
2017-09-25,04:00:00,2390.12,2390.12,2378.99,2380.03,49635000,0
2017-09-25,05:00:00,2380.76,2381.04,2377.38,2379.44,41585000,0
2017-09-25,06:00:00,2379.33,2379.53,2374.74,2377.79,29529000,0
2017-09-25,07:00:00,2378.25,2379.53,2375.97,2378.54,31933000,0
2017-09-25,08:00:00,2378.21,2382.29,2378.02,2380.4,78438000,0
2017-09-26,03:00:00,2371.62,2375.62,2365.34,2375.62,154610000,0
2017-09-26,04:00:00,2375.52,2380.17,2375.45,2377.74,44620000,0
2017-09-26,05:00:00,2378.45,2381.31,2376.85,2377.62,31969000,0
2017-09-26,06:00:00,2376.89,2377.69,2370.93,2372.11,31163000,0
2017-09-26,07:00:00,2372.07,2373.78,2370.06,2372.06,37276000,0
2017-09-26,08:00:00,2371.94,2375.81,2369.94,2374.32,73805000,0
2017-09-27,03:00:00,2376.89,2376.89,2369.45,2372.9,175437000,0
2017-09-27,04:00:00,2372.72,2375.52,2369.97,2374.72,27882000,0
2017-09-27,05:00:00,2374.05,2377.18,2374.05,2375.81,26138000,0
2017-09-27,06:00:00,2374.97,2376.72,2373.32,2374.83,21204000,0
2017-09-27,07:00:00,2374.47,2375.64,2372.92,2373.88,22638000,0
2017-09-27,08:00:00,2373.52,2374.63,2371.84,2372.57,47754000,0
2017-09-28,03:00:00,2374.1,2379.21,2367.28,2371.23,131833000,0
2017-09-28,04:00:00,2371.02,2373.04,2366.67,2368.83,26277000,0
2017-09-28,05:00:00,2368.54,2370.17,2366.1,2367.95,26932000,0
2017-09-28,06:00:00,2368.17,2371.3,2367.46,2370.45,16603000,0
2017-09-28,07:00:00,2371.31,2375.15,2370.45,2373.81,19401000,0
2017-09-28,08:00:00,2373.55,2376.48,2373.14,2373.14,49187000,0
2017-09-29,03:00:00,2378.66,2387.88,2378.66,2385.64,98580000,0
2017-09-29,04:00:00,2386.28,2389.48,2384.42,2386.08,26940000,0
2017-09-29,05:00:00,2385.73,2387.83,2384.58,2386.59,21580000,0
2017-09-29,06:00:00,2386.14,2389.28,2385.45,2388.83,16740000,0
2017-09-29,07:00:00,2389.04,2391.36,2387.92,2390.59,18253000,0
2017-09-29,08:00:00,2390.3,2394.47,2389.34,2394.47,53345000,0
2017-10-10,03:00:00,2425.63,2434.42,2421.1,2434.09,174027000,0
2017-10-10,04:00:00,2434.04,2440.55,2433.68,2440.55,33553000,0
2017-10-10,05:00:00,2440.13,2442.75,2438.04,2438.71,26198000,0
2017-10-10,06:00:00,2438.42,2440,2436.13,2438.28,21220000,0
2017-10-10,07:00:00,2437.58,2439.96,2436.47,2437.77,21975000,0
2017-10-10,08:00:00,2437.07,2437.75,2431.84,2433.81,42515000,0
2017-10-11,03:00:00,2442.49,2446.45,2440.07,2445.02,85760000,0
2017-10-11,05:00:00,2449.09,2449.61,2448.51,2448.94,127033000,0
2017-10-11,06:00:00,2450.11,2452.66,2447.69,2451.78,35265000,0
2017-10-11,07:00:00,2451.85,2454.73,2451.05,2453.66,22893000,0
2017-10-11,08:00:00,2454.38,2458.16,2451.52,2458.16,52986000,0
2017-10-12,03:00:00,2461.7,2466.32,2459.53,2462.46,164440000,0
2017-10-12,04:00:00,2462.78,2465.5,2462.02,2463.57,38085000,0
2017-10-12,05:00:00,2463.68,2464.19,2459.48,2463.11,26599000,0
2017-10-12,06:00:00,2463.01,2467.38,2462.23,2466.13,36206000,0
2017-10-12,07:00:00,2465.67,2471.6,2465.67,2470.11,29984000,0
2017-10-12,08:00:00,2469.86,2474.76,2467.91,2474.76,61424000,0
2017-10-13,03:00:00,2473.65,2477.75,2469.75,2473.23,117079000,0
2017-10-13,04:00:00,2473.37,2477.41,2471.41,2476.21,37617000,0
2017-10-13,05:00:00,2476.33,2479.38,2476.33,2477.83,27088000,0
2017-10-13,06:00:00,2478.26,2479.38,2475.59,2476.54,21658000,0
2017-10-13,07:00:00,2476.3,2477.3,2469.96,2472.29,27624000,0
2017-10-13,08:00:00,2472.15,2473.62,2468.25,2473.62,52451000,0
2017-10-16,03:00:00,2483.17,2487.71,2472.14,2472.52,252018000,0
2017-10-16,04:00:00,2471.21,2477.77,2471.02,2476.95,36416000,0
2017-10-16,05:00:00,2477.12,2479.95,2476.08,2478.76,21418000,0
2017-10-16,06:00:00,2478.14,2478.39,2474.94,2476.4,21068000,0
2017-10-16,07:00:00,2476.25,2476.84,2474.01,2475.76,26631000,0
2017-10-16,08:00:00,2475.41,2480.36,2475.41,2480.05,47955000,0
2017-10-17,03:00:00,2484.96,2486.75,2478.76,2483.22,139866000,0
2017-10-17,04:00:00,2483.54,2485.23,2481.37,2481.44,31222000,0
2017-10-17,05:00:00,2481.5,2486.79,2481.14,2485.87,20281000,0
2017-10-17,06:00:00,2485.96,2486.45,2484.08,2485.27,17853000,0
2017-10-17,07:00:00,2484.85,2485.55,2481.66,2484.07,21901000,0
2017-10-17,08:00:00,2484,2487.87,2483.55,2484.37,48114000,0
2017-10-18,03:00:00,2481.53,2490.58,2481.47,2487.25,129130000,0
2017-10-18,04:00:00,2487.12,2487.12,2475.67,2479.74,42493000,0
2017-10-18,05:00:00,2478.95,2483.61,2478.95,2479.8,34737000,0
2017-10-18,06:00:00,2480.28,2483.5,2479.5,2481.76,20282000,0
2017-10-18,07:00:00,2481.16,2482.92,2479.83,2481.94,23343000,0
2017-10-18,08:00:00,2481.75,2484.04,2479.02,2482.91,52663000,0
2017-10-19,03:00:00,2485.72,2490.94,2480.58,2483.53,251068000,0
2017-10-19,04:00:00,2483.34,2486.43,2482.5,2485.45,35513000,0
2017-10-19,05:00:00,2486.39,2487.44,2483.07,2483.96,27685000,0
2017-10-19,06:00:00,2484.17,2485.1,2473.74,2475.01,23282000,0
2017-10-19,07:00:00,2475.62,2476.07,2468.67,2471,24879000,0
2017-10-19,08:00:00,2470.32,2480.39,2470.32,2473.06,49312000,0
2017-10-20,03:00:00,2477.3,2482.25,2476.97,2480.19,271340000,0
2017-10-20,04:00:00,2480.07,2484.84,2476.88,2484.24,62226000,0
2017-10-20,05:00:00,2484.31,2486.02,2480.99,2482.79,36302000,0
2017-10-20,06:00:00,2484.18,2485.42,2481.06,2483.29,22265000,0
2017-10-20,07:00:00,2482.61,2485.68,2482.29,2485.3,30210000,0
2017-10-20,08:00:00,2485.09,2489.54,2483.49,2489.54,62003000,0
2017-10-23,03:00:00,2497.65,2500.33,2489.71,2489.87,270548000,0
2017-10-23,04:00:00,2490.19,2492.08,2486.15,2487.25,39828000,0
2017-10-23,05:00:00,2487.06,2488.5,2485.48,2487.81,33326000,0
2017-10-23,06:00:00,2487.77,2490.63,2487.44,2490.13,28411000,0
2017-10-23,07:00:00,2490.4,2491.36,2488.1,2489.29,29985000,0
2017-10-23,08:00:00,2489.02,2492.33,2488.06,2490.05,66571000,0
2017-10-24,03:00:00,2489.31,2494.75,2487.17,2491.11,160223000,0
2017-10-24,04:00:00,2491.8,2493.23,2488.69,2491.77,32892000,0
2017-10-24,05:00:00,2492.05,2494.34,2491.3,2493.24,27058000,0
2017-10-24,06:00:00,2492.73,2493.78,2491.16,2492.87,20151000,0
2017-10-24,07:00:00,2493.86,2494.62,2491.46,2494.21,25860000,0
2017-10-24,08:00:00,2494.07,2496.28,2490.49,2490.49,56471000,0
2017-10-25,03:00:00,2495.87,2495.9,2483.48,2483.7,216156000,0
2017-10-25,04:00:00,2483.16,2488.92,2481.89,2488.46,136360000,0
2017-10-25,05:00:00,2487.7,2493.15,2487.48,2492.77,80546000,0
2017-10-25,06:00:00,2492.67,2496.2,2491.11,2494.16,42602000,0
2017-10-25,07:00:00,2494.69,2497.41,2493.45,2493.7,51562000,0
2017-10-25,08:00:00,2494.93,2495.76,2490.31,2492.5,137370000,0
2017-10-26,03:00:00,2489.6,2495.99,2486.38,2489.52,657425000,0
2017-10-26,04:00:00,2490.18,2493.7,2487.7,2491.12,93530000,0
2017-10-26,05:00:00,2491.36,2493.67,2489.36,2490.66,42399000,0
2017-10-26,06:00:00,2491.35,2492.86,2488.69,2491.72,45887000,0
2017-10-26,07:00:00,2491.02,2492.9,2489.31,2491.74,77188000,0
2017-10-26,08:00:00,2491.84,2493.52,2480.63,2480.63,145000000,0
2017-10-27,03:00:00,2485.44,2489.88,2479.67,2489.08,424495000,0
2017-10-27,04:00:00,2489.49,2493.07,2487.24,2491.68,69937000,0
2017-10-27,05:00:00,2491.52,2496.68,2491.06,2493.06,55291000,0
2017-10-27,06:00:00,2492.2,2494.53,2491.86,2494.11,34784000,0
2017-10-27,07:00:00,2493,2495.92,2492.19,2495.31,89558000,0
2017-10-27,08:00:00,2494.82,2499.09,2494.25,2496.63,101327000,0
2017-10-30,02:00:00,2513.87,2513.87,2504.44,2506.36,396522000,0
2017-10-30,03:00:00,2506.62,2506.62,2501.88,2503.04,55392000,0
2017-10-30,04:00:00,2502.36,2504.31,2499.72,2502.85,34894000,0
2017-10-30,05:00:00,2502.25,2503.74,2501.14,2503.61,34982000,0
2017-10-30,06:00:00,2503.05,2504.71,2500.25,2501.56,38393000,0
2017-10-30,07:00:00,2500.91,2502.49,2497.54,2501.93,63912000,0
2017-10-31,02:00:00,2500.21,2506.56,2498.05,2506.17,176223000,0
2017-10-31,03:00:00,2506.91,2510.1,2503.28,2509.58,52683000,0
2017-10-31,04:00:00,2509.74,2512.12,2508.64,2511.71,35430000,0
2017-10-31,05:00:00,2510.8,2518.73,2510.55,2518.73,26941000,0
2017-10-31,06:00:00,2518.66,2523.93,2517.23,2523.43,30905000,0
2017-10-31,07:00:00,2523.13,2527.96,2520.28,2523.43,77649000,0
2017-11-01,02:00:00,2535.97,2551.06,2535.83,2546.19,279860000,0
2017-11-01,03:00:00,2547.59,2554.13,2546.25,2552.64,61563000,0
2017-11-01,04:00:00,2552.3,2553.49,2549.33,2550.32,36703000,0
2017-11-01,05:00:00,2550.68,2552.04,2549.56,2550.78,28234000,0
2017-11-01,06:00:00,2550.76,2553.73,2550.18,2552.23,48913000,0
2017-11-01,07:00:00,2550.99,2556.47,2548.5,2556.47,76258000,0
2017-11-02,02:00:00,2560.34,2561.63,2549.54,2554.51,311054000,0
2017-11-02,03:00:00,2555.65,2557.17,2550.83,2551.39,87527000,0
2017-11-02,04:00:00,2552.07,2554.42,2550.53,2551.55,47991000,0
2017-11-02,05:00:00,2551.88,2552.98,2542.18,2544.73,35178000,0
2017-11-02,06:00:00,2544.55,2547.29,2543.3,2544.87,68801000,0
2017-11-02,07:00:00,2543.28,2548.68,2543.28,2546.36,183930000,0
2017-11-03,02:00:00,2558.37,2558.37,2546.4,2549.16,342453000,0
2017-11-03,03:00:00,2549.08,2551.04,2541.09,2544.6,39252000,0
2017-11-03,04:00:00,2544.61,2548.38,2544.35,2546.08,29481000,0
2017-11-03,05:00:00,2546.48,2546.6,2539.72,2540.82,22074000,0
2017-11-03,06:00:00,2540.81,2543.77,2540.76,2542.39,31912000,0
2017-11-03,07:00:00,2542.11,2557.97,2542.11,2557.97,64405000,0
2017-11-06,02:00:00,2557.29,2559.9,2551.55,2553.62,236407000,0
2017-11-06,03:00:00,2552.16,2553.79,2541.24,2543.96,30568000,0
2017-11-06,04:00:00,2544.22,2544.38,2531.3,2532.16,28006000,0
2017-11-06,05:00:00,2532.11,2542.35,2529.94,2541.97,18603000,0
2017-11-06,06:00:00,2543.8,2544.48,2540.28,2541.37,24522000,0
2017-11-06,07:00:00,2541.63,2552.47,2540.85,2549.41,49105000,0
2017-11-07,02:00:00,2548.3,2552.77,2540.92,2550.71,131288000,0
2017-11-07,03:00:00,2549.81,2554.11,2547.09,2550.41,37402000,0
2017-11-07,04:00:00,2550.54,2551.06,2540.84,2542.01,26894000,0
2017-11-07,05:00:00,2541.35,2548.77,2541.31,2548.34,20831000,0
2017-11-07,06:00:00,2549.09,2549.09,2540.88,2541.95,28759000,0
2017-11-07,07:00:00,2541.69,2546.73,2541.58,2545.44,53496000,0
2017-11-08,02:00:00,2534.48,2545.38,2533.73,2543.1,175182000,0
2017-11-08,03:00:00,2542.61,2555.05,2542.61,2554.81,42265000,0
2017-11-08,04:00:00,2555.65,2558.68,2552.8,2555.21,36794000,0
2017-11-08,05:00:00,2554.85,2557.27,2549.44,2553.13,30100000,0
2017-11-08,06:00:00,2553.34,2553.37,2543.26,2549.28,30277000,0
2017-11-08,07:00:00,2549.32,2552.73,2544.79,2552.4,60723000,0
2017-11-09,02:00:00,2559.93,2559.93,2546.85,2552.35,192833000,0
2017-11-09,03:00:00,2550.79,2557.34,2549.88,2556.7,44729000,0
2017-11-09,04:00:00,2557.29,2558.06,2552.85,2556.72,32254000,0
2017-11-09,05:00:00,2557.24,2558.85,2554.45,2555.62,24095000,0
2017-11-09,06:00:00,2556.2,2558.18,2548.2,2548.54,30885000,0
2017-11-09,07:00:00,2549.31,2549.31,2536.54,2539.59,42081000,0
2017-11-10,02:00:00,2541.18,2542.44,2534.6,2542.37,211239000,0
2017-11-10,03:00:00,2542.24,2545.75,2539.71,2540.78,44712000,0
2017-11-10,04:00:00,2540.29,2544.94,2537.54,2543.94,31231000,0
2017-11-10,05:00:00,2544.52,2545.77,2541.08,2541.82,21340000,0
2017-11-10,06:00:00,2541.01,2544.96,2540.02,2544.11,30976000,0
2017-11-10,07:00:00,2544.51,2547.31,2542.24,2542.95,62150000,0
2017-11-13,02:00:00,2548.27,2552.28,2534.35,2537.42,262395000,0
2017-11-13,03:00:00,2536.7,2538.78,2531.62,2535.51,44432000,0
2017-11-13,04:00:00,2535.73,2536.51,2527.44,2527.84,28893000,0
2017-11-13,05:00:00,2528.61,2531.74,2527.66,2531.74,22997000,0
2017-11-13,06:00:00,2531.56,2534.25,2529.66,2533.81,28823000,0
2017-11-13,07:00:00,2534.34,2537.42,2530.35,2530.35,64354000,0
2017-11-14,02:00:00,2532.55,2532.95,2520.99,2523.74,191573000,0
2017-11-14,03:00:00,2523.62,2529.49,2521.73,2528.14,46865000,0
2017-11-14,04:00:00,2528.16,2528.16,2522.33,2524.44,30035000,0
2017-11-14,05:00:00,2523.74,2526.01,2522.76,2523.37,23808000,0
2017-11-14,06:00:00,2524.52,2525.61,2521.75,2522.22,35457000,0
2017-11-14,07:00:00,2522.46,2531.74,2522.46,2526.64,64037000,0
2017-11-15,02:00:00,2525.6,2526.61,2511.76,2523.42,207249000,0
2017-11-15,03:00:00,2523.6,2525,2515.11,2518.73,61279000,0
2017-11-15,04:00:00,2518.29,2521.4,2514.79,2519.72,42434000,0
2017-11-15,05:00:00,2519.51,2521.82,2517.54,2518.75,37112000,0
2017-11-15,06:00:00,2518.71,2522.26,2518.65,2520.64,62732000,0
2017-11-15,07:00:00,2521.92,2522.26,2512.68,2518.25,180976000,0
2017-11-16,03:00:00,2522.42,2525.57,2514.51,2525.57,255412000,0
2017-11-16,04:00:00,2525.17,2532.26,2521.79,2530.77,49446000,0
2017-11-16,05:00:00,2531.06,2531.13,2527.35,2528.58,36163000,0
2017-11-16,06:00:00,2529.28,2530.92,2527.17,2529.23,35002000,0
2017-11-16,07:00:00,2529.13,2538.28,2529.13,2534.79,155071000,0
2017-11-17,02:00:00,2546.05,2559,2540.27,2558.3,223488000,0
2017-11-17,03:00:00,2557.01,2557.63,2552.39,2554.78,62989000,0
2017-11-17,04:00:00,2554.02,2555.02,2537.68,2539.71,56348000,0
2017-11-17,05:00:00,2539.01,2544.2,2538.43,2538.43,29867000,0
2017-11-17,06:00:00,2538.47,2541.36,2536.12,2539.09,32269000,0
2017-11-17,07:00:00,2539.5,2539.86,2533.99,2533.99,67465000,0
2017-11-20,02:00:00,2536.8,2542.38,2535.45,2537.58,338189000,0
2017-11-20,03:00:00,2538.02,2539.89,2525.44,2525.44,52756000,0
2017-11-20,04:00:00,2525.92,2530.75,2523.85,2530.74,65866000,0
2017-11-20,05:00:00,2530.59,2532.66,2528.91,2529.78,34103000,0
2017-11-20,06:00:00,2529.11,2533.5,2528.18,2532.62,43240000,0
2017-11-20,07:00:00,2533.39,2537.59,2527.67,2527.67,107765000,0
2017-11-21,02:00:00,2533.85,2536.7,2529.46,2534.82,586211000,0
2017-11-21,03:00:00,2535.94,2539.49,2526.22,2539.49,70528000,0
2017-11-21,04:00:00,2539.2,2539.2,2531.37,2532.15,59895000,0
2017-11-21,05:00:00,2532.09,2534.43,2530.47,2531.05,36680000,0
2017-11-21,06:00:00,2530.81,2532.5,2529.33,2531.01,49788000,0
2017-11-21,07:00:00,2529.69,2533.28,2529.06,2530.7,90551000,0
2017-11-22,02:00:00,2546.61,2553.03,2544.68,2547.25,270572000,0
2017-11-22,03:00:00,2546.04,2546.99,2535.19,2540.13,94231000,0
2017-11-22,04:00:00,2539.73,2542.27,2538.83,2542.25,49590000,0
2017-11-22,05:00:00,2541.95,2543.11,2540.4,2540.56,46955000,0
2017-11-22,06:00:00,2540.59,2541.7,2537.9,2540.77,54880000,0
2017-11-22,07:00:00,2540.01,2542.3,2537.44,2540.51,89878000,0
2017-11-23,03:00:00,2541.64,2544.52,2537.32,2538.12,129060000,0
2017-11-23,04:00:00,2538.44,2540.1,2532.45,2537.68,49814000,0
2017-11-23,05:00:00,2537.12,2537.9,2534.45,2537.63,32820000,0
2017-11-23,06:00:00,2537.61,2540.85,2537.23,2538.91,43606000,0
2017-11-23,07:00:00,2539.94,2542.05,2537.15,2537.15,120366000,0
2017-11-24,02:00:00,2539.79,2540.56,2536.08,2537.08,204344000,0
2017-11-24,03:00:00,2538.07,2540.55,2533.98,2537.33,48083000,0
2017-11-24,04:00:00,2538.18,2539.19,2536.29,2538.36,34953000,0
2017-11-24,05:00:00,2538.06,2540.86,2538.03,2540.1,32273000,0
2017-11-24,06:00:00,2540.23,2542.94,2540.23,2541.5,33791000,0
2017-11-24,07:00:00,2541.79,2544.33,2538.74,2544.33,62212000,0
2017-11-27,02:00:00,2544.74,2546.71,2525.99,2526.07,325369000,0
2017-11-27,03:00:00,2525.72,2526.94,2513.12,2516.46,46588000,0
2017-11-27,04:00:00,2514.93,2516.28,2506.77,2510.72,33387000,0
2017-11-27,05:00:00,2510.96,2512.02,2508.55,2509.77,21924000,0
2017-11-27,06:00:00,2509.87,2513.72,2507.03,2511.29,31011000,0
2017-11-27,07:00:00,2510.99,2512.48,2507.81,2507.81,57570000,0
2017-11-28,02:00:00,2512.52,2515.31,2504.83,2507.35,176528000,0
2017-11-28,03:00:00,2507.5,2519.56,2501.32,2518.36,52116000,0
2017-11-28,04:00:00,2518.46,2521.06,2513.56,2516.24,36311000,0
2017-11-28,05:00:00,2515.95,2515.95,2510.69,2510.69,27596000,0
2017-11-28,06:00:00,2510.44,2514.25,2510.22,2512.98,48701000,0
2017-11-28,07:00:00,2511.78,2517.69,2510.3,2514.19,74763000,0
2017-11-29,02:00:00,2517.26,2524.41,2510.36,2514,233747000,0
2017-11-29,03:00:00,2513.5,2517.04,2508.66,2511.3,44528000,0
2017-11-29,04:00:00,2511.11,2514.61,2511.01,2512.75,30328000,0
2017-11-29,05:00:00,2512.32,2515.61,2510.83,2513.24,35026000,0
2017-11-29,06:00:00,2513.16,2515.6,2512.4,2514.18,40717000,0
2017-11-29,07:00:00,2514.2,2515.48,2511.87,2512.9,67673000,0
2017-11-30,02:00:00,2502.22,2505.03,2490.7,2501.76,175523000,0
2017-11-30,03:00:00,2501.64,2506.32,2495.7,2498.81,54279000,0
2017-11-30,04:00:00,2499.06,2501.1,2495.01,2500.6,38209000,0
2017-11-30,05:00:00,2500.7,2500.7,2496.62,2496.77,26082000,0
2017-11-30,06:00:00,2497.47,2498.4,2493.74,2494.65,35724000,0
2017-11-30,07:00:00,2495.47,2497.82,2474.28,2476.37,100384000,0
2017-12-01,02:00:00,2488.92,2488.92,2474.16,2475.34,194176000,0
2017-12-01,03:00:00,2475.47,2480.28,2474.2,2476.09,49624000,0
2017-12-01,04:00:00,2476.73,2485.93,2472.9,2481.87,31407000,0
2017-12-01,05:00:00,2482.14,2483.05,2477.98,2480.65,22146000,0
2017-12-01,06:00:00,2480.23,2484.77,2479.83,2483.52,27892000,0
2017-12-01,07:00:00,2482.12,2483.61,2475.41,2475.41,71688000,0
2017-12-04,02:00:00,2486.72,2489.07,2480.47,2484.27,308656000,0
2017-12-04,03:00:00,2483.45,2485.86,2476.51,2482.28,57464000,0
2017-12-04,04:00:00,2482.65,2484.06,2479.74,2483.57,50620000,0
2017-12-04,05:00:00,2482.57,2491.16,2482.57,2490.47,29201000,0
2017-12-04,06:00:00,2490.34,2493.38,2489.92,2490.91,36830000,0
2017-12-04,07:00:00,2491.31,2501.67,2489.05,2501.67,60212000,0
2017-12-05,02:00:00,2490.73,2498.14,2487.15,2498.14,242659000,0
2017-12-05,03:00:00,2497.24,2512.88,2497.24,2511.98,68239000,0
2017-12-05,04:00:00,2510.45,2513.68,2501.07,2503.51,51172000,0
2017-12-05,05:00:00,2503.15,2511.78,2503.15,2505.71,32782000,0
2017-12-05,06:00:00,2506.6,2508.68,2506.04,2507.89,42395000,0
2017-12-05,07:00:00,2508.51,2510.12,2505.56,2510.12,94445000,0
2017-12-06,02:00:00,2510.19,2510.47,2497.89,2503.7,433192000,0
2017-12-06,03:00:00,2503.8,2507.82,2500.87,2503.21,71972000,0
2017-12-06,04:00:00,2502.48,2502.95,2494.09,2494.09,73966000,0
2017-12-06,05:00:00,2494.79,2497.43,2492.98,2494.2,55818000,0
2017-12-06,06:00:00,2494.33,2494.82,2479.84,2479.84,58838000,0
2017-12-06,07:00:00,2480.43,2483,2474.37,2474.37,81195000,0
2017-12-07,02:00:00,2479.55,2480.85,2468.06,2471.69,260781000,0
2017-12-07,03:00:00,2471.2,2472.26,2455.35,2469.15,62298000,0
2017-12-07,04:00:00,2469.27,2469.27,2461.86,2462.23,40681000,0
2017-12-07,05:00:00,2462.56,2466.58,2458.3,2458.95,34198000,0
2017-12-07,06:00:00,2459.53,2461.46,2453.03,2459.96,72386000,0
2017-12-07,07:00:00,2460.04,2467.74,2458.28,2461.98,74868000,0
2017-12-08,02:00:00,2470.09,2473.17,2459.3,2463.09,435643000,0
2017-12-08,03:00:00,2463.04,2463.49,2459.13,2462.36,70441000,0
2017-12-08,04:00:00,2462.28,2470.93,2462.28,2466.11,37824000,0
2017-12-08,05:00:00,2465.6,2468.42,2464.57,2467.3,26953000,0
2017-12-08,06:00:00,2467.21,2470.82,2466.7,2469.36,35802000,0
2017-12-08,07:00:00,2468.5,2469.52,2459.66,2464,108330000,0
2017-12-11,02:00:00,2467.81,2469.37,2459.59,2462.93,265924000,0
2017-12-11,03:00:00,2462.1,2465.2,2458.47,2460.17,33260000,0
2017-12-11,04:00:00,2459.48,2464.25,2459.44,2463.05,25778000,0
2017-12-11,05:00:00,2463.42,2469.89,2463.3,2467.22,21712000,0
2017-12-11,06:00:00,2467,2470.06,2466.01,2470.06,25061000,0
2017-12-11,07:00:00,2469.83,2471.71,2466.34,2471.49,57941000,0
2017-12-12,02:00:00,2471.23,2471.43,2458.01,2462.56,140342000,0
2017-12-12,03:00:00,2462.42,2462.42,2457.33,2459.47,44363000,0
2017-12-12,04:00:00,2459.7,2463.62,2457.9,2461.71,33005000,0
2017-12-12,05:00:00,2461.3,2462.45,2458.97,2459.29,27333000,0
2017-12-12,06:00:00,2459.41,2460.49,2456.51,2457.54,35832000,0
2017-12-12,07:00:00,2457.26,2461,2455.39,2461,60591000,0
2017-12-13,02:00:00,2462.42,2472.56,2457.7,2470.42,182635000,0
2017-12-13,03:00:00,2470.74,2471.77,2467.99,2469.45,37958000,0
2017-12-13,04:00:00,2470.14,2479.82,2469.42,2478.63,34329000,0
2017-12-13,05:00:00,2479.18,2481.92,2474.13,2475.01,26422000,0
2017-12-13,06:00:00,2474.32,2477.1,2473.3,2475.68,26680000,0
2017-12-13,07:00:00,2475.32,2480.55,2470.9,2480.55,56452000,0
2017-12-14,02:00:00,2486.57,2502.24,2483.37,2498.21,95283000,0
2017-12-14,03:00:00,2498.52,2502.6,2496.9,2500.44,37659000,0
2017-12-14,04:00:00,2500.77,2501.86,2497.49,2499.72,29362000,0
2017-12-14,05:00:00,2499.82,2506.13,2499.45,2504.11,34262000,0
2017-12-14,06:00:00,2503.91,2513.96,2503.19,2513.35,44646000,0
2017-12-14,07:00:00,2513.97,2514.07,2469.48,2469.48,99238000,0
2017-12-15,02:00:00,2488.39,2495.08,2482.24,2484.85,229998000,0
2017-12-15,03:00:00,2484.32,2486.24,2477.66,2479,47279000,0
2017-12-15,04:00:00,2479.9,2483.03,2476.29,2482.01,29489000,0
2017-12-15,06:00:00,2480.73,2484.33,2480.53,2483.52,90219000,0
2017-12-15,07:00:00,2483.62,2487.26,2477.82,2482.07,85253000,0
2017-12-18,02:00:00,2488.83,2488.83,2478.55,2481.58,322826000,0
2017-12-18,03:00:00,2481.97,2483.59,2477.49,2480.3,52393000,0
2017-12-18,04:00:00,2480.78,2483.66,2479.25,2479.94,40266000,0
2017-12-18,05:00:00,2479.82,2483.87,2479.55,2483.79,25075000,0
2017-12-18,06:00:00,2483.22,2486.54,2483.04,2484.85,36499000,0
2017-12-18,07:00:00,2485.31,2485.31,2479.49,2481.88,72733000,0
2017-12-19,02:00:00,2487.83,2498.4,2481.19,2481.19,216290000,0
2017-12-19,03:00:00,2481.46,2481.64,2474.35,2476.64,52753000,0
2017-12-19,04:00:00,2476.65,2480.61,2475.16,2478.24,34950000,0
2017-12-19,05:00:00,2478.38,2478.65,2473.39,2473.84,29482000,0
2017-12-19,06:00:00,2474.05,2476.55,2470.56,2475.6,34899000,0
2017-12-19,07:00:00,2475.35,2479.79,2474.03,2478.53,65114000,0
2017-12-20,02:00:00,2473.82,2481.55,2471.76,2476.08,114142000,0
2017-12-20,03:00:00,2476.61,2484.24,2476.61,2480.51,33535000,0
2017-12-20,04:00:00,2480.54,2481.26,2476.75,2478.74,25294000,0
2017-12-20,05:00:00,2479.97,2479.97,2476.34,2477.14,21135000,0
2017-12-20,06:00:00,2477.2,2477.97,2473.56,2474.84,26861000,0
2017-12-20,07:00:00,2473.74,2476.47,2471.19,2472.37,61396000,0
2017-12-21,02:00:00,2471.34,2471.73,2451.56,2454.96,172242000,0
2017-12-21,03:00:00,2454.41,2455.16,2442.37,2446.53,36665000,0
2017-12-21,04:00:00,2446.28,2448.37,2441.67,2445.08,28604000,0
2017-12-21,05:00:00,2445.07,2445.15,2437.72,2440.21,20621000,0
2017-12-21,06:00:00,2440.78,2440.78,2435.14,2435.68,31465000,0
2017-12-21,07:00:00,2435,2439.05,2429.83,2429.83,65167000,0
2017-12-22,02:00:00,2437.59,2437.59,2427.2,2432.58,88816000,0
2017-12-22,03:00:00,2433.21,2440.3,2433.01,2435.39,36441000,0
2017-12-22,04:00:00,2434.99,2438.01,2433.95,2435.42,25498000,0
2017-12-22,05:00:00,2434.68,2437.46,2433.36,2436.65,20927000,0
2017-12-22,06:00:00,2435.78,2441.86,2435.78,2439.23,28208000,0
2017-12-22,07:00:00,2438.77,2444.08,2438.03,2440.54,57880000,0
2017-12-26,02:00:00,2447.67,2457.19,2444.43,2444.91,146170000,0
2017-12-26,03:00:00,2444.92,2446.87,2440.56,2443.85,35277000,0
2017-12-26,04:00:00,2443.82,2445.69,2441.62,2443.7,22289000,0
2017-12-26,05:00:00,2443.51,2449.36,2442.22,2447.4,22605000,0
2017-12-26,06:00:00,2447.57,2450.19,2443.36,2443.53,25598000,0
2017-12-26,07:00:00,2443.87,2444.36,2427.34,2427.34,63850000,0
2017-12-27,02:00:00,2420.86,2422.78,2411.48,2414.18,140232000,0
2017-12-27,03:00:00,2414.47,2419.18,2412.33,2417.36,30585000,0
2017-12-27,04:00:00,2416.5,2423.69,2416.04,2423.34,20595000,0
2017-12-27,05:00:00,2423.08,2425.02,2419.8,2420.8,18237000,0
2017-12-27,06:00:00,2420.93,2424.89,2420.3,2424.7,22912000,0
2017-12-27,07:00:00,2425.06,2436.67,2424.45,2436.67,46064000,0
2017-12-28,02:00:00,2439.31,2451.86,2437.26,2451.16,115412000,0
2017-12-28,03:00:00,2452.53,2457.67,2450.5,2453.37,33519000,0
2017-12-28,04:00:00,2453.61,2453.81,2448.42,2450.34,27220000,0
2017-12-28,05:00:00,2451.69,2456.81,2451.58,2456.27,16144000,0
2017-12-28,06:00:00,2456.4,2461.08,2455.18,2457.72,19134000,0
2017-12-28,07:00:00,2458.01,2467.51,2457.43,2467.49,47334000,0
2018-01-02,03:00:00,2474.66,2476.8,2466.04,2473.55,150121000,0
2018-01-02,04:00:00,2473.9,2476.12,2470.48,2472.46,38752000,0
2018-01-02,05:00:00,2472.65,2474.6,2471.47,2473,23339000,0
2018-01-02,06:00:00,2471.81,2480.62,2471.81,2477.79,31532000,0
2018-01-02,07:00:00,2475.6,2479.7,2474.88,2479.65,53869000,0
2018-01-03,02:00:00,2484.63,2493.4,2481.95,2485.05,140272000,0
2018-01-03,03:00:00,2484.93,2488.43,2482.7,2486.84,44507000,0
2018-01-03,04:00:00,2486.22,2488.99,2486.04,2487.25,41525000,0
2018-01-03,05:00:00,2486.88,2489.58,2485.79,2489.02,32386000,0
2018-01-03,06:00:00,2488.71,2489.2,2484.57,2484.57,50823000,0
2018-01-03,07:00:00,2483.69,2488.26,2483.31,2486.35,81536000,0
2018-01-04,02:00:00,2502.5,2502.5,2484.73,2484.73,157159000,0
2018-01-04,03:00:00,2484.64,2484.93,2470.14,2470.14,57454000,0
2018-01-04,04:00:00,2470.8,2475.61,2467.75,2474.06,39618000,0
2018-01-04,05:00:00,2474.55,2476.98,2471.21,2471.92,30458000,0
2018-01-04,06:00:00,2471.95,2474.95,2470.98,2473.49,35508000,0
2018-01-04,07:00:00,2474.12,2476.23,2466.45,2466.46,83893000,0
2018-01-05,02:00:00,2476.85,2481.54,2475.51,2479.77,282164000,0
2018-01-05,03:00:00,2479.57,2484.32,2476.95,2484.32,49991000,0
2018-01-05,04:00:00,2484.95,2486.38,2483.3,2485.15,35856000,0
2018-01-05,05:00:00,2485.56,2491.9,2484.6,2490.88,29066000,0
2018-01-05,06:00:00,2491.08,2492.59,2488.8,2491.95,40532000,0
2018-01-05,07:00:00,2491.93,2497.52,2491.04,2497.52,70191000,0
2018-01-08,02:00:00,2510.7,2513.8,2494.18,2499.99,286356000,0
2018-01-08,03:00:00,2499.7,2507.62,2496.59,2507.03,44169000,0
2018-01-08,04:00:00,2506.52,2506.52,2502.08,2505.67,43331000,0
2018-01-08,05:00:00,2505.63,2515.02,2504.88,2513.06,34390000,0
2018-01-08,06:00:00,2512.4,2513.63,2500.56,2505.71,40066000,0
2018-01-08,07:00:00,2506.01,2513.28,2504.91,2513.28,66259000,0
2018-01-09,02:00:00,2510.73,2524.51,2508.02,2523.84,196015000,0
2018-01-09,03:00:00,2523.28,2524.34,2514.86,2517.04,52162000,0
2018-01-09,04:00:00,2517.74,2519.47,2513.07,2517.24,42274000,0
2018-01-09,05:00:00,2517.35,2519.64,2515.9,2517.67,32028000,0
2018-01-09,06:00:00,2516.36,2517.2,2508.8,2510.37,42660000,0
2018-01-09,07:00:00,2510.81,2512.42,2498.68,2510.23,93676000,0
2018-01-10,02:00:00,2516.33,2516.82,2503.83,2511.23,235068000,0
2018-01-10,03:00:00,2510.97,2513.43,2502.04,2502.16,72331000,0
2018-01-10,04:00:00,2502.82,2503.98,2495.96,2498.02,54171000,0
2018-01-10,05:00:00,2498.15,2507.59,2494.19,2506.87,37433000,0
2018-01-10,06:00:00,2505.94,2509.31,2500.8,2501.13,67632000,0
2018-01-10,07:00:00,2501.26,2503.11,2497.55,2499.75,83085000,0
2018-01-11,02:00:00,2496.86,2502.48,2489.75,2497.64,331332000,0
2018-01-11,03:00:00,2498.16,2498.94,2490.87,2492.31,63436000,0
2018-01-11,04:00:00,2491.52,2493.29,2483.99,2487.48,43612000,0
2018-01-11,05:00:00,2487.35,2491.01,2485.3,2485.3,43749000,0
2018-01-11,06:00:00,2485.42,2492.17,2483.82,2488.85,48585000,0
2018-01-11,07:00:00,2489.84,2494.81,2487.91,2487.91,91751000,0
2018-01-12,02:00:00,2499.87,2500.87,2488.08,2489.59,356122000,0
2018-01-12,03:00:00,2490.01,2495.04,2483.5,2493.32,67305000,0
2018-01-12,04:00:00,2493.17,2493.86,2482.15,2486.1,51359000,0
2018-01-12,05:00:00,2487.19,2487.19,2482.72,2485.89,33274000,0
2018-01-12,06:00:00,2485.71,2491.63,2483.96,2490.41,42693000,0
2018-01-12,07:00:00,2489.72,2498.69,2482.79,2496.42,102432000,0
2018-01-15,02:00:00,2510.97,2513.3,2501.11,2503.39,460961000,0
2018-01-15,03:00:00,2503.31,2506.42,2499.18,2499.26,66220000,0
2018-01-15,04:00:00,2499.4,2502.91,2496.18,2501.81,45142000,0
2018-01-15,05:00:00,2501.71,2508.14,2501.35,2505.74,35438000,0
2018-01-15,06:00:00,2505.83,2507.79,2503.38,2504.34,41091000,0
2018-01-15,07:00:00,2503.94,2505.77,2501.83,2503.73,72692000,0
2018-01-16,02:00:00,2504.16,2510.45,2498.55,2502.16,342130000,0
2018-01-16,03:00:00,2503.5,2508.5,2503.17,2507.63,58885000,0
2018-01-16,04:00:00,2507.19,2509.88,2504.73,2508.96,41777000,0
2018-01-16,05:00:00,2509.01,2513.46,2508.26,2510.3,30106000,0
2018-01-16,06:00:00,2510.17,2514.55,2509.83,2514.02,33685000,0
2018-01-16,07:00:00,2513.87,2524.54,2513.72,2521.74,74447000,0
2018-01-17,02:00:00,2517.19,2521.97,2510.76,2512.49,189487000,0
2018-01-17,03:00:00,2511.83,2517.79,2508.97,2514.75,53755000,0
2018-01-17,04:00:00,2514.58,2518.33,2511.29,2512.96,34776000,0
2018-01-17,05:00:00,2512.59,2514.01,2507.11,2508.76,31691000,0
2018-01-17,06:00:00,2508.33,2513.64,2507.09,2511.96,34971000,0
2018-01-17,07:00:00,2512.32,2515.89,2509.6,2515.43,75087000,0
2018-01-18,02:00:00,2528.09,2532.08,2520.62,2522.18,210067000,0
2018-01-18,03:00:00,2522.53,2525.47,2518.33,2521.02,64308000,0
2018-01-18,04:00:00,2521.35,2524.41,2520.56,2522.37,37799000,0
2018-01-18,05:00:00,2522.2,2525.84,2521.89,2523.72,27673000,0
2018-01-18,06:00:00,2524.67,2525.61,2521.75,2521.75,37463000,0
2018-01-18,07:00:00,2521.46,2524.56,2513.01,2515.81,75925000,0
2018-01-19,02:00:00,2519.67,2524.33,2516.04,2516.92,225537000,0
2018-01-19,03:00:00,2516.2,2521.54,2514.78,2518.34,55635000,0
2018-01-19,04:00:00,2517.94,2518.58,2513.09,2517.16,40437000,0
2018-01-19,05:00:00,2516.38,2519,2515.58,2518.79,29559000,0
2018-01-19,06:00:00,2517.78,2519.43,2516.39,2518.33,38262000,0
2018-01-19,07:00:00,2517.78,2521.42,2517.1,2520.26,76002000,0
2018-01-22,02:00:00,2516.9,2517.12,2496.31,2498.34,368662000,0
2018-01-22,03:00:00,2497.48,2497.8,2491.52,2493.14,49617000,0
2018-01-22,04:00:00,2493.27,2497.12,2491.85,2493.11,36218000,0
2018-01-22,05:00:00,2492.58,2493.32,2488.52,2492.94,27522000,0
2018-01-22,06:00:00,2493.04,2495.52,2491.38,2495.25,32039000,0
2018-01-22,07:00:00,2495.48,2504.21,2494,2502.11,67187000,0
2018-01-23,02:00:00,2510.35,2519.12,2507.96,2519.12,248794000,0
2018-01-23,03:00:00,2518.67,2525.99,2516.41,2525.66,62069000,0
2018-01-23,04:00:00,2525.75,2527.14,2520.72,2522.8,46735000,0
2018-01-23,05:00:00,2522.81,2526.94,2521.7,2526.51,34310000,0
2018-01-23,06:00:00,2526.84,2529.76,2525.87,2529.76,46883000,0
2018-01-23,07:00:00,2528.81,2536.6,2527.02,2536.6,86485000,0
2018-01-24,02:00:00,2533.86,2547.22,2531.31,2536.1,189883000,0
2018-01-24,03:00:00,2536.84,2538.81,2532.95,2534.76,64355000,0
2018-01-24,04:00:00,2533.3,2539.38,2533.3,2537.68,37136000,0
2018-01-24,05:00:00,2537.97,2540.02,2536.08,2538.99,36092000,0
2018-01-24,06:00:00,2538.96,2539.73,2534.99,2536.44,38902000,0
2018-01-24,07:00:00,2535.68,2538.3,2533.94,2538,79879000,0
2018-01-25,02:00:00,2536.96,2551.06,2536.73,2549.32,229922000,0
2018-01-25,03:00:00,2550.04,2560.93,2548.56,2560.93,94202000,0
2018-01-25,04:00:00,2559.43,2560.13,2554.73,2559.2,69757000,0
2018-01-25,05:00:00,2559.15,2561.5,2557.6,2559.44,56970000,0
2018-01-25,06:00:00,2559.52,2561.13,2556.34,2558.49,64738000,0
2018-01-25,07:00:00,2558.74,2563.95,2555.51,2562.23,104368000,0
2018-01-26,02:00:00,2560.69,2565.84,2554.2,2555.14,319726000,0
2018-01-26,03:00:00,2555.44,2563.64,2553.53,2562.68,60761000,0
2018-01-26,04:00:00,2563.21,2564.22,2560.32,2564.22,44879000,0
2018-01-26,05:00:00,2564.34,2567.99,2564.21,2566.76,34224000,0
2018-01-26,06:00:00,2566.88,2567.95,2564.51,2567.18,50240000,0
2018-01-26,07:00:00,2566.98,2574.76,2566.98,2574.76,86911000,0
2018-01-29,02:00:00,2588.87,2602.83,2587.55,2599.82,495219000,0
2018-01-29,03:00:00,2601.11,2604,2599.66,2600.92,127852000,0
2018-01-29,04:00:00,2598.61,2606.41,2598.61,2605.29,50045000,0
2018-01-29,05:00:00,2604.84,2605.6,2598.4,2602.38,39628000,0
2018-01-29,06:00:00,2602.18,2604.24,2596.9,2599.19,45516000,0
2018-01-29,07:00:00,2599.62,2601.9,2592.57,2598.19,83002000,0
2018-01-30,02:00:00,2590.41,2595.56,2588.61,2589.47,341182000,0
2018-01-30,03:00:00,2589.49,2592.08,2588.43,2591.43,56287000,0
2018-01-30,04:00:00,2591.33,2599.09,2591.33,2597.37,43933000,0
2018-01-30,05:00:00,2598.87,2598.87,2580.45,2580.45,36424000,0
2018-01-30,06:00:00,2581.09,2581.09,2567.39,2569.27,57675000,0
2018-01-30,07:00:00,2569.51,2575.13,2567.74,2567.74,80948000,0
2018-01-31,02:00:00,2557.37,2575.4,2553.01,2574.75,380325000,0
2018-01-31,03:00:00,2575.16,2577.28,2566.61,2576.13,79879000,0
2018-01-31,04:00:00,2575.53,2579.4,2571.59,2578.32,38655000,0
2018-01-31,05:00:00,2577.79,2594.82,2577.79,2594.82,35255000,0
2018-01-31,06:00:00,2593.97,2596.74,2588.04,2589.15,35941000,0
2018-01-31,07:00:00,2589.45,2589.45,2566.25,2566.46,96931000,0
2018-02-01,02:00:00,2578.91,2583.74,2567.16,2567.71,430060000,0
2018-02-01,03:00:00,2568.18,2578.79,2567.07,2577.32,89958000,0
2018-02-01,04:00:00,2576.45,2576.45,2564.84,2565.89,65919000,0
2018-02-01,05:00:00,2565.9,2573.38,2565.9,2566.76,42694000,0
2018-02-01,06:00:00,2567.46,2571.37,2566.31,2569.73,62677000,0
2018-02-01,07:00:00,2570.71,2574.94,2568.54,2568.54,99439000,0
2018-02-02,02:00:00,2565.99,2565.99,2543.48,2543.72,269255000,0
2018-02-02,03:00:00,2544.4,2548.49,2527.73,2530.32,72139000,0
2018-02-02,04:00:00,2530.78,2532.18,2527.29,2528.52,53137000,0
2018-02-02,05:00:00,2528.91,2530.1,2525.83,2525.83,42749000,0
2018-02-02,06:00:00,2525.87,2526.83,2519.79,2521.97,73730000,0
2018-02-02,07:00:00,2523.05,2531.98,2521.97,2525.39,89262000,0
2018-02-05,02:00:00,2487.34,2492.22,2476.24,2480.15,550192000,0
2018-02-05,03:00:00,2481.24,2490.62,2480.68,2488.44,65542000,0
2018-02-05,04:00:00,2488.03,2488.03,2481.16,2483.88,47876000,0
2018-02-05,05:00:00,2482.56,2489.3,2482.41,2487.43,37326000,0
2018-02-05,06:00:00,2487.52,2497.12,2486.56,2493.31,40704000,0
2018-02-05,07:00:00,2491.38,2503.99,2490.26,2491.75,90749000,0
2018-02-06,02:00:00,2437.02,2453.07,2417.32,2420.14,686807000,0
2018-02-06,03:00:00,2420.48,2434.59,2412.15,2414.28,96754000,0
2018-02-06,04:00:00,2412.85,2420.35,2409.62,2418.83,63619000,0
2018-02-06,05:00:00,2419.14,2419.73,2409.93,2413.94,42262000,0
2018-02-06,06:00:00,2414.39,2433.7,2413.51,2433.7,60781000,0
2018-02-06,07:00:00,2432.59,2460.06,2430.08,2453.31,113533000,0
2018-02-07,02:00:00,2483.72,2484.18,2455.32,2455.32,455499000,0
2018-02-07,03:00:00,2455.59,2458.87,2450.84,2458.12,67264000,0
2018-02-07,04:00:00,2458.62,2466.26,2441.03,2441.03,43097000,0
2018-02-07,05:00:00,2439.43,2447.73,2435.05,2441.94,33629000,0
2018-02-07,06:00:00,2442.03,2443.08,2428.17,2428.17,51762000,0
2018-02-07,07:00:00,2428.04,2431.9,2396.56,2396.56,117183000,0
2018-02-08,02:00:00,2400.17,2423.41,2397.88,2418.34,290234000,0
2018-02-08,03:00:00,2420.07,2423.35,2398.52,2408.71,69691000,0
2018-02-08,04:00:00,2409.59,2411.48,2393.46,2409.75,38621000,0
2018-02-08,05:00:00,2410.52,2417.23,2401.67,2411.04,29218000,0
2018-02-08,06:00:00,2411.06,2413.85,2406.36,2413.76,34813000,0
2018-02-08,07:00:00,2413.98,2423.33,2407.62,2407.62,80822000,0
2018-02-09,02:00:00,2346.73,2368.94,2346.73,2360.62,336924000,0
2018-02-09,03:00:00,2361.41,2372.48,2359.29,2359.57,67767000,0
2018-02-09,04:00:00,2360.32,2360.32,2351.99,2357.67,53471000,0
2018-02-09,05:00:00,2357.38,2368.67,2356.33,2364.03,41963000,0
2018-02-09,06:00:00,2364.13,2371.56,2363.22,2368.35,56752000,0
2018-02-09,07:00:00,2368.02,2369.98,2356.34,2363.77,135358000,0
2018-02-12,03:00:00,2381.28,2386.16,2380.54,2385.81,312878000,0
2018-02-12,04:00:00,2385.9,2387.24,2379.79,2383.65,63550000,0
2018-02-12,05:00:00,2384.63,2390.11,2383.04,2390.11,34627000,0
2018-02-12,06:00:00,2389.89,2393.03,2388.94,2391.38,37803000,0
2018-02-12,07:00:00,2392.17,2397.9,2385.32,2385.38,80208000,0
2018-02-13,02:00:00,2402.89,2409.74,2395.77,2395.77,264426000,0
2018-02-13,03:00:00,2395.54,2410.48,2388.55,2409.48,66221000,0
2018-02-13,04:00:00,2409.38,2415.58,2407.75,2413.75,34687000,0
2018-02-13,05:00:00,2412.8,2421.06,2412.8,2417.48,23954000,0
2018-02-13,06:00:00,2417.67,2417.67,2400.18,2408.9,60485000,0
2018-02-13,07:00:00,2410.48,2410.91,2395.19,2395.19,128276000,0
2018-02-14,02:00:00,2412.47,2426.37,2409.67,2422.69,201867000,0
2018-02-14,03:00:00,2422.37,2422.72,2412.69,2420.55,55016000,0
2018-02-14,04:00:00,2419.44,2419.44,2409,2409.34,36361000,0
2018-02-14,05:00:00,2408.92,2415.09,2408.58,2411.6,27111000,0
2018-02-14,06:00:00,2410.73,2417.41,2410.05,2417.03,31765000,0
2018-02-14,07:00:00,2416.07,2421.9,2414.77,2421.83,59269000,0
2018-02-19,02:00:00,2452.52,2454.61,2436.57,2439.15,307726000,0
2018-02-19,03:00:00,2438.92,2442.8,2428.28,2440.18,56497000,0
2018-02-19,04:00:00,2439.63,2445.34,2438.03,2443.99,41261000,0
2018-02-19,05:00:00,2444.07,2446.21,2440.38,2444.42,27928000,0
2018-02-19,06:00:00,2444.16,2445.22,2439.5,2443.36,32637000,0
2018-02-19,07:00:00,2443.85,2444.75,2432.21,2442.82,70430000,0
2018-02-20,02:00:00,2433.35,2438.48,2427.45,2432.21,291694000,0
2018-02-20,03:00:00,2432.32,2432.79,2418.91,2419.45,58767000,0
2018-02-20,04:00:00,2418.86,2428.88,2417.63,2428.62,45645000,0
2018-02-20,05:00:00,2428.06,2428.8,2422.36,2424.8,53736000,0
2018-02-20,06:00:00,2423.68,2426.13,2421.22,2422.89,41319000,0
2018-02-20,07:00:00,2422.29,2423.16,2411.36,2415.12,85678000,0
2018-02-21,02:00:00,2417.73,2425.63,2404.02,2422.7,426103000,0
2018-02-21,03:00:00,2423.1,2423.1,2411.59,2417.4,61983000,0
2018-02-21,04:00:00,2416.73,2428.54,2416.19,2427.6,50883000,0
2018-02-21,05:00:00,2427.57,2430.56,2421.1,2422.14,48292000,0
2018-02-21,06:00:00,2421.33,2423.39,2415.98,2421.76,50252000,0
2018-02-21,07:00:00,2422.32,2431.82,2422.32,2429.65,100798000,0
2018-02-22,02:00:00,2417.18,2422,2405.23,2421.27,179859000,0
2018-02-22,03:00:00,2421.75,2422.62,2413.23,2416.45,49697000,0
2018-02-22,04:00:00,2416,2419.68,2415.39,2416.44,34297000,0
2018-02-22,05:00:00,2416.97,2418.68,2415.93,2416.44,33217000,0
2018-02-22,06:00:00,2416.11,2416.45,2412.81,2412.81,53078000,0
2018-02-22,07:00:00,2412.74,2417.46,2411.17,2414.28,70862000,0
2018-02-23,02:00:00,2427.13,2440.63,2427.13,2440.63,142844000,0
2018-02-23,03:00:00,2440.94,2447.37,2440.68,2446.3,41177000,0
2018-02-23,04:00:00,2446.4,2446.4,2438.55,2439.78,32726000,0
2018-02-23,05:00:00,2439.14,2442.7,2438.15,2442.09,43274000,0
2018-02-23,06:00:00,2441.98,2443.41,2438.73,2439.47,35847000,0
2018-02-23,07:00:00,2439.23,2451.52,2435.18,2451.52,86742000,0
2018-02-26,02:00:00,2465.35,2466.08,2454.54,2454.96,346016000,0
2018-02-26,03:00:00,2454.93,2460.07,2451.49,2454.63,49093000,0
2018-02-26,04:00:00,2454.59,2458.06,2453.49,2455.53,35222000,0
2018-02-26,05:00:00,2455.95,2458.23,2452.69,2454.68,25859000,0
2018-02-26,06:00:00,2454.2,2454.82,2451.91,2452.87,34812000,0
2018-02-26,07:00:00,2453.29,2457.65,2447.86,2457.65,67837000,0
2018-02-27,02:00:00,2474.08,2480.79,2464.05,2467.94,206793000,0
2018-02-27,03:00:00,2466.36,2472.16,2466.36,2470.35,39628000,0
2018-02-27,04:00:00,2470.51,2471.95,2466.3,2467.46,30025000,0
2018-02-27,05:00:00,2467.62,2468.93,2463.67,2468.09,22630000,0
2018-02-27,06:00:00,2467.74,2468.08,2464.44,2466.5,31257000,0
2018-02-27,07:00:00,2466.95,2466.95,2456.14,2456.14,55866000,0
2018-02-28,02:00:00,2447.11,2459.73,2441.7,2459.73,193082000,0
2018-02-28,03:00:00,2459.16,2459.72,2444.23,2447.9,64666000,0
2018-02-28,04:00:00,2447.62,2451.32,2446.63,2448.57,36457000,0
2018-02-28,05:00:00,2449.49,2449.64,2431.83,2436.38,33970000,0
2018-02-28,06:00:00,2436.17,2439.26,2433.89,2436.82,34948000,0
2018-02-28,07:00:00,2437.74,2437.74,2426.62,2427.36,89953000,0
2018-03-02,02:00:00,2406.57,2408.2,2390.55,2391.53,294383000,0
2018-03-02,03:00:00,2392.56,2395.13,2388.62,2392.43,46692000,0
2018-03-02,04:00:00,2391.54,2391.85,2387.72,2389.9,38177000,0
2018-03-02,05:00:00,2388.95,2397.2,2388.59,2394.69,29437000,0
2018-03-02,06:00:00,2394.65,2408.68,2394.6,2407.92,33666000,0
2018-03-02,07:00:00,2406.82,2409.8,2401.06,2402.16,81936000,0
2018-03-05,02:00:00,2405.92,2407.98,2389.12,2389.95,276296000,0
2018-03-05,03:00:00,2390.14,2398.9,2386.02,2393.3,53536000,0
2018-03-05,04:00:00,2392.25,2392.25,2383.96,2384.61,32083000,0
2018-03-05,05:00:00,2384.38,2386.72,2379.09,2386.2,31918000,0
2018-03-05,06:00:00,2386.94,2388.06,2375.49,2376.85,35553000,0
2018-03-05,07:00:00,2376.63,2382.45,2374.94,2375.06,67009000,0
2018-03-06,02:00:00,2400.67,2407.36,2392.87,2406.14,461849000,0
2018-03-06,03:00:00,2405.81,2412.84,2405.37,2409.27,60559000,0
2018-03-06,04:00:00,2409.57,2410.09,2399.64,2402.83,37056000,0
2018-03-06,05:00:00,2403.98,2408.75,2402.76,2408.75,33539000,0
2018-03-06,06:00:00,2408.41,2409.6,2405.83,2407.47,48662000,0
2018-03-06,07:00:00,2407.12,2413.01,2405.56,2411.41,77102000,0
2018-03-07,02:00:00,2413.39,2413.98,2395.34,2403.56,296413000,0
2018-03-07,03:00:00,2404.33,2429.3,2404.33,2428.58,52519000,0
2018-03-07,04:00:00,2429.21,2429.29,2422.13,2423.17,37379000,0
2018-03-07,05:00:00,2423.45,2424.28,2410.66,2414.84,36168000,0
2018-03-07,06:00:00,2414.37,2415.3,2407.3,2411.71,52088000,0
2018-03-07,07:00:00,2411.76,2412.26,2400.19,2401.82,89160000,0
2018-03-08,02:00:00,2420.67,2421.03,2408.26,2412.57,410104000,0
2018-03-08,03:00:00,2411.83,2417.86,2410.54,2415.83,55966000,0
2018-03-08,04:00:00,2414.98,2420.82,2413.75,2415.07,48037000,0
2018-03-08,05:00:00,2414.99,2419.36,2414.46,2417.34,36094000,0
2018-03-08,06:00:00,2417.63,2420.19,2412.3,2413.75,46392000,0
2018-03-08,07:00:00,2413.61,2433.08,2407.82,2433.08,95795000,0
2018-03-09,02:00:00,2443.43,2474.64,2436.03,2474.54,250514000,0
2018-03-09,03:00:00,2473.94,2476.4,2467.29,2467.89,73389000,0
2018-03-09,04:00:00,2467.2,2471.51,2462.35,2470.4,59657000,0
2018-03-09,05:00:00,2469.57,2470.52,2466.69,2467.31,38856000,0
2018-03-09,06:00:00,2467.36,2468.09,2453.17,2459.78,50676000,0
2018-03-09,07:00:00,2460.75,2461.34,2449.36,2459.45,80035000,0
2018-03-12,02:00:00,2485.64,2487.27,2474.91,2480.92,395262000,0
2018-03-12,03:00:00,2481.06,2485.61,2480.71,2483.44,64675000,0
2018-03-12,04:00:00,2484.46,2488.62,2481.58,2487.5,41731000,0
2018-03-12,05:00:00,2486.75,2489.36,2484.18,2488.29,39052000,0
2018-03-12,06:00:00,2489.16,2489.16,2481.23,2483.12,41477000,0
2018-03-12,07:00:00,2482.95,2486.6,2478.47,2484.12,82748000,0
2018-03-13,02:00:00,2483.05,2487.58,2478.95,2483.27,344458000,0
2018-03-13,03:00:00,2484.55,2492.11,2482.59,2485.25,55663000,0
2018-03-13,04:00:00,2484.28,2485.16,2481.41,2483.23,38319000,0
2018-03-13,05:00:00,2482.93,2487.87,2481.84,2487.81,25577000,0
2018-03-13,06:00:00,2488.02,2488.71,2485.57,2487.87,35667000,0
2018-03-13,07:00:00,2488.15,2494.49,2485.66,2494.49,73326000,0
2018-03-14,02:00:00,2477.43,2486.34,2475.45,2484.55,145484000,0
2018-03-14,03:00:00,2482.67,2483.49,2475.51,2476.65,75422000,0
2018-03-14,04:00:00,2476.74,2484.19,2476.74,2479.69,52433000,0
2018-03-14,05:00:00,2480.06,2485.22,2478.84,2482.83,33932000,0
2018-03-14,06:00:00,2483.6,2486.26,2481.66,2484.83,37618000,0
2018-03-14,07:00:00,2484.66,2486.69,2479.95,2486.08,76368000,0
2018-03-15,02:00:00,2484.33,2485.96,2471.08,2475.48,113925000,0
2018-03-15,03:00:00,2475.91,2479.46,2471.09,2474.59,61157000,0
2018-03-15,04:00:00,2474.39,2486.79,2474.28,2484.91,34047000,0
2018-03-15,05:00:00,2485.24,2487.45,2482.72,2487.45,23930000,0
2018-03-15,06:00:00,2487.64,2490.93,2485,2490.77,31162000,0
2018-03-15,07:00:00,2490.94,2496.26,2489.33,2492.38,74315000,0
2018-03-16,02:00:00,2495.11,2497.8,2484.88,2484.88,194580000,0
2018-03-16,03:00:00,2484.95,2488.95,2476.88,2484.27,59763000,0
2018-03-16,04:00:00,2484.67,2485.1,2480.29,2481.46,55798000,0
2018-03-16,05:00:00,2480.65,2484.09,2478.97,2480.91,37154000,0
2018-03-16,06:00:00,2480.4,2484.41,2478.83,2483.62,34708000,0
2018-03-16,07:00:00,2483.59,2494.94,2483.59,2493.97,84191000,0
2018-03-19,02:00:00,2491.99,2493.56,2480.84,2481.71,524188000,0
2018-03-19,03:00:00,2481.63,2483.27,2475.1,2482.31,77788000,0
2018-03-19,04:00:00,2482.88,2487.26,2480.3,2485.36,47171000,0
2018-03-19,05:00:00,2485.16,2485.57,2477.9,2479.92,41035000,0
2018-03-19,06:00:00,2479.51,2481.79,2478.43,2479.14,51894000,0
2018-03-19,07:00:00,2478.69,2478.69,2471.02,2475.03,106640000,0
2018-03-20,02:00:00,2456.8,2470.73,2456.8,2467.9,138429000,0
2018-03-20,03:00:00,2467.86,2473.74,2466.86,2470.73,39848000,0
2018-03-20,04:00:00,2470.12,2470.12,2463.42,2463.42,31131000,0
2018-03-20,05:00:00,2464.33,2468.73,2464.33,2467.99,27014000,0
2018-03-20,06:00:00,2467.79,2472.38,2467.79,2470.59,26484000,0
2018-03-20,07:00:00,2470.05,2485.52,2469.58,2485.52,66244000,0
2018-03-21,02:00:00,2488.22,2492.88,2483.78,2488.01,264880000,0
2018-03-21,03:00:00,2488.23,2492.49,2486.24,2487.11,60428000,0
2018-03-21,04:00:00,2487.08,2490.99,2485.64,2489.31,45040000,0
2018-03-21,05:00:00,2489,2491.11,2487.11,2489.64,35743000,0
2018-03-21,06:00:00,2488.86,2489.26,2485.84,2487.8,46037000,0
2018-03-21,07:00:00,2487.53,2488.93,2484.97,2484.97,107409000,0
2018-03-22,02:00:00,2494.84,2505.11,2494.84,2501.35,288400000,0
2018-03-22,03:00:00,2501.34,2508.52,2498.91,2499.81,65289000,0
2018-03-22,04:00:00,2500,2502.16,2495.34,2495.64,59536000,0
2018-03-22,05:00:00,2495.75,2499.09,2494.05,2497.29,45709000,0
2018-03-22,06:00:00,2498.38,2500.31,2496.15,2497.33,55568000,0
2018-03-22,07:00:00,2496.25,2500.6,2485.34,2496.02,118555000,0
2018-03-23,02:00:00,2446.73,2450.4,2440.41,2445.23,311828000,0
2018-03-23,03:00:00,2444.78,2448.02,2435.73,2438.49,71985000,0
2018-03-23,04:00:00,2439.17,2443.69,2437.52,2441.41,42210000,0
2018-03-23,05:00:00,2440.92,2443.88,2438.96,2440.72,34522000,0
2018-03-23,06:00:00,2438.73,2441.23,2434.91,2437.94,44482000,0
2018-03-23,07:00:00,2438.7,2438.7,2412.62,2416.76,120003000,0
2018-03-26,03:00:00,2414.68,2417.41,2399.78,2417.03,415479000,0
2018-03-26,04:00:00,2417.5,2426.6,2412.78,2426.33,40903000,0
2018-03-26,05:00:00,2427.35,2427.35,2417.94,2421.58,27676000,0
2018-03-26,06:00:00,2421.76,2425.97,2417.19,2425.5,25646000,0
2018-03-26,07:00:00,2426.18,2426.96,2422.35,2423.01,31623000,0
2018-03-26,08:00:00,2421.79,2437.08,2421.66,2437.08,65538000,0
2018-03-27,03:00:00,2455,2456.31,2445.43,2445.43,207477000,0
2018-03-27,04:00:00,2445.13,2456.23,2445.13,2451.33,53157000,0
2018-03-27,05:00:00,2451.11,2453.62,2447.34,2449.11,36812000,0
2018-03-27,06:00:00,2448.58,2454.77,2448.47,2452.36,26081000,0
2018-03-27,07:00:00,2452.26,2453.55,2448.58,2449.86,32293000,0
2018-03-27,08:00:00,2449.18,2454.19,2448.67,2452.06,77059000,0
2018-03-28,03:00:00,2425.94,2430.61,2417.13,2419.97,305626000,0
2018-03-28,04:00:00,2420.31,2423.63,2410.72,2420.6,94828000,0
2018-03-28,05:00:00,2420.83,2422.36,2417.33,2420.29,49318000,0
2018-03-28,06:00:00,2420.23,2422.93,2416.23,2417.46,52659000,0
2018-03-28,07:00:00,2416.31,2421.6,2413.47,2414.12,57455000,0
2018-03-28,08:00:00,2414.36,2419.29,2409.47,2419.29,86822000,0
2018-03-29,03:00:00,2421.7,2422.95,2413.83,2417.29,249238000,0
2018-03-29,04:00:00,2417.47,2426.11,2417.09,2418.83,53268000,0
2018-03-29,05:00:00,2418.97,2424.83,2416.91,2424.51,31147000,0
2018-03-29,06:00:00,2424.9,2426.18,2420.94,2425.67,28998000,0
2018-03-29,07:00:00,2425.38,2426.75,2421.3,2422.95,43910000,0
2018-03-29,08:00:00,2421.56,2439.45,2421.06,2436.37,76063000,0
2018-03-30,03:00:00,2454.1,2456.03,2447.67,2452.8,454512000,0
2018-03-30,04:00:00,2452.97,2458.24,2452.48,2453.46,77912000,0
2018-03-30,05:00:00,2453.56,2457.47,2452.6,2454.68,39050000,0
2018-03-30,06:00:00,2455.57,2456.17,2452.67,2453.21,31144000,0
2018-03-30,07:00:00,2454.04,2456.21,2452.92,2454.74,50020000,0
2018-03-30,08:00:00,2454.21,2457.76,2445.85,2445.85,77711000,0
