2.399011049419641495e-03
3.816221375018358231e-03
1.097350381314754486e-03
1.704422198235988617e-02
1.277073472738265991e-01
4.086881875991821289e-03
2.795960986986756325e-03
1.441436237655580044e-03
6.409773603081703186e-03
1.130907703191041946e-02
1.040906086564064026e-02
1.013828534632921219e-02
1.059761270880699158e-02
2.780653908848762512e-02
1.158311441540718079e-01
5.549590568989515305e-03
3.940344788134098053e-03
1.925300061702728271e-02
3.780006244778633118e-02
3.063623793423175812e-02
2.810133062303066254e-02
